137 22 249
249 22 137
22 137 249
212 4 119
119 4 212
4 119 212
15 112 120
112 15 120
120 15 112
273 45 235
235 45 273
45 235 273
236 49 77
77 49 236
49 77 236
164 51 161
161 51 164
51 161 164
263 9 216
9 216 263
216 9 263
75 20 44
20 44 75
44 20 75
145 96 223
223 96 145
96 145 223
226 84 123
123 84 226
84 123 226
16 97 102
97 16 102
102 16 97
118 219 292
292 118 219
219 118 292
125 115 280
280 115 125
115 125 280
11 140 186
140 11 186
186 11 140
218 67 160
160 67 218
67 160 218
135 231 244
231 135 244
244 135 231
107 100 291
100 107 291
291 100 107
7 109 234
109 7 234
234 7 109
190 6 34
34 6 190
6 34 190
298 72 153
153 72 298
72 153 298
157 85 203
85 157 203
203 85 157
199 40 206
206 40 199
40 199 206
188 142 294
142 188 294
294 142 188
227 103 133
133 103 227
103 133 227
296 28 128
128 28 296
28 128 296
217 111 225
225 111 217
111 217 225
281 35 114
35 114 281
114 35 281
224 94 242
242 94 224
94 224 242
285 78 208
78 208 285
208 78 285
191 159 282
282 159 191
159 191 282
33 13 108
13 33 108
108 13 33
270 110 155
155 110 270
110 155 270
257 58 116
58 116 257
116 58 257
220 26 113
113 26 220
26 113 220
55 165 266
165 55 266
266 55 165
258 131 275
275 131 258
131 258 275
255 200 272
272 200 255
200 255 272
189 122 243
122 189 243
243 122 189
261 207 222
222 207 261
207 222 261
151 130 182
182 130 151
130 151 182
288 163 173
163 173 288
173 163 288
245 196 299
299 196 245
196 245 299
148 166 286
166 148 286
286 148 166
117 36 79
79 36 117
36 79 117
154 52 141
141 52 154
52 141 154
162 59 168
59 162 168
168 59 162
271 91 232
232 91 271
91 232 271
297 228 248
248 228 297
228 248 297
8 73 87
87 8 73
73 8 87
290 126 192
126 192 290
192 126 290
81 138 176
176 81 138
138 81 176
193 37 169
37 169 193
169 37 193
260 289 295
295 260 289
289 260 295
48 172 247
247 48 172
172 48 247
215 41 197
41 197 215
197 41 215
62 42 121
121 42 62
42 62 121
82 54 175
175 54 82
54 82 175
12 66 106
66 12 106
106 12 66
129 2 181
2 129 181
181 2 129
230 144 150
150 144 230
144 150 230
239 204 240
240 204 239
204 239 240
53 98 259
98 53 259
259 53 98
70 95 287
287 70 95
95 70 287
237 88 187
88 187 237
187 88 237
18 86 251
251 18 86
86 18 251
61 195 254
254 61 195
195 61 254
74 25 32
25 32 74
32 25 74
139 5 267
267 5 139
5 139 267
210 68 89
89 68 210
68 89 210
101 233 283
233 101 283
283 101 233
278 1 147
1 147 278
147 1 278
256 3 71
3 71 256
71 3 256
213 30 211
211 30 213
30 211 213
178 167 246
167 178 246
246 167 178
194 17 56
17 56 194
56 17 194
104 23 250
250 23 104
23 104 250
105 60 253
60 105 253
253 60 105
39 10 124
124 10 39
10 39 124
132 136 221
136 132 221
221 132 136
156 29 300
29 156 300
300 29 156
146 183 185
185 146 183
183 146 185
293 80 284
284 80 293
80 284 293
152 171 279
171 152 279
279 152 171
180 170 262
262 170 180
170 180 262
57 64 214
214 57 64
64 57 214
277 63 143
63 143 277
143 63 277
27 92 269
92 27 269
269 27 92
127 14 252
14 127 252
252 14 127
50 46 69
46 50 69
69 46 50
134 90 149
149 90 134
90 134 149
264 99 179
179 99 264
99 179 264
209 229 268
268 209 229
229 209 268
198 21 47
21 47 198
47 21 198
158 241 274
241 158 274
274 158 241
24 76 238
76 24 238
238 24 76
205 174 276
174 205 276
276 174 205
202 19 65
65 19 202
19 65 202
93 31 265
31 93 265
265 31 93
177 43 83
43 83 177
83 43 177
38 184 201
184 38 201
201 38 184
