1531 1185 1617
1185 1531 1617
1617 1185 1531
1727 2222 2671
2671 1727 2222
2222 1727 2671
997 1567 1738
1738 997 1567
1567 997 1738
679 1389 2914
1389 679 2914
2914 679 1389
1088 2094 2716
2094 1088 2716
2716 1088 2094
2099 1501 2343
2343 1501 2099
1501 2099 2343
106 728 870
870 106 728
728 106 870
2780 647 2464
647 2464 2780
2464 647 2780
603 1493 2424
2424 603 1493
1493 603 2424
1206 1739 2050
2050 1206 1739
1739 1206 2050
2127 1255 2327
2327 1255 2127
1255 2127 2327
835 1892 2076
2076 835 1892
1892 835 2076
362 352 2188
352 362 2188
2188 352 362
15 63 841
841 15 63
63 15 841
161 342 2444
342 161 2444
2444 161 342
392 937 2815
2815 392 937
937 392 2815
1156 954 1291
954 1156 1291
1291 954 1156
698 582 2614
582 698 2614
2614 582 698
1661 1512 2451
2451 1512 1661
1512 1661 2451
1133 1839 2448
2448 1133 1839
1839 1133 2448
1915 175 250
250 175 1915
175 250 1915
1920 1394 1441
1394 1441 1920
1441 1394 1920
1612 2074 2121
2121 1612 2074
2074 1612 2121
1367 1231 2189
2189 1231 1367
1231 1367 2189
2125 1063 2840
2840 1063 2125
1063 2125 2840
720 1326 1996
1326 720 1996
1996 720 1326
961 351 1075
1075 351 961
351 961 1075
1904 1354 2181
1354 1904 2181
2181 1354 1904
567 343 1288
343 567 1288
1288 343 567
1864 381 1424
1424 381 1864
381 1424 1864
1628 1290 1494
1494 1290 1628
1290 1494 1628
1139 266 737
266 737 1139
737 266 1139
329 568 2564
568 329 2564
2564 329 568
1957 1856 2583
2583 1856 1957
1856 1957 2583
2740 424 1276
424 1276 2740
1276 424 2740
649 198 1906
1906 198 649
198 649 1906
2445 1568 2089
2089 1568 2445
1568 2089 2445
1162 1807 2388
1807 1162 2388
2388 1162 1807
899 966 1686
1686 899 966
966 899 1686
706 1977 2788
2788 706 1977
1977 706 2788
2610 1679 1823
1679 1823 2610
1823 1679 2610
1319 1582 1785
1785 1319 1582
1582 1319 1785
1031 1010 2415
1010 1031 2415
2415 1010 1031
2096 1594 2039
1594 2039 2096
2039 1594 2096
321 497 2281
2281 321 497
497 321 2281
2455 932 1965
932 1965 2455
1965 932 2455
441 662 2838
662 441 2838
2838 441 662
478 166 2227
166 478 2227
2227 166 478
2461 1694 2956
2956 1694 2461
1694 2461 2956
181 1516 2073
2073 181 1516
1516 181 2073
102 60 1452
1452 60 102
60 102 1452
1212 539 1058
1058 539 1212
539 1058 1212
2549 314 588
588 314 2549
314 588 2549
2200 293 2149
293 2149 2200
2149 293 2200
699 677 2611
677 699 2611
2611 677 699
2510 1378 2410
1378 2410 2510
2410 1378 2510
2733 1225 1412
1412 1225 2733
1225 1412 2733
1745 302 1586
302 1586 1745
1586 302 1745
1108 945 1843
945 1108 1843
1843 945 1108
640 929 1571
1571 640 929
929 640 1571
2016 858 1569
858 1569 2016
1569 858 2016
2421 74 1573
74 1573 2421
1573 74 2421
128 179 1339
179 128 1339
1339 128 179
608 92 1570
1570 92 608
92 608 1570
2781 1371 2139
2139 1371 2781
1371 2139 2781
1861 764 2536
2536 764 1861
764 1861 2536
583 894 2146
894 583 2146
2146 583 894
1673 638 2165
638 1673 2165
2165 638 1673
659 561 788
788 561 659
561 659 788
274 1806 2104
1806 274 2104
2104 274 1806
987 31 311
311 31 987
31 311 987
681 693 1794
1794 681 693
693 681 1794
824 2257 2947
2257 824 2947
2947 824 2257
883 1123 2675
1123 883 2675
2675 883 1123
202 173 2344
173 202 2344
2344 173 202
1065 2230 2664
2664 1065 2230
2230 1065 2664
2010 2786 2908
2786 2010 2908
2908 2010 2786
1799 558 1315
1315 558 1799
558 1315 1799
2036 8 1046
1046 8 2036
8 1046 2036
734 11 2068
2068 11 734
11 734 2068
1657 1538 2319
2319 1538 1657
1538 1657 2319
2772 803 2996
803 2772 2996
2996 803 2772
2727 489 2284
489 2284 2727
2284 489 2727
1541 655 1967
655 1541 1967
1967 655 1541
1893 406 1634
406 1634 1893
1634 406 1893
345 449 2927
2927 345 449
449 345 2927
2670 796 2816
796 2670 2816
2816 796 2670
91 669 1239
1239 91 669
669 91 1239
2509 305 1411
1411 305 2509
305 1411 2509
282 973 1447
973 282 1447
1447 282 973
548 367 1360
367 548 1360
1360 367 548
14 98 2271
2271 14 98
98 14 2271
2607 1072 2584
2584 1072 2607
1072 2584 2607
1014 135 1443
135 1014 1443
1443 135 1014
1609 2107 2967
2967 1609 2107
2107 1609 2967
875 336 1759
1759 336 875
336 875 1759
2459 68 1214
1214 68 2459
68 1214 2459
982 333 761
333 761 982
761 333 982
2332 668 1309
668 1309 2332
1309 668 2332
1818 380 2939
380 1818 2939
2939 380 1818
2756 353 1112
1112 353 2756
353 1112 2756
2523 147 990
990 147 2523
147 990 2523
1859 410 2471
2471 410 1859
410 1859 2471
1438 1464 2416
2416 1438 1464
1464 1438 2416
2376 1600 3000
1600 2376 3000
3000 1600 2376
171 191 1955
191 171 1955
1955 171 191
944 1428 2382
2382 944 1428
1428 944 2382
228 2211 2873
2873 228 2211
2211 228 2873
2512 794 2394
2394 794 2512
794 2394 2512
298 606 1097
606 298 1097
1097 298 606
843 621 687
687 621 843
621 687 843
474 408 2315
2315 408 474
408 474 2315
2895 663 2622
663 2622 2895
2622 663 2895
1034 481 900
900 481 1034
481 900 1034
332 2164 2742
2742 332 2164
2164 332 2742
584 1006 1384
1006 584 1384
1384 584 1006
1030 1253 2129
1253 1030 2129
2129 1030 1253
2608 1138 1790
1790 1138 2608
1138 1790 2608
2710 1256 1446
1446 1256 2710
1256 1446 2710
1854 1911 2551
2551 1854 1911
1911 1854 2551
156 1247 1624
1624 156 1247
1247 156 1624
469 1229 1460
1460 469 1229
1229 469 1460
2299 219 914
914 219 2299
219 914 2299
1514 188 799
188 799 1514
799 188 1514
2667 2286 2777
2777 2286 2667
2286 2667 2777
86 906 2472
2472 86 906
906 86 2472
592 169 1472
169 592 1472
1472 169 592
54 2480 2829
2829 54 2480
2480 54 2829
2560 1131 2262
2262 1131 2560
1131 2262 2560
2624 1021 2383
2383 1021 2624
1021 2383 2624
2261 1784 2674
2674 1784 2261
1784 2261 2674
1774 1248 2823
1248 1774 2823
2823 1248 1774
1658 747 2813
747 1658 2813
2813 747 1658
1962 136 2397
136 1962 2397
2397 136 1962
1811 486 1668
486 1668 1811
1668 486 1811
1878 1976 2396
1976 1878 2396
2396 1878 1976
2105 1482 2861
1482 2105 2861
2861 1482 2105
2192 855 999
855 999 2192
999 855 2192
908 840 2063
2063 840 908
840 908 2063
2949 281 1459
281 1459 2949
1459 281 2949
1621 768 2316
768 1621 2316
2316 768 1621
315 2686 2899
2899 315 2686
2686 315 2899
230 2111 2401
2401 230 2111
2111 230 2401
2897 1080 1382
1080 1382 2897
1382 1080 2897
1691 520 2066
520 1691 2066
2066 520 1691
62 107 2684
107 62 2684
2684 62 107
239 2095 2596
2095 239 2596
2596 239 2095
255 1834 2647
2647 255 1834
1834 255 2647
1760 2026 2565
2026 1760 2565
2565 1760 2026
1791 1590 1868
1590 1791 1868
1868 1590 1791
22 48 1805
48 22 1805
1805 22 48
1549 2642 2926
2926 1549 2642
2642 1549 2926
233 140 2912
2912 140 233
140 233 2912
1636 1509 2902
2902 1509 1636
1509 1636 2902
2906 246 1000
246 1000 2906
1000 246 2906
585 1540 1660
1540 585 1660
1660 585 1540
1491 992 2208
2208 992 1491
992 1491 2208
1487 2061 2518
2518 1487 2061
2061 1487 2518
1947 477 1054
477 1054 1947
1054 477 1947
931 375 2799
375 931 2799
2799 375 931
158 500 1987
1987 158 500
500 158 1987
307 953 2525
953 307 2525
2525 307 953
1545 400 1345
1345 400 1545
400 1345 1545
897 898 2255
898 897 2255
2255 897 898
1552 58 1432
1432 58 1552
58 1432 1552
1647 1232 2875
2875 1232 1647
1232 1647 2875
1302 1149 2871
2871 1149 1302
1149 1302 2871
2428 552 1622
1622 552 2428
552 1622 2428
1455 671 2739
2739 671 1455
671 1455 2739
287 1251 1521
1251 287 1521
1521 287 1251
296 465 1280
465 296 1280
1280 296 465
1152 81 689
81 689 1152
689 81 1152
1846 1565 2403
1565 1846 2403
2403 1565 1846
1244 511 1998
1998 511 1244
511 1244 1998
356 2141 2532
2141 356 2532
2532 356 2141
5 2269 2470
2269 5 2470
2470 5 2269
1880 628 2433
2433 628 1880
628 1880 2433
1912 2330 2575
2330 1912 2575
2575 1912 2330
2957 2735 2827
2827 2735 2957
2735 2827 2957
1098 404 943
404 943 1098
943 404 1098
2741 71 882
882 71 2741
71 882 2741
2443 480 1003
480 1003 2443
1003 480 2443
2337 1264 2658
2658 1264 2337
1264 2337 2658
414 279 1298
1298 279 414
279 414 1298
891 860 1869
860 891 1869
1869 860 891
428 1228 2179
1228 428 2179
2179 428 1228
2309 773 2037
2037 773 2309
773 2037 2309
2278 1903 1968
1903 1968 2278
1968 1903 2278
1800 1848 2101
2101 1800 1848
1848 1800 2101
1842 1126 1779
1779 1126 1842
1126 1779 1842
1528 113 731
113 731 1528
731 113 1528
2621 1926 2530
2530 1926 2621
1926 2530 2621
2964 822 1217
1217 822 2964
822 1217 2964
240 2221 2599
2221 240 2599
2599 240 2221
2851 1044 2258
1044 2258 2851
2258 1044 2851
2285 996 1863
996 1863 2285
1863 996 2285
2434 940 2237
940 2237 2434
2237 940 2434
217 705 2135
2135 217 705
705 217 2135
114 2557 2858
2858 114 2557
2557 114 2858
644 1831 2997
1831 644 2997
2997 644 1831
981 122 213
213 122 981
122 213 981
766 1200 2297
2297 766 1200
1200 766 2297
2848 370 895
370 895 2848
895 370 2848
2574 2090 2220
2090 2220 2574
2220 2090 2574
1529 939 1615
1615 939 1529
939 1529 1615
623 43 872
872 43 623
43 623 872
196 1701 2515
2515 196 1701
1701 196 2515
2989 736 1327
1327 736 2989
736 1327 2989
2489 2370 2891
2891 2370 2489
2370 2489 2891
2834 704 1426
704 1426 2834
1426 704 2834
1320 394 1335
394 1320 1335
1335 394 1320
38 967 2737
2737 38 967
967 38 2737
743 1616 1731
1616 743 1731
1731 743 1616
206 6 1961
1961 6 206
6 206 1961
167 49 2219
2219 49 167
49 167 2219
2598 1163 2374
1163 2374 2598
2374 1163 2598
199 237 1361
237 199 1361
1361 199 237
1536 546 2761
546 1536 2761
2761 546 1536
2513 1056 2449
2449 1056 2513
1056 2449 2513
2378 335 1346
335 1346 2378
1346 335 2378
2595 207 1767
1767 207 2595
207 1767 2595
935 1110 2136
1110 935 2136
2136 935 1110
2641 1066 1655
1066 1655 2641
1655 1066 2641
263 880 2331
880 263 2331
2331 263 880
2366 276 1488
1488 276 2366
276 1488 2366
2617 1898 2011
2011 1898 2617
1898 2011 2617
1418 612 2373
2373 612 1418
612 1418 2373
2502 2282 2356
2356 2282 2502
2282 2356 2502
1992 2098 2764
2764 1992 2098
2098 1992 2764
1016 190 833
190 833 1016
833 190 1016
2976 323 2913
323 2913 2976
2913 323 2976
285 2369 2655
2369 285 2655
2655 285 2369
1285 2072 2466
2072 1285 2466
2466 1285 2072
1887 776 2556
2556 776 1887
776 1887 2556
1489 1853 2485
2485 1489 1853
1853 1489 2485
1004 242 454
454 242 1004
242 454 1004
2663 163 636
163 636 2663
636 163 2663
2534 938 1114
938 1114 2534
1114 938 2534
2280 852 2080
852 2080 2280
2080 852 2280
2892 848 1150
848 1150 2892
1150 848 2892
1032 363 963
963 363 1032
363 963 1032
2998 1724 2307
2307 1724 2998
1724 2307 2998
1653 795 2863
2863 795 1653
795 1653 2863
1735 1623 2450
2450 1623 1735
1623 1735 2450
1193 1343 2427
2427 1193 1343
1343 1193 2427
2654 1748 2886
1748 2654 2886
2886 1748 2654
2405 1050 1478
1478 1050 2405
1050 1478 2405
2400 2581 2631
2631 2400 2581
2581 2400 2631
1698 1147 2778
2778 1147 1698
1147 1698 2778
2958 97 2474
97 2474 2958
2474 97 2958
2456 270 2640
2640 270 2456
270 2456 2640
508 560 1685
560 508 1685
1685 508 560
1035 99 498
498 99 1035
99 498 1035
1322 1121 2288
1121 1322 2288
2288 1121 1322
591 915 2689
915 591 2689
2689 591 915
1012 2103 2254
2103 1012 2254
2254 1012 2103
1709 1052 2922
2922 1052 1709
1052 1709 2922
1808 36 1505
1505 36 1808
36 1505 1808
2960 1242 2305
1242 2305 2960
2305 1242 2960
2423 1465 2228
2228 1465 2423
1465 2228 2423
1177 360 666
666 360 1177
360 666 1177
1814 934 1349
1349 934 1814
934 1349 1814
2979 193 1776
193 1776 2979
1776 193 2979
1513 1136 1858
1858 1136 1513
1136 1513 1858
2304 1768 2618
1768 2304 2618
2618 1768 2304
1680 1949 2635
2635 1680 1949
1949 1680 2635
2115 1801 2120
1801 2115 2120
2120 1801 2115
1646 2071 2543
2071 1646 2543
2543 1646 2071
214 46 2842
46 214 2842
2842 46 214
1417 396 2391
396 1417 2391
2391 396 1417
1828 1750 2468
2468 1750 1828
1750 1828 2468
2029 72 1286
1286 72 2029
72 1286 2029
1471 665 805
805 665 1471
665 805 1471
361 455 1142
455 361 1142
1142 361 455
473 959 1877
959 473 1877
1877 473 959
2084 1157 1551
1157 1551 2084
1551 1157 2084
1314 675 2653
675 1314 2653
2653 675 1314
1025 27 1533
1533 27 1025
27 1025 1533
976 1891 1902
1891 976 1902
1902 976 1891
2946 777 2807
777 2807 2946
2807 777 2946
2656 464 2696
2696 464 2656
464 2656 2696
994 67 2757
67 994 2757
2757 67 994
2486 518 823
823 518 2486
518 823 2486
2603 1984 2091
2091 1984 2603
1984 2091 2603
2695 87 2275
2275 87 2695
87 2275 2695
1366 1453 2411
2411 1366 1453
1453 1366 2411
2798 203 509
203 509 2798
509 203 2798
1297 2887 2916
2887 1297 2916
2916 1297 2887
1083 617 1407
617 1083 1407
1407 617 1083
759 1993 2729
1993 759 2729
2729 759 1993
1301 1468 2766
1468 1301 2766
2766 1301 1468
980 762 2700
2700 762 980
762 980 2700
25 721 1274
721 25 1274
1274 25 721
2020 1924 2819
2819 1924 2020
1924 2020 2819
1106 139 2154
2154 139 1106
139 1106 2154
1833 1510 2361
1510 1833 2361
2361 1510 1833
2995 1079 2235
1079 2235 2995
2235 1079 2995
2365 922 2994
922 2365 2994
2994 922 2365
2529 1199 2884
1199 2529 2884
2884 1199 2529
1690 1766 2359
2359 1690 1766
1766 1690 2359
1762 526 2709
526 1762 2709
2709 526 1762
1250 708 1632
708 1250 1632
1632 708 1250
84 2314 2747
2747 84 2314
2314 84 2747
549 859 2805
859 549 2805
2805 549 859
1972 368 388
388 368 1972
368 388 1972
2923 1047 2992
2992 1047 2923
1047 2923 2992
210 923 1693
1693 210 923
923 210 1693
412 130 1134
1134 130 412
130 412 1134
593 1235 1542
1542 593 1235
1235 593 1542
2572 1282 2953
1282 2572 2953
2953 1282 2572
1485 783 1532
783 1485 1532
1532 783 1485
2833 1726 1982
1982 1726 2833
1726 1982 2833
1289 407 2008
407 1289 2008
2008 407 1289
2971 2014 2233
2014 2233 2971
2233 2014 2971
200 131 917
131 200 917
917 131 200
1039 1918 2360
1918 1039 2360
2360 1039 1918
1357 962 2790
962 1357 2790
2790 962 1357
1408 713 2924
713 1408 2924
2924 713 1408
2991 574 2218
2218 574 2991
574 2218 2991
1376 205 379
379 205 1376
205 379 1376
39 1213 2881
1213 39 2881
2881 39 1213
2685 969 1837
969 1837 2685
1837 969 2685
1588 1470 2353
1470 1588 2353
2353 1470 1588
697 20 2488
20 697 2488
2488 20 697
1434 1369 2439
1369 1434 2439
2439 1369 1434
1944 955 2503
2503 955 1944
955 1944 2503
522 587 1771
587 522 1771
1771 522 587
1783 854 1743
1743 854 1783
854 1743 1783
573 90 327
90 327 573
327 90 573
2511 1013 1245
1013 1245 2511
1245 1013 2511
2759 1029 2272
1029 2272 2759
2272 1029 2759
1269 676 1166
1166 676 1269
676 1166 1269
2803 268 415
415 268 2803
268 415 2803
2047 1589 1849
1849 1589 2047
1589 1849 2047
1763 1295 2942
1295 1763 2942
2942 1295 1763
405 724 1334
1334 405 724
724 405 1334
2467 172 2524
172 2467 2524
2524 172 2467
466 194 1991
1991 194 466
194 466 1991
2576 2538 2860
2860 2538 2576
2538 2576 2860
440 178 2905
2905 178 440
178 440 2905
988 504 1143
504 988 1143
1143 504 988
2408 399 701
701 399 2408
399 701 2408
742 1375 1591
1591 742 1375
1375 742 1591
1458 886 2520
886 1458 2520
2520 886 1458
2491 467 1308
467 1308 2491
1308 467 2491
1456 926 2629
926 1456 2629
2629 926 1456
2118 958 2900
2900 958 2118
958 2118 2900
1390 952 2042
952 1390 2042
2042 952 1390
2962 1113 1171
1171 1113 2962
1113 1171 2962
1037 4 1204
4 1037 1204
1204 4 1037
2889 507 2703
2703 507 2889
507 2703 2889
2625 1730 1913
1730 1913 2625
1913 1730 2625
787 1210 2750
1210 787 2750
2750 787 1210
543 1855 2961
2961 543 1855
1855 543 2961
2909 1353 1373
1353 1373 2909
1373 1353 2909
439 387 814
387 439 814
814 387 439
155 435 2417
435 155 2417
2417 155 435
73 2059 2718
2059 73 2718
2718 73 2059
2215 956 1705
1705 956 2215
956 1705 2215
686 162 294
294 162 686
162 294 686
1068 369 1219
1219 369 1068
369 1068 1219
2943 1889 2142
2142 1889 2943
1889 2142 2943
2033 913 2648
2648 913 2033
913 2033 2648
2701 1002 1523
1002 1523 2701
1523 1002 2701
2245 1507 2628
1507 2245 2628
2628 1507 2245
1146 159 297
297 159 1146
159 297 1146
1448 670 2566
670 1448 2566
2566 670 1448
223 1633 2783
2783 223 1633
1633 223 2783
2636 831 1477
831 1477 2636
1477 831 2636
517 2060 2240
2240 517 2060
2060 517 2240
2086 1077 2728
2728 1077 2086
1077 2086 2728
2158 2425 2666
2425 2158 2666
2666 2158 2425
337 3 2212
2212 3 337
3 337 2212
265 919 2811
2811 265 919
919 265 2811
533 29 1596
1596 29 533
29 533 1596
2885 1293 2032
2032 1293 2885
1293 2032 2885
1311 905 2882
2882 905 1311
905 1311 2882
2673 846 2209
846 2209 2673
2209 846 2673
842 1700 2234
2234 842 1700
1700 842 2234
971 185 2817
2817 185 971
185 971 2817
792 1234 2015
1234 792 2015
2015 792 1234
993 82 2796
82 993 2796
2796 82 993
1053 1189 1520
1520 1053 1189
1189 1053 1520
513 1610 1922
1610 513 1922
1922 513 1610
1773 523 2755
2755 523 1773
523 1773 2755
565 451 1129
451 565 1129
1129 451 565
42 2185 2463
2185 42 2463
2463 42 2185
816 1436 2890
2890 816 1436
1436 816 2890
2148 1203 2005
2005 1203 2148
1203 2005 2148
2025 853 1238
853 1238 2025
1238 853 2025
1279 2236 2789
2789 1279 2236
2236 1279 2789
2738 232 2687
232 2687 2738
2687 232 2738
119 401 1027
1027 119 401
401 119 1027
499 21 1580
21 499 1580
1580 21 499
2021 420 1830
420 1830 2021
1830 420 2021
1405 1599 1652
1599 1405 1652
1652 1405 1599
291 600 2878
600 291 2878
2878 291 600
1598 349 1675
349 1598 1675
1675 349 1598
1670 709 2453
2453 709 1670
709 1670 2453
1116 2056 2921
2056 1116 2921
2921 1116 2056
229 1789 2420
2420 229 1789
1789 229 2420
1757 627 2429
627 1757 2429
2429 627 1757
2210 365 2048
2048 365 2210
365 2048 2210
1107 590 1908
1908 590 1107
590 1107 1908
2559 195 1085
195 1085 2559
1085 195 2559
2993 2217 2806
2217 2806 2993
2806 2217 2993
13 1241 2501
2501 13 1241
1241 13 2501
2100 93 2195
2195 93 2100
93 2100 2195
1023 1296 2688
2688 1023 1296
1296 1023 2688
2822 1871 1925
1871 1925 2822
1925 1871 2822
2959 1356 2836
1356 2836 2959
2836 1356 2959
2528 1197 2932
1197 2528 2932
2932 1197 2528
619 1563 1971
1563 619 1971
1971 619 1563
725 1 1829
1 725 1829
1829 1 725
2277 1119 1620
1119 1620 2277
1620 1119 2277
2724 1169 2638
2638 1169 2724
1169 2638 2724
2562 50 2864
50 2562 2864
2864 50 2562
1845 1579 2929
2929 1579 1845
1579 1845 2929
442 2043 2163
2163 442 2043
2043 442 2163
1427 1564 2662
1564 1427 2662
2662 1427 1564
2855 1980 2917
1980 2855 2917
2917 1980 2855
2324 727 2839
727 2324 2839
2839 727 2324
2699 775 1696
775 1696 2699
1696 775 2699
1061 252 2845
252 1061 2845
2845 252 1061
2213 1684 1857
1684 1857 2213
1857 1684 2213
658 1444 2841
1444 658 2841
2841 658 1444
2422 1945 2447
1945 2422 2447
2447 1945 2422
1605 1826 2539
2539 1605 1826
1826 1605 2539
757 2517 2682
2682 757 2517
2517 757 2682
1882 1862 2067
1862 1882 2067
2067 1862 1882
341 1506 1695
1695 341 1506
1506 341 1695
2062 300 2102
300 2062 2102
2102 300 2062
1294 599 1503
599 1294 1503
1503 599 1294
2680 1809 2267
1809 2267 2680
2267 1809 2680
2097 631 1316
1316 631 2097
631 1316 2097
2665 1122 1572
1122 1572 2665
1572 1122 2665
2744 780 1584
1584 780 2744
780 1584 2744
145 1414 2431
1414 145 2431
2431 145 1414
1262 238 1127
238 1127 1262
1127 238 1262
2193 118 2982
118 2193 2982
2982 118 2193
1577 712 2585
712 1577 2585
2585 712 1577
1449 832 1194
1194 832 1449
832 1194 1449
1970 37 1305
1305 37 1970
37 1305 1970
2198 978 1017
1017 978 2198
978 1017 2198
949 286 1188
1188 286 949
286 949 1188
1884 1057 2355
2355 1057 1884
1057 1884 2355
581 609 1318
609 581 1318
1318 581 609
2201 1995 2868
2868 1995 2201
1995 2201 2868
2478 2151 2547
2151 2478 2547
2547 2151 2478
1711 1222 2452
1222 1711 2452
2452 1222 1711
878 192 1728
192 878 1728
1728 192 878
1555 18 2758
2758 18 1555
18 1555 2758
1445 1277 2381
1277 1445 2381
2381 1277 1445
1191 1351 2392
1351 1191 2392
2392 1191 1351
47 864 2837
864 47 2837
2837 47 864
2202 570 912
570 912 2202
912 570 2202
1819 1798 2650
2650 1798 1819
1798 1819 2650
2609 23 331
23 331 2609
331 23 2609
2830 150 2782
150 2782 2830
2782 150 2830
1939 470 596
470 596 1939
596 470 1939
1603 809 1648
1648 809 1603
809 1603 1648
1323 83 629
83 629 1323
629 83 1323
2265 260 960
960 260 2265
260 960 2265
1952 1062 1974
1062 1952 1974
1974 1062 1952
2814 174 1559
1559 174 2814
174 1559 2814
2387 320 432
432 320 2387
320 432 2387
1220 460 556
460 556 1220
556 460 1220
1015 828 2263
2263 828 1015
828 1015 2263
457 610 2588
610 457 2588
2588 457 610
2911 1495 1592
1495 1592 2911
1592 1495 2911
2931 1613 2340
1613 2340 2931
2340 1613 2931
2901 2009 2497
2009 2497 2901
2497 2009 2901
483 1890 2516
1890 483 2516
2516 483 1890
1938 534 2937
2937 534 1938
534 1938 2937
1802 1475 2954
2954 1475 1802
1475 1802 2954
393 1777 2092
1777 393 2092
2092 393 1777
2473 1011 1526
1526 1011 2473
1011 1526 2473
2535 1667 2204
1667 2204 2535
2204 1667 2535
1671 1583 1720
1720 1583 1671
1583 1671 1720
116 771 2264
771 116 2264
2264 116 771
2362 605 1941
1941 605 2362
605 1941 2362
2462 1740 2487
2487 1740 2462
1740 2462 2487
2770 430 1999
1999 430 2770
430 1999 2770
1258 735 1018
1018 735 1258
735 1018 1258
651 634 1931
634 651 1931
1931 634 651
2477 290 2438
290 2438 2477
2438 290 2477
57 542 1796
1796 57 542
542 57 1796
512 1073 2968
2968 512 1073
1073 512 2968
1973 485 2941
485 1973 2941
2941 485 1973
863 601 1273
601 863 1273
1273 601 863
258 1070 2229
1070 258 2229
2229 258 1070
2153 264 2870
2870 264 2153
264 2153 2870
2824 9 1682
1682 9 2824
9 1682 2824
1643 66 253
253 66 1643
66 253 1643
2046 902 1392
1392 902 2046
902 1392 2046
1024 288 1669
1669 288 1024
288 1024 1669
1985 1178 1313
1178 1313 1985
1313 1178 1985
1561 468 2404
468 1561 2404
2404 468 1561
1958 51 2023
51 1958 2023
2023 51 1958
221 121 292
292 121 221
121 221 292
2349 667 2308
2308 667 2349
667 2308 2349
127 589 1267
1267 127 589
589 127 1267
1637 1330 2113
1330 1637 2113
2113 1330 1637
536 322 1479
322 536 1479
1479 322 536
672 1560 2159
2159 672 1560
1560 672 2159
1140 2321 2580
2580 1140 2321
2321 1140 2580
2550 1524 2626
1524 2550 2626
2626 1524 2550
1224 216 1317
1317 216 1224
216 1224 1317
2940 1410 2476
1410 2476 2940
2476 1410 2940
2145 328 1716
1716 328 2145
328 1716 2145
447 562 2558
562 447 2558
2558 447 562
502 577 1747
577 502 1747
1747 502 577
630 1687 1737
1737 630 1687
1687 630 1737
1186 456 2239
456 1186 2239
2239 456 1186
236 395 1548
395 236 1548
1548 236 395
2874 845 1504
845 1504 2874
1504 845 2874
2313 2040 2852
2852 2040 2313
2040 2313 2852
1508 1483 2152
1483 1508 2152
2152 1483 1508
310 2390 2693
2693 310 2390
2390 310 2693
1940 2385 2499
2499 1940 2385
2385 1940 2499
2134 316 1546
1546 316 2134
316 1546 2134
1337 695 2669
2669 695 1337
695 1337 2669
760 384 2717
384 760 2717
2717 384 760
2526 2475 2500
2475 2500 2526
2500 2475 2526
1664 1196 2698
2698 1196 1664
1196 1664 2698
2552 1463 1879
1463 1879 2552
1879 1463 2552
998 2224 2970
2970 998 2224
2224 998 2970
2157 580 763
580 763 2157
763 580 2157
732 1923 2246
1923 732 2246
2246 732 1923
2409 2795 2825
2825 2409 2795
2795 2409 2825
2093 2053 2521
2521 2053 2093
2053 2093 2521
801 530 2593
2593 530 801
530 801 2593
995 1386 1651
1386 995 1651
1651 995 1386
2065 52 1151
1151 52 2065
52 1151 2065
1064 2442 2904
2904 1064 2442
2442 1064 2904
1467 1261 2196
2196 1261 1467
1261 1467 2196
2395 10 2357
10 2357 2395
2357 10 2395
1160 615 1387
615 1160 1387
1387 615 1160
2612 925 1406
925 1406 2612
1406 925 2612
974 1144 2342
1144 974 2342
2342 974 1144
1847 740 778
740 778 1847
778 740 1847
1742 2144 2519
2144 1742 2519
2519 1742 2144
1092 115 1635
1635 115 1092
115 1092 1635
2173 557 2274
2274 557 2173
557 2173 2274
1090 521 2083
521 1090 2083
2083 521 1090
85 789 830
830 85 789
789 85 830
2844 2122 2602
2602 2122 2844
2122 2602 2844
2174 1713 2295
1713 2174 2295
2295 1713 2174
2252 1969 2079
1969 2079 2252
2079 1969 2252
318 941 2531
941 318 2531
2531 318 941
2748 1168 1815
1815 1168 2748
1168 1815 2748
359 1329 1813
1329 359 1813
1813 359 1329
889 372 2613
372 889 2613
2613 372 889
2570 1099 2027
1099 2027 2570
2027 1099 2570
1164 1208 2776
1208 1164 2776
2776 1164 1208
426 903 1997
1997 426 903
903 426 1997
2457 2045 2569
2569 2045 2457
2045 2457 2569
2003 524 2345
524 2003 2345
2345 524 2003
1860 839 1268
1268 839 1860
839 1268 1860
553 160 1094
1094 160 553
160 553 1094
2818 571 2350
2350 571 2818
571 2350 2818
1927 1500 1886
1500 1886 1927
1886 1500 1927
2676 1543 2049
1543 2049 2676
2049 1543 2676
433 1078 2850
1078 433 2850
2850 433 1078
1881 690 871
690 871 1881
871 690 1881
496 1611 1841
1611 496 1841
1841 496 1611
1181 378 1055
1055 378 1181
378 1055 1181
2561 707 1754
1754 707 2561
707 1754 2561
2637 1089 1981
1089 1981 2637
1981 1089 2637
2715 661 1145
1145 661 2715
661 1145 2715
1606 1265 1674
1674 1265 1606
1265 1606 1674
861 2244 2358
2244 861 2358
2358 861 2244
726 301 1275
301 726 1275
1275 301 726
2867 1341 1539
1539 1341 2867
1341 1539 2867
273 1416 1850
1850 273 1416
1416 273 1850
1937 1717 2704
2704 1717 1937
1717 1937 2704
1221 2831 2988
2988 1221 2831
2831 1221 2988
2441 983 2985
983 2441 2985
2985 983 2441
2055 303 1007
303 1007 2055
1007 303 2055
88 537 2484
2484 88 537
537 88 2484
2975 187 1557
1557 187 2975
187 1557 2975
2279 1901 2085
1901 2085 2279
2085 1901 2279
928 371 2866
2866 371 928
371 928 2866
547 784 1179
1179 547 784
784 547 1179
1397 2310 2800
2310 1397 2800
2800 1397 2310
1838 730 1832
1832 730 1838
730 1832 1838
624 1672 2706
1672 624 2706
2706 624 1672
2920 752 1578
752 1578 2920
1578 752 2920
126 884 1020
1020 126 884
884 126 1020
2999 1257 1429
1429 1257 2999
1257 1429 2999
541 694 2586
2586 541 694
694 541 2586
1102 572 2028
572 1102 2028
2028 572 1102
528 632 2325
632 528 2325
2325 528 632
594 1676 2070
1676 594 2070
2070 594 1676
2644 34 1380
1380 34 2644
34 1380 2644
1535 267 2856
267 1535 2856
2856 267 1535
2808 1019 2506
1019 2506 2808
2506 1019 2808
416 576 746
746 416 576
576 416 746
2161 1650 2253
2253 1650 2161
1650 2161 2253
472 970 2712
970 472 2712
2712 472 970
2377 1278 2440
1278 2377 2440
2440 1278 2377
680 257 2013
2013 257 680
257 680 2013
819 769 1450
1450 769 819
769 819 1450
575 443 1466
1466 443 575
443 575 1466
45 1190 1484
1484 45 1190
1190 45 1484
2155 94 2903
94 2155 2903
2903 94 2155
1215 514 2303
2303 514 1215
514 1215 2303
620 719 865
719 620 865
865 620 719
885 429 2660
429 885 2660
2660 429 885
259 110 1678
110 259 1678
1678 110 259
325 251 1874
1874 251 325
251 325 1874
957 1749 2661
1749 957 2661
2661 957 1749
811 2632 2802
2802 811 2632
2632 811 2802
1921 1100 1688
1688 1100 1921
1100 1688 1921
189 125 1712
1712 125 189
125 189 1712
403 1060 2017
1060 403 2017
2017 403 1060
35 1704 1990
1990 35 1704
1704 35 1990
2077 142 1822
1822 142 2077
142 1822 2077
1226 866 1028
1028 866 1226
866 1028 1226
2893 1960 2147
1960 2147 2893
2147 1960 2893
1462 751 810
751 810 1462
810 751 1462
2182 550 1775
550 1775 2182
1775 550 2182
2810 1566 1631
1631 1566 2810
1566 1631 2810
295 1069 2338
2338 295 1069
1069 295 2338
1266 818 2130
2130 818 1266
818 1266 2130
2336 745 2978
2978 745 2336
745 2336 2978
901 304 1662
304 901 1662
1662 304 901
1310 1001 2797
1001 1310 2797
2797 1001 1310
2646 1312 1885
1885 1312 2646
1312 1885 2646
2762 17 1415
17 1415 2762
1415 17 2762
2533 598 888
888 598 2533
598 888 2533
965 1355 1401
1355 965 1401
1401 965 1355
2787 101 1933
101 1933 2787
1933 101 2787
2990 1645 1932
1932 1645 2990
1645 1932 2990
358 642 1781
642 358 1781
1781 358 642
2820 1639 2721
1639 2721 2820
2721 1639 2820
2571 2494 2775
2494 2571 2775
2775 2494 2571
2172 1816 2944
2944 1816 2172
1816 2172 2944
96 829 1396
829 96 1396
1396 96 829
1036 927 1340
927 1036 1340
1340 927 1036
1803 244 1165
244 1165 1803
1165 244 1803
633 1263 2765
1263 633 2765
2765 633 1263
100 243 2951
243 100 2951
2951 100 243
532 2069 2126
2126 532 2069
2069 532 2126
1358 723 1640
723 1358 1640
1640 723 1358
1306 890 1457
890 1306 1457
1457 890 1306
2694 1125 1304
1304 1125 2694
1125 1304 2694
653 977 2481
2481 653 977
977 653 2481
1907 1211 2809
2809 1211 1907
1211 1907 2809
1836 1174 2977
1174 1836 2977
2977 1174 1836
338 1642 1870
1642 338 1870
1870 338 1642
1124 770 1895
1895 770 1124
770 1124 1895
1710 834 1876
1876 834 1710
834 1710 1876
55 1899 2601
1899 55 2601
2601 55 1899
1875 579 2763
2763 579 1875
579 1875 2763
389 40 815
815 40 389
40 389 815
2745 284 525
284 525 2745
525 284 2745
1787 120 1049
120 1049 1787
1049 120 1787
702 813 2177
813 702 2177
2177 702 813
2963 382 1867
1867 382 2963
382 1867 2963
2568 797 1978
1978 797 2568
797 1978 2568
1175 1817 2541
2541 1175 1817
1817 1175 2541
1135 979 2384
2384 979 1135
979 1135 2384
1109 703 1091
1091 703 1109
703 1091 1109
2507 1381 1440
1440 1381 2507
1381 1440 2507
1043 1300 2589
2589 1043 1300
1300 1043 2589
376 684 1307
684 376 1307
1307 376 684
1499 1736 2333
1736 1499 2333
2333 1499 1736
475 1758 2371
2371 475 1758
1758 475 2371
262 339 2175
339 262 2175
2175 262 339
1979 340 1917
1917 340 1979
340 1917 1979
95 674 2587
2587 95 674
674 95 2587
146 434 493
493 146 434
434 146 493
2594 354 2591
354 2591 2594
2591 354 2594
1619 1395 1812
1395 1619 1812
1812 1395 1619
1607 1118 1707
1707 1118 1607
1118 1607 1707
2320 2138 2734
2138 2320 2734
2734 2138 2320
2116 2605 2828
2828 2116 2605
2605 2116 2828
544 984 1230
1230 544 984
984 544 1230
1071 1574 1761
1761 1071 1574
1574 1071 1761
613 1117 2925
2925 613 1117
1117 613 2925
2495 1216 2804
2804 1216 2495
1216 2495 2804
1715 103 2619
2619 103 1715
103 1715 2619
476 904 2801
904 476 2801
2801 476 904
317 741 1519
741 317 1519
1519 317 741
2713 800 2630
800 2630 2713
2630 800 2713
1409 1527 2024
2024 1409 1527
1527 1409 2024
1780 149 729
149 729 1780
729 149 1780
1067 1364 2458
1364 1067 2458
2458 1067 1364
2031 569 2160
569 2031 2160
2160 569 2031
79 1547 2548
1547 79 2548
2548 79 1547
1593 1271 1492
1271 1492 1593
1492 1271 1593
2051 1325 1383
1383 1325 2051
1325 1383 2051
1525 1347 2880
2880 1347 1525
1347 1525 2880
1026 357 2287
2287 357 1026
357 1026 2287
64 748 2553
2553 64 748
748 64 2553
1332 346 804
346 804 1332
804 346 1332
1706 1154 1825
1825 1154 1706
1154 1706 1825
2302 1413 2683
1413 2302 2683
2683 1413 2302
2296 812 820
812 820 2296
820 812 2296
2743 1331 1909
1909 1331 2743
1331 1909 2743
2690 152 2430
152 2430 2690
2430 152 2690
2620 277 765
277 765 2620
765 277 2620
1558 682 1243
1243 682 1558
682 1243 1558
2156 503 2199
2199 503 2156
503 2156 2199
2537 774 1708
1708 774 2537
774 1708 2537
391 487 2413
487 391 2413
2413 391 487
385 1725 2697
1725 385 2697
2697 385 1725
2865 176 1719
176 1719 2865
1719 176 2865
1581 802 2364
2364 802 1581
802 1581 2364
482 1040 2341
2341 482 1040
1040 482 2341
2498 1544 2980
2980 1544 2498
1544 2498 2980
2150 283 491
283 491 2150
491 283 2150
754 409 1914
1914 409 754
409 754 1914
555 2483 2767
2767 555 2483
2483 555 2767
26 1042 2088
2088 26 1042
1042 26 2088
2372 1746 2879
1746 2372 2879
2879 1746 2372
2681 595 893
893 595 2681
595 893 2681
781 837 877
877 781 837
837 781 877
1101 2128 2774
2774 1101 2128
2128 1101 2774
2446 143 1910
1910 143 2446
143 1910 2446
1989 1435 1733
1733 1435 1989
1435 1733 1989
2169 1370 2645
2645 1370 2169
1370 2169 2645
505 390 1810
1810 390 505
390 505 1810
2573 182 1900
1900 182 2573
182 1900 2573
2854 1033 2022
1033 2022 2854
2022 1033 2854
249 280 942
280 249 942
942 249 280
2973 1469 2312
2312 1469 2973
1469 2312 2973
1575 1866 2007
2007 1575 1866
1866 1575 2007
1246 32 1741
32 1246 1741
1741 32 1246
2300 991 1530
1530 991 2300
991 1530 2300
59 105 2018
2018 59 105
105 59 2018
208 2784 2876
2876 208 2784
2784 208 2876
2124 924 1554
1554 924 2124
924 1554 2124
104 975 1755
1755 104 975
975 104 1755
1756 506 1281
506 1281 1756
1281 506 1756
186 419 733
419 186 733
733 186 419
2872 688 738
688 738 2872
738 688 2872
2754 76 1259
1259 76 2754
76 1259 2754
710 151 551
151 551 710
551 151 710
664 791 2266
2266 664 791
791 664 2266
2493 749 1697
1697 749 2493
749 1697 2493
1769 2294 2367
2294 1769 2367
2367 1769 2294
753 24 1362
1362 24 753
24 753 1362
907 1425 1681
1425 907 1681
1681 907 1425
2180 65 1865
65 1865 2180
1865 65 2180
2001 2109 2972
2109 2001 2972
2972 2001 2109
1237 1045 2936
2936 1045 1237
1045 1237 2936
2168 2058 2918
2058 2168 2918
2918 2058 2168
597 177 678
678 177 597
177 597 678
910 436 2203
2203 436 910
436 910 2203
108 618 2075
618 108 2075
2075 108 618
2832 807 1192
807 1192 2832
1192 807 2832
2934 226 2919
2919 226 2934
226 2919 2934
2171 330 2162
330 2162 2171
2162 330 2171
1587 459 1953
1953 459 1587
459 1587 1953
2143 1827 2241
1827 2143 2241
2241 1827 2143
1227 141 2567
2567 141 1227
141 1227 2567
2041 1930 2368
2368 1930 2041
1930 2041 2368
1342 289 836
836 289 1342
289 836 1342
495 2482 2794
2794 495 2482
2482 495 2794
1048 2301 2722
2301 1048 2722
2722 1048 2301
1956 616 767
616 767 1956
767 616 1956
2186 1377 1820
1377 1820 2186
1820 1377 2186
89 109 417
109 89 417
417 89 109
1751 1270 1975
1270 1751 1975
1975 1270 1751
2888 626 2679
2679 626 2888
626 2679 2888
950 1534 2216
1534 950 2216
2216 950 1534
2131 2375 2869
2869 2131 2375
2375 2131 2869
2760 2250 2705
2705 2250 2760
2250 2705 2760
2546 1764 2052
2052 1764 2546
1764 2052 2546
1059 350 1195
1195 350 1059
350 1059 1195
918 129 1379
129 918 1379
1379 129 918
646 33 494
494 33 646
33 494 646
1391 2292 2702
2292 1391 2702
2702 1391 2292
2711 527 1400
1400 527 2711
527 1400 2711
1202 70 2386
2386 70 1202
70 1202 2386
1951 1476 1840
1476 1840 1951
1840 1476 1951
2231 692 947
692 947 2231
947 692 2231
1734 2402 2505
2505 1734 2402
2402 1734 2505
2496 418 2987
2987 418 2496
418 2496 2987
306 1223 1963
1223 306 1963
1963 306 1223
874 564 2108
2108 564 874
564 874 2108
2465 2132 2166
2166 2132 2465
2132 2166 2465
1721 241 2346
241 1721 2346
2346 241 1721
2035 2672 2785
2672 2035 2785
2785 2035 2672
2393 422 2634
2634 422 2393
422 2393 2634
1804 933 1433
933 1433 1804
1433 933 1804
1795 123 782
782 123 1795
123 782 1795
1299 501 2112
2112 501 1299
501 1299 2112
2768 254 2176
254 2176 2768
2176 254 2768
2398 930 2347
2347 930 2398
930 2347 2398
657 2719 2930
2719 657 2930
2930 657 2719
2318 750 2773
750 2318 2773
2773 750 2318
2225 61 755
61 755 2225
755 61 2225
635 1515 2508
2508 635 1515
1515 635 2508
821 453 510
453 510 821
510 453 821
324 164 578
578 164 324
164 324 578
2555 2190 2915
2190 2555 2915
2915 2190 2555
1677 222 1451
222 1451 1677
1451 222 1677
785 531 1699
531 785 1699
1699 531 785
132 411 1626
411 132 1626
1626 132 411
2273 1303 1966
1966 1303 2273
1303 1966 2273
2207 2030 2249
2030 2207 2249
2249 2030 2207
2731 1954 2226
2226 1954 2731
1954 2226 2731
2597 868 2707
2707 868 2597
868 2597 2707
1105 827 844
844 827 1105
827 844 1105
2117 492 2412
2412 492 2117
492 2117 2412
700 1128 1844
1128 700 1844
1844 700 1128
1120 2469 2600
2469 1120 2600
2600 1120 2469
16 144 1173
1173 16 144
144 16 1173
2064 450 1522
450 1522 2064
1522 450 2064
2293 887 1597
887 1597 2293
1597 887 2293
946 873 1702
873 946 1702
1702 873 946
2380 1084 2726
1084 2380 2726
2726 1084 2380
1821 444 2248
2248 444 1821
444 1821 2248
643 1537 1625
1537 643 1625
1625 643 1537
1402 157 204
204 157 1402
157 204 1402
201 153 2437
153 201 2437
2437 153 201
806 1184 2981
1184 806 2981
2981 806 1184
673 256 2578
256 673 2578
2578 256 673
2896 563 921
563 921 2896
921 563 2896
1328 224 1835
224 1328 1835
1835 224 1328
2214 1141 1604
1604 1141 2214
1141 1604 2214
2659 1087 2592
2592 1087 2659
1087 2592 2659
2328 1338 1585
1585 1338 2328
1338 1585 2328
69 772 1629
1629 69 772
772 69 1629
739 137 2933
137 739 2933
2933 137 739
2986 625 1703
625 1703 2986
1703 625 2986
218 2000 2435
2435 218 2000
2000 218 2435
869 326 2334
326 869 2334
2334 326 869
586 1240 1473
1473 586 1240
1240 586 1473
117 1260 2054
1260 117 2054
2054 117 1260
847 231 374
231 374 847
374 231 847
2012 1873 2974
2974 1873 2012
1873 2012 2974
1153 654 1928
1928 654 1153
654 1153 1928
1983 838 1765
1765 838 1983
838 1765 1983
948 968 1888
968 948 1888
1888 948 968
462 1437 1608
1437 462 1608
1608 462 1437
696 1644 2247
2247 696 1644
1644 696 2247
1172 1182 2883
2883 1172 1182
1182 1172 2883
1576 165 402
402 165 1576
165 402 1576
2527 1051 2197
2197 1051 2527
1051 2197 2527
879 1249 2950
1249 879 2950
2950 879 1249
2419 245 1041
245 1041 2419
1041 245 2419
1352 850 2205
850 1352 2205
2205 850 1352
2348 515 1218
515 1218 2348
1218 515 2348
2183 312 1752
312 1752 2183
1752 312 2183
1081 112 2389
2389 112 1081
112 1081 2389
1792 19 1095
19 1095 1792
1095 19 1792
1786 1161 2184
1161 1786 2184
2184 1161 1786
1788 516 2289
516 1788 2289
2289 516 1788
1454 2649 2708
2708 1454 2649
2649 1454 2708
398 535 2582
2582 398 535
535 398 2582
2322 614 2106
2106 614 2322
614 2106 2322
271 1283 1666
1283 271 1666
1666 271 1283
154 77 347
347 77 154
77 154 347
2110 1497 2657
1497 2110 2657
2657 1497 2110
319 566 1905
566 319 1905
1905 319 566
2792 148 1946
1946 148 2792
148 1946 2792
2082 421 1324
1324 421 2082
421 1324 2082
2232 857 1421
1421 857 2232
857 1421 2232
911 909 1517
1517 909 911
909 911 1517
2418 344 786
344 786 2418
786 344 2418
2898 2311 2545
2545 2311 2898
2311 2545 2898
744 2123 2291
2291 744 2123
2123 744 2291
1344 1994 2167
2167 1344 1994
1994 1344 2167
650 2379 2859
2379 650 2859
2859 650 2379
2692 1722 1729
1729 1722 2692
1722 1729 2692
7 637 1167
637 7 1167
1167 7 637
2752 1638 2627
2627 1638 2752
1638 2627 2752
2259 1254 2137
2137 1254 2259
1254 2137 2259
920 607 1641
1641 607 920
607 920 1641
2268 722 2270
2270 722 2268
722 2268 2270
2002 197 269
269 197 2002
197 269 2002
227 1502 1916
1502 227 1916
1916 227 1502
2651 1399 2454
1399 2454 2651
2454 1399 2651
2133 1137 2843
2843 1137 2133
1137 2133 2843
334 1602 2363
2363 334 1602
1602 334 2363
2223 1205 2643
1205 2223 2643
2643 1205 2223
261 437 1287
1287 261 437
437 261 1287
377 461 2736
461 377 2736
2736 377 461
1170 1562 2720
1562 1170 2720
2720 1170 1562
30 2178 2604
2604 30 2178
2178 30 2604
2732 134 215
134 215 2732
215 134 2732
718 856 2928
856 718 2928
2928 718 856
225 756 2579
756 225 2579
2579 225 756
1104 1872 2306
1872 1104 2306
2306 1104 1872
1423 825 2283
2283 825 1423
825 1423 2283
1723 1284 2044
1284 1723 2044
2044 1284 1723
876 1183 2791
1183 876 2791
2791 876 1183
2426 44 1936
44 1936 2426
1936 44 2426
1348 711 1368
1368 711 1348
711 1348 1368
463 1076 2323
1076 463 2323
2323 463 1076
1385 972 1350
1350 972 1385
972 1350 1385
716 1718 2354
1718 716 2354
2354 716 1718
1372 1614 2812
2812 1372 1614
1614 1372 2812
2910 1009 2191
2191 1009 2910
1009 2191 2910
2847 964 986
986 964 2847
964 986 2847
247 220 309
309 220 247
220 247 309
1481 2907 2983
2907 1481 2983
2983 1481 2907
2034 386 1132
386 1132 2034
1132 386 2034
2242 896 1770
1770 896 2242
896 1770 2242
826 431 1393
1393 431 826
431 826 1393
80 41 1897
1897 41 80
41 80 1897
1442 427 652
427 652 1442
652 427 1442
2087 180 2730
2730 180 2087
180 2087 2730
12 714 2616
714 12 2616
2616 12 714
2 519 2542
519 2 2542
2542 2 519
124 1480 1797
1480 124 1797
1797 124 1480
1595 529 2414
529 1595 2414
2414 529 1595
1198 168 1187
168 1187 1198
1187 168 1198
604 1158 2317
1158 604 2317
2317 604 1158
2490 808 2504
808 2490 2504
2504 808 2490
209 364 445
364 209 445
445 209 364
1496 479 1292
1292 479 1496
479 1292 1496
2779 2251 2835
2835 2251 2779
2251 2779 2835
685 1511 2170
2170 685 1511
1511 685 2170
1201 413 2877
413 1201 2877
2877 413 1201
111 793 1618
1618 111 793
793 111 1618
1005 2849 2935
2849 1005 2935
2935 1005 2849
1096 538 2081
2081 538 1096
538 1096 2081
2238 425 2522
2522 425 2238
425 2238 2522
1689 1601 2119
1601 1689 2119
2119 1601 1689
2652 611 2938
611 2652 2938
2938 611 2652
1824 2339 2857
2857 1824 2339
2339 1824 2857
798 2606 2639
2606 798 2639
2639 798 2606
1252 471 1115
471 1115 1252
1115 471 1252
2769 299 641
299 641 2769
641 299 2769
2615 1894 2948
1894 2615 2948
2948 1894 2615
851 133 1180
133 851 1180
1180 133 851
1022 2862 2969
2862 1022 2969
2969 1022 2862
1082 275 691
275 691 1082
691 275 1082
383 648 2298
2298 383 648
648 383 2298
1883 849 2187
2187 849 1883
849 1883 2187
1851 355 1365
1365 355 1851
355 1365 1851
308 1935 2206
1935 308 2206
2206 308 1935
867 272 348
272 348 867
348 272 867
892 1321 2432
2432 892 1321
1321 892 2432
1753 1159 2078
2078 1159 1753
1159 1753 2078
1430 1236 2723
1236 1430 2723
2723 1236 1430
2329 985 2352
2352 985 2329
985 2329 2352
1929 1398 2514
1398 1929 2514
2514 1398 1929
2260 1176 2751
2751 1176 2260
1176 2260 2751
2955 639 862
862 639 2955
639 862 2955
1793 1986 2853
2853 1793 1986
1986 1793 2853
1943 2460 2691
2460 1943 2691
2691 1943 2460
1336 758 1461
758 1336 1461
1461 758 1336
1498 446 881
881 446 1498
446 881 1498
78 2019 2623
2623 78 2019
2019 78 2623
75 458 2406
2406 75 458
458 75 2406
916 1474 1959
1474 916 1959
1959 916 1474
2633 28 1111
1111 28 2633
28 1111 2633
622 278 1948
278 622 1948
1948 278 622
138 559 1420
1420 138 559
559 138 1420
1778 1486 2290
2290 1486 1778
1486 1778 2290
1038 936 2753
936 1038 2753
2753 936 1038
656 1919 2436
2436 656 1919
1919 656 2436
1942 170 1852
1852 170 1942
170 1852 1942
2952 1403 2965
1403 2952 2965
2965 1403 2952
2006 53 951
