96 40 271
40 96 271
271 40 96
21 6 294
6 21 294
294 6 21
155 26 70
70 26 155
26 70 155
120 47 61
47 61 120
61 47 120
275 7 89
89 7 275
7 89 275
111 114 196
196 111 114
114 111 196
277 66 246
66 246 277
246 66 277
237 23 90
90 23 237
23 90 237
137 207 220
207 137 220
220 137 207
265 95 279
95 265 279
279 95 265
188 60 64
60 64 188
64 60 188
76 9 94
94 9 76
9 76 94
268 38 248
248 38 268
38 248 268
55 211 266
266 55 211
211 55 266
75 146 158
146 75 158
158 75 146
115 35 183
35 115 183
183 35 115
226 98 300
300 98 226
98 226 300
221 176 241
241 176 221
176 221 241
102 48 200
200 48 102
48 102 200
256 33 73
73 33 256
33 73 256
234 45 258
45 234 258
258 45 234
238 15 50
50 15 238
15 50 238
208 126 166
126 166 208
166 126 208
195 112 138
138 112 195
112 138 195
130 68 233
233 68 130
68 130 233
141 24 63
63 24 141
24 63 141
122 105 149
149 105 122
105 122 149
34 119 285
285 34 119
119 34 285
295 274 289
274 289 295
289 274 295
14 12 127
12 14 127
127 12 14
182 217 252
217 182 252
252 182 217
153 27 58
58 27 153
27 58 153
93 139 177
139 93 177
177 93 139
281 247 278
278 247 281
247 278 281
201 62 169
169 62 201
62 169 201
82 108 193
108 82 193
193 82 108
236 124 273
124 236 273
273 124 236
181 5 42
5 42 181
42 5 181
92 74 262
74 92 262
262 74 92
276 132 230
132 230 276
230 132 276
249 86 290
290 86 249
86 249 290
101 91 167
91 101 167
167 91 101
286 110 148
110 148 286
148 110 286
59 222 280
222 59 280
280 59 222
190 49 53
49 53 190
53 49 190
161 150 179
179 150 161
150 161 179
77 10 180
10 77 180
180 10 77
244 52 209
52 209 244
209 52 244
225 32 164
32 164 225
164 32 225
254 147 299
147 254 299
299 147 254
41 131 206
206 41 131
131 41 206
242 152 214
214 152 242
152 214 242
135 2 210
210 2 135
2 135 210
106 157 255
157 106 255
255 106 157
36 67 78
67 36 78
78 36 67
293 37 260
37 260 293
260 37 293
136 282 297
297 136 282
282 136 297
88 168 228
168 88 228
228 88 168
69 121 235
235 69 121
121 69 235
218 30 263
30 218 263
263 30 218
156 170 227
170 156 227
227 156 170
284 172 175
175 172 284
172 175 284
219 99 151
99 151 219
151 99 219
46 25 118
118 25 46
25 46 118
269 199 239
199 239 269
239 199 269
79 117 133
133 79 117
117 79 133
104 54 283
283 54 104
54 104 283
231 128 187
128 187 231
187 128 231
16 85 186
85 16 186
186 16 85
13 1 56
56 1 13
1 13 56
174 87 100
87 100 174
100 87 174
232 18 229
18 229 232
229 18 232
31 178 205
178 31 205
205 31 178
215 185 191
185 191 215
191 185 215
272 97 250
97 250 272
250 97 272
202 144 212
144 202 212
212 144 202
213 71 243
243 71 213
71 213 243
81 160 240
240 81 160
160 81 240
296 103 270
103 270 296
270 103 296
145 22 251
22 145 251
251 22 145
291 39 143
39 143 291
143 39 291
267 11 184
11 184 267
184 11 267
140 28 198
198 28 140
28 140 198
162 123 257
257 123 162
123 162 257
84 216 245
245 84 216
216 84 245
224 83 203
203 83 224
83 203 224
17 44 292
292 17 44
44 17 292
253 173 192
173 192 253
192 173 253
189 72 197
72 189 197
197 72 189
159 20 154
20 154 159
154 20 159
43 142 204
142 43 204
204 43 142
287 51 134
51 134 287
134 51 287
288 4 163
163 4 288
4 163 288
29 19 113
19 29 113
113 19 29
264 8 57
57 8 264
8 57 264
116 171 194
171 116 194
194 116 171
165 3 223
223 3 165
3 165 223
65 129 261
261 65 129
129 65 261
298 107 109
109 107 298
107 109 298
80 125 259
125 80 259
259 80 125
