784 106 6272
6272 106 784
106 784 6272
10246 4172 28408
4172 10246 28408
28408 4172 10246
16613 306 26133
26133 306 16613
306 16613 26133
23955 194 6997
194 6997 23955
6997 194 23955
5229 14067 24652
14067 5229 24652
24652 5229 14067
5244 6692 6815
6815 5244 6692
6692 5244 6815
15103 5198 12088
5198 12088 15103
12088 5198 15103
10296 21587 24405
24405 10296 21587
21587 10296 24405
5004 453 18656
453 5004 18656
18656 453 5004
24945 13257 20809
20809 13257 24945
13257 20809 24945
25543 4000 25468
25468 4000 25543
4000 25468 25543
13169 9093 25265
9093 13169 25265
25265 9093 13169
19117 9907 19359
9907 19117 19359
19359 9907 19117
2570 7190 10036
10036 2570 7190
7190 2570 10036
28434 11610 24844
11610 24844 28434
24844 11610 28434
12042 992 27505
992 12042 27505
27505 992 12042
14680 9442 17513
9442 14680 17513
17513 9442 14680
1053 7300 15098
7300 1053 15098
15098 1053 7300
200 20438 27719
27719 200 20438
20438 200 27719
28599 14649 20849
20849 14649 28599
14649 20849 28599
25082 8036 29367
29367 8036 25082
8036 25082 29367
10755 3416 15323
3416 10755 15323
15323 3416 10755
18550 6684 16501
16501 6684 18550
6684 16501 18550
21211 1752 25448
25448 1752 21211
1752 21211 25448
4931 14993 18466
18466 4931 14993
14993 4931 18466
17316 8983 16809
8983 16809 17316
16809 8983 17316
3199 23408 24322
23408 3199 24322
24322 3199 23408
8568 6120 23353
23353 6120 8568
6120 8568 23353
4773 7557 21432
21432 4773 7557
7557 4773 21432
2366 2391 22180
2391 2366 22180
22180 2366 2391
28848 5397 29095
5397 28848 29095
29095 5397 28848
2393 24083 24381
24083 2393 24381
24381 2393 24083
19578 2658 16620
16620 2658 19578
2658 16620 19578
20014 6286 26225
26225 6286 20014
6286 20014 26225
22417 26434 29678
26434 22417 29678
29678 22417 26434
22336 664 17451
664 17451 22336
17451 664 22336
7074 1801 11500
1801 7074 11500
11500 1801 7074
15909 14861 19561
19561 14861 15909
14861 15909 19561
5354 4893 19651
4893 5354 19651
19651 4893 5354
4313 1539 11630
1539 4313 11630
11630 1539 4313
14248 4733 8185
4733 8185 14248
8185 4733 14248
10073 1635 25263
1635 10073 25263
25263 1635 10073
4681 8450 14287
8450 4681 14287
14287 4681 8450
20437 5257 9879
5257 9879 20437
9879 5257 20437
20236 2005 2643
2005 2643 20236
2643 2005 20236
59 1128 21724
1128 59 21724
21724 59 1128
4958 22553 25788
25788 4958 22553
22553 4958 25788
12685 11520 23087
11520 12685 23087
23087 11520 12685
25977 7877 24620
7877 24620 25977
24620 7877 25977
9409 8316 8772
8772 8316 9409
8316 8772 9409
5907 7899 25575
7899 5907 25575
25575 5907 7899
6572 2604 8684
8684 2604 6572
2604 6572 8684
7902 565 13222
13222 565 7902
565 7902 13222
19268 5325 9472
5325 9472 19268
9472 5325 19268
21622 13146 25855
13146 21622 25855
25855 13146 21622
19979 989 1157
989 1157 19979
1157 989 19979
18878 7040 16199
7040 16199 18878
16199 7040 18878
10288 3113 11750
3113 10288 11750
11750 3113 10288
4977 11383 19462
19462 4977 11383
11383 4977 19462
9652 18775 27267
27267 9652 18775
18775 9652 27267
18875 16800 28760
16800 18875 28760
28760 16800 18875
11593 8468 20964
20964 8468 11593
8468 11593 20964
19507 5365 24931
24931 5365 19507
5365 19507 24931
27571 7152 13218
13218 7152 27571
7152 13218 27571
22072 4358 27395
4358 22072 27395
27395 4358 22072
14276 15413 16328
15413 14276 16328
16328 14276 15413
19426 3603 27539
27539 3603 19426
3603 19426 27539
12132 14877 27546
27546 12132 14877
14877 12132 27546
10231 178 20450
178 10231 20450
20450 178 10231
11139 12709 26125
26125 11139 12709
12709 11139 26125
26825 20874 23015
23015 20874 26825
20874 23015 26825
9038 6798 18913
18913 6798 9038
6798 9038 18913
1190 304 20905
304 1190 20905
20905 304 1190
25792 4868 17007
17007 4868 25792
4868 17007 25792
25720 1230 2803
1230 2803 25720
2803 1230 25720
19625 8274 16182
16182 8274 19625
8274 16182 19625
17242 16246 16483
16246 16483 17242
16483 16246 17242
10512 8696 26653
8696 10512 26653
26653 8696 10512
4798 751 17043
751 4798 17043
17043 751 4798
16099 63 6575
63 6575 16099
6575 63 16099
21188 9717 14550
14550 9717 21188
9717 14550 21188
7619 10784 14600
14600 7619 10784
10784 7619 14600
28808 3550 26826
26826 3550 28808
3550 26826 28808
20961 17495 17684
17495 17684 20961
17684 17495 20961
16881 7982 16938
16938 7982 16881
7982 16881 16938
19222 22328 24166
22328 19222 24166
24166 19222 22328
15256 9079 14892
9079 14892 15256
14892 9079 15256
27466 19403 21128
21128 19403 27466
19403 21128 27466
16656 9692 27974
27974 9692 16656
9692 16656 27974
15876 16705 27948
16705 15876 27948
27948 15876 16705
27738 2153 12619
12619 2153 27738
2153 12619 27738
7488 16066 29198
16066 7488 29198
29198 7488 16066
19053 4703 22050
22050 4703 19053
4703 19053 22050
6471 19134 21153
19134 6471 21153
21153 6471 19134
15640 979 13432
13432 979 15640
979 13432 15640
25542 13580 19811
19811 13580 25542
13580 19811 25542
22917 14520 21508
14520 21508 22917
21508 14520 22917
1344 5628 25602
25602 1344 5628
5628 1344 25602
13181 9083 12331
12331 9083 13181
9083 12331 13181
24305 3988 6640
3988 6640 24305
6640 3988 24305
22167 12506 28546
12506 22167 28546
28546 12506 22167
12107 17108 22491
17108 12107 22491
22491 12107 17108
19381 8277 29645
8277 19381 29645
29645 8277 19381
19429 884 27724
884 19429 27724
27724 884 19429
26540 11629 25008
25008 11629 26540
11629 25008 26540
9977 9315 26452
26452 9315 9977
9315 9977 26452
14211 6444 6865
6865 6444 14211
6444 6865 14211
18034 19182 24538
19182 18034 24538
24538 18034 19182
29466 23286 28069
23286 28069 29466
28069 23286 29466
21524 18201 19700
19700 18201 21524
18201 19700 21524
15349 13999 25647
25647 13999 15349
13999 15349 25647
464 23120 26941
23120 464 26941
26941 464 23120
17828 5885 8585
5885 8585 17828
8585 5885 17828
23426 24976 29930
24976 23426 29930
29930 23426 24976
8651 3755 10289
10289 3755 8651
3755 8651 10289
25089 4596 15219
15219 4596 25089
4596 15219 25089
12729 7845 7999
7845 7999 12729
7999 7845 12729
20850 12642 27459
27459 12642 20850
12642 20850 27459
9622 13123 26453
26453 9622 13123
13123 9622 26453
27672 5351 10021
10021 5351 27672
5351 10021 27672
11658 11830 23945
23945 11658 11830
11830 11658 23945
13494 18900 29611
29611 13494 18900
18900 13494 29611
8832 11624 20779
11624 8832 20779
20779 8832 11624
9874 2953 5486
2953 5486 9874
5486 2953 9874
23966 9745 24035
9745 23966 24035
24035 9745 23966
1735 21967 27325
27325 1735 21967
21967 1735 27325
9076 2727 11515
2727 9076 11515
11515 2727 9076
2686 13321 17797
13321 2686 17797
17797 2686 13321
9667 11818 17098
11818 9667 17098
17098 9667 11818
29904 3295 18113
3295 18113 29904
18113 3295 29904
13973 13125 13875
13875 13125 13973
13125 13875 13973
13924 19428 22930
19428 13924 22930
22930 13924 19428
26449 9711 28850
28850 9711 26449
9711 26449 28850
17459 3638 16491
3638 16491 17459
16491 3638 17459
7249 22074 28100
28100 7249 22074
22074 7249 28100
6368 13292 24098
24098 6368 13292
13292 6368 24098
21475 18931 20790
18931 20790 21475
20790 18931 21475
517 18019 27061
27061 517 18019
18019 517 27061
16782 15128 27374
27374 15128 16782
15128 16782 27374
25039 7820 28333
28333 7820 25039
7820 25039 28333
29060 19442 27340
19442 27340 29060
27340 19442 29060
16850 20730 23001
23001 16850 20730
20730 16850 23001
26609 17319 21379
17319 21379 26609
21379 17319 26609
142 19914 21713
19914 142 21713
21713 142 19914
23841 13182 25189
25189 13182 23841
13182 23841 25189
27002 5094 28682
5094 27002 28682
28682 5094 27002
26396 13660 24791
24791 13660 26396
13660 24791 26396
8825 15357 29040
15357 8825 29040
29040 8825 15357
28322 2138 25947
2138 25947 28322
25947 2138 28322
10454 2456 4200
4200 2456 10454
2456 4200 10454
8454 19968 27424
27424 8454 19968
19968 8454 27424
16339 9602 12066
12066 9602 16339
9602 12066 16339
29113 8183 11002
11002 8183 29113
8183 11002 29113
742 18318 29804
29804 742 18318
18318 742 29804
20671 10144 27364
10144 20671 27364
27364 10144 20671
28859 19838 26939
26939 19838 28859
19838 26939 28859
15196 3008 21371
21371 3008 15196
3008 15196 21371
25670 15513 27741
15513 25670 27741
27741 15513 25670
3135 20734 22627
22627 3135 20734
20734 3135 22627
22028 1068 12504
1068 12504 22028
12504 1068 22028
15507 3204 18274
18274 3204 15507
3204 15507 18274
13863 15548 16780
15548 13863 16780
16780 13863 15548
16183 5831 6313
5831 6313 16183
6313 5831 16183
21747 4085 11435
4085 11435 21747
11435 4085 21747
28363 685 16862
16862 685 28363
685 16862 28363
20296 8389 25457
8389 20296 25457
25457 8389 20296
1046 6792 16659
16659 1046 6792
6792 1046 16659
2550 28915 29330
28915 2550 29330
29330 2550 28915
970 1083 10104
1083 970 10104
10104 970 1083
4014 3634 8549
3634 4014 8549
8549 3634 4014
3796 1047 9339
9339 1047 3796
1047 3796 9339
18211 8615 28594
8615 18211 28594
28594 8615 18211
12569 9898 17693
9898 12569 17693
17693 9898 12569
16037 20861 28113
28113 16037 20861
20861 16037 28113
7627 18083 26980
26980 7627 18083
18083 7627 26980
19937 14510 28119
14510 19937 28119
28119 14510 19937
19545 19320 21471
19320 19545 21471
21471 19320 19545
5411 11256 22902
11256 5411 22902
22902 5411 11256
23246 6043 29474
6043 23246 29474
29474 6043 23246
21445 15912 28141
15912 21445 28141
28141 15912 21445
23961 2920 29674
29674 2920 23961
2920 23961 29674
23013 11930 22791
22791 11930 23013
11930 22791 23013
19714 2036 18833
2036 18833 19714
18833 2036 19714
19916 8359 29845
29845 8359 19916
8359 19916 29845
28451 11021 14190
14190 11021 28451
11021 14190 28451
23489 2347 10521
2347 10521 23489
10521 2347 23489
4183 10272 20256
10272 4183 20256
20256 4183 10272
3565 4150 19255
19255 3565 4150
4150 3565 19255
24039 13965 26537
26537 13965 24039
13965 24039 26537
14864 5306 12845
5306 12845 14864
12845 5306 14864
22995 10497 15561
15561 10497 22995
10497 15561 22995
12312 8452 23337
23337 8452 12312
8452 12312 23337
26490 2099 5381
5381 2099 26490
2099 5381 26490
7274 3695 7547
7547 3695 7274
3695 7274 7547
14025 8093 23252
23252 8093 14025
8093 14025 23252
5098 4396 11114
11114 4396 5098
4396 5098 11114
20465 4838 11192
4838 11192 20465
11192 4838 20465
4230 15249 16508
16508 4230 15249
15249 4230 16508
22274 23132 26496
23132 22274 26496
26496 22274 23132
17572 9129 16017
16017 9129 17572
9129 16017 17572
1028 2821 29134
2821 1028 29134
29134 1028 2821
2467 2999 20572
2999 2467 20572
20572 2467 2999
9405 14017 28000
14017 9405 28000
28000 9405 14017
9573 15005 27668
27668 9573 15005
15005 9573 27668
22324 2031 13598
13598 2031 22324
2031 13598 22324
29911 13760 15903
13760 15903 29911
15903 13760 29911
16761 19012 29764
19012 16761 29764
29764 16761 19012
15379 8729 14157
8729 14157 15379
14157 8729 15379
25687 2737 18109
2737 18109 25687
18109 2737 25687
25739 13961 22968
13961 22968 25739
22968 13961 25739
13305 8007 22108
8007 13305 22108
22108 8007 13305
3010 11635 25258
11635 3010 25258
25258 3010 11635
9179 5812 24426
5812 9179 24426
24426 5812 9179
9123 11463 12601
11463 9123 12601
12601 9123 11463
29313 3150 5807
5807 3150 29313
3150 5807 29313
21707 3069 16901
3069 16901 21707
16901 3069 21707
28922 10615 12997
12997 10615 28922
10615 12997 28922
22682 357 26820
26820 357 22682
357 22682 26820
13485 24204 27108
27108 13485 24204
24204 13485 27108
2144 6309 8364
6309 2144 8364
8364 2144 6309
3062 1370 15441
15441 1370 3062
1370 3062 15441
26400 6453 20220
6453 20220 26400
20220 6453 26400
20592 9342 10629
10629 9342 20592
9342 10629 20592
22227 14710 26300
14710 22227 26300
26300 14710 22227
22449 26422 27707
27707 22449 26422
26422 22449 27707
15395 1836 25674
25674 1836 15395
1836 15395 25674
24755 15734 21200
15734 21200 24755
21200 15734 24755
2385 5515 11812
5515 2385 11812
11812 2385 5515
8709 23967 27503
27503 8709 23967
23967 8709 27503
12230 8936 24893
24893 8936 12230
8936 12230 24893
23211 5450 12748
5450 12748 23211
12748 5450 23211
401 11331 13745
13745 401 11331
11331 401 13745
366 4381 21943
4381 366 21943
21943 366 4381
3782 1284 28170
1284 3782 28170
28170 1284 3782
3211 18677 21361
18677 3211 21361
21361 3211 18677
18258 3037 16404
3037 16404 18258
16404 3037 18258
22730 4460 29180
4460 22730 29180
29180 4460 22730
18567 45 17375
17375 45 18567
45 17375 18567
12461 3870 17972
3870 12461 17972
17972 3870 12461
4250 22002 26410
22002 4250 26410
26410 4250 22002
12802 1904 12269
12269 1904 12802
1904 12269 12802
24211 16597 17555
16597 17555 24211
17555 16597 24211
27192 8740 25186
25186 8740 27192
8740 25186 27192
19612 14192 26214
14192 19612 26214
26214 14192 19612
24491 7822 24106
7822 24106 24491
24106 7822 24491
13793 13492 25255
13492 13793 25255
25255 13492 13793
20670 22665 29745
29745 20670 22665
22665 20670 29745
2602 11432 19617
11432 2602 19617
19617 2602 11432
25017 2510 17900
17900 2510 25017
2510 17900 25017
5481 4919 8066
4919 5481 8066
8066 4919 5481
29781 5269 21444
21444 5269 29781
5269 21444 29781
17135 16088 25425
25425 16088 17135
16088 17135 25425
11128 29370 29407
29407 11128 29370
29370 11128 29407
22347 19301 19911
19301 19911 22347
19911 19301 22347
12557 15460 18882
18882 12557 15460
15460 12557 18882
12919 13585 16505
13585 12919 16505
16505 12919 13585
26828 3678 4997
3678 4997 26828
4997 3678 26828
6032 1272 4740
4740 1272 6032
1272 4740 6032
10370 6908 23617
23617 6908 10370
6908 10370 23617
22861 16149 27158
16149 22861 27158
27158 16149 22861
28803 13890 19398
13890 19398 28803
19398 13890 28803
26767 2302 9787
9787 2302 26767
2302 9787 26767
28918 19109 27022
19109 27022 28918
27022 19109 28918
14935 7224 22382
7224 14935 22382
22382 7224 14935
29510 2322 6851
2322 6851 29510
6851 2322 29510
4073 11641 22559
22559 4073 11641
11641 4073 22559
4886 698 8067
8067 698 4886
698 4886 8067
18480 6067 23770
6067 18480 23770
23770 6067 18480
25691 2815 10261
2815 10261 25691
10261 2815 25691
16221 26627 28862
28862 16221 26627
26627 16221 28862
21982 1387 17480
1387 17480 21982
17480 1387 21982
8629 171 16128
16128 171 8629
171 8629 16128
8069 421 6809
6809 421 8069
421 6809 8069
20878 16307 26091
16307 20878 26091
26091 16307 20878
26427 14763 27358
14763 26427 27358
27358 14763 26427
3410 17974 28753
28753 3410 17974
17974 3410 28753
19513 17354 19209
19209 17354 19513
17354 19209 19513
16855 7386 17372
7386 16855 17372
17372 7386 16855
5640 2663 28484
28484 2663 5640
2663 5640 28484
25909 396 5093
5093 396 25909
396 5093 25909
16424 23700 27368
23700 16424 27368
27368 16424 23700
11547 10320 27043
10320 11547 27043
27043 10320 11547
4811 11789 17382
11789 4811 17382
17382 4811 11789
5695 6650 10105
6650 5695 10105
10105 5695 6650
13514 17839 25809
25809 13514 17839
17839 13514 25809
27504 14501 18754
14501 18754 27504
18754 14501 27504
26724 8406 12199
8406 12199 26724
12199 8406 26724
25764 21871 25297
21871 25297 25764
25297 21871 25764
22364 1922 13282
1922 13282 22364
13282 1922 22364
25028 28577 28824
28824 25028 28577
28577 25028 28824
15806 13659 29050
13659 15806 29050
29050 13659 15806
2636 16479 20551
20551 2636 16479
16479 2636 20551
13235 13542 28295
28295 13235 13542
13542 13235 28295
3875 14533 28283
14533 3875 28283
28283 3875 14533
14399 27379 27426
27426 14399 27379
27379 14399 27426
5255 1287 26198
26198 1287 5255
1287 5255 26198
25392 914 3290
914 3290 25392
3290 914 25392
18552 1568 29109
1568 18552 29109
29109 1568 18552
14965 24219 24274
24274 14965 24219
24219 14965 24274
11059 28660 28886
28886 11059 28660
28660 11059 28886
10789 8489 10708
10708 8489 10789
8489 10708 10789
1412 23883 26769
23883 1412 26769
26769 1412 23883
4699 7408 28353
28353 4699 7408
7408 4699 28353
27964 4391 4563
4563 4391 27964
4391 4563 27964
12891 2688 19923
2688 12891 19923
19923 2688 12891
29457 11151 27748
11151 27748 29457
27748 11151 29457
2338 5369 22590
5369 2338 22590
22590 2338 5369
21131 7946 16864
16864 7946 21131
7946 16864 21131
21814 18955 27871
18955 21814 27871
27871 18955 21814
22157 7118 14419
14419 7118 22157
7118 14419 22157
16495 5936 11934
11934 5936 16495
5936 11934 16495
18824 1714 7083
7083 1714 18824
1714 7083 18824
22883 9193 28277
9193 22883 28277
28277 9193 22883
24878 10625 19322
10625 19322 24878
19322 10625 24878
26045 4454 26756
4454 26045 26756
26756 4454 26045
8470 2197 22528
22528 2197 8470
2197 8470 22528
13469 2228 24633
24633 2228 13469
2228 13469 24633
29626 15283 26612
26612 15283 29626
15283 26612 29626
18200 738 25004
25004 738 18200
738 18200 25004
11535 4388 23737
23737 4388 11535
4388 11535 23737
29651 5506 5926
5506 5926 29651
5926 5506 29651
5274 26142 27400
26142 5274 27400
27400 5274 26142
4872 5341 9639
5341 4872 9639
9639 4872 5341
19059 7372 21933
21933 7372 19059
7372 19059 21933
10503 9518 12883
12883 9518 10503
9518 10503 12883
6863 21197 25956
25956 6863 21197
21197 6863 25956
11918 20968 29951
20968 11918 29951
29951 11918 20968
15881 425 18925
425 15881 18925
18925 425 15881
28278 13937 20823
20823 13937 28278
13937 20823 28278
22495 2356 7598
7598 2356 22495
2356 7598 22495
292 3524 15418
15418 292 3524
3524 292 15418
716 2129 3091
3091 716 2129
2129 716 3091
2763 19277 21798
21798 2763 19277
19277 2763 21798
5408 10783 10800
10800 5408 10783
10783 5408 10800
25926 7305 14718
7305 14718 25926
14718 7305 25926
16802 9383 23687
23687 9383 16802
9383 16802 23687
18985 1630 6178
6178 1630 18985
1630 6178 18985
9344 19997 24458
19997 9344 24458
24458 9344 19997
26988 12189 24038
24038 12189 26988
12189 24038 26988
14765 7673 26723
26723 7673 14765
7673 14765 26723
15790 5696 10768
5696 10768 15790
10768 5696 15790
6457 7447 15023
7447 6457 15023
15023 6457 7447
13199 4443 18443
18443 4443 13199
4443 13199 18443
8956 2918 21674
21674 2918 8956
2918 8956 21674
23293 4763 8026
4763 8026 23293
8026 4763 23293
3136 9470 20156
9470 3136 20156
20156 3136 9470
29152 2176 22801
2176 22801 29152
22801 2176 29152
17547 14366 25673
25673 14366 17547
14366 17547 25673
13992 2365 12815
2365 12815 13992
12815 2365 13992
7472 14021 15302
15302 7472 14021
14021 7472 15302
9719 10452 18768
10452 9719 18768
18768 9719 10452
7316 15995 26911
15995 7316 26911
26911 7316 15995
24484 9111 14401
14401 9111 24484
9111 14401 24484
15976 2382 8829
2382 8829 15976
8829 2382 15976
6332 14607 16639
16639 6332 14607
14607 6332 16639
3298 8938 18521
18521 3298 8938
8938 3298 18521
8876 4577 20361
20361 4577 8876
4577 8876 20361
11759 19155 26881
26881 11759 19155
19155 11759 26881
26973 18666 23181
23181 18666 26973
18666 23181 26973
7540 23723 27526
27526 7540 23723
23723 7540 27526
3677 19311 28817
28817 3677 19311
19311 3677 28817
27971 620 8768
8768 620 27971
620 8768 27971
7272 16110 28969
28969 7272 16110
16110 7272 28969
22229 9683 12546
12546 9683 22229
9683 12546 22229
3398 24040 29287
24040 3398 29287
29287 3398 24040
10777 17347 26047
26047 10777 17347
17347 10777 26047
10959 16875 18349
16875 10959 18349
18349 10959 16875
9881 4327 8440
8440 4327 9881
4327 8440 9881
23275 3143 6415
6415 3143 23275
3143 6415 23275
24705 5685 23927
23927 5685 24705
5685 23927 24705
25188 2211 8909
8909 2211 25188
2211 8909 25188
19731 4898 14309
4898 14309 19731
14309 4898 19731
10567 21912 29399
21912 10567 29399
29399 10567 21912
6957 1133 20079
1133 6957 20079
20079 1133 6957
22881 860 3542
860 3542 22881
3542 860 22881
21135 3589 12010
3589 12010 21135
12010 3589 21135
29048 881 2181
2181 881 29048
881 2181 29048
28486 16668 17930
16668 17930 28486
17930 16668 28486
5508 994 14994
994 5508 14994
14994 994 5508
68 24675 27555
24675 68 27555
27555 68 24675
12960 18441 19495
18441 12960 19495
19495 12960 18441
26264 16646 27764
16646 26264 27764
27764 16646 26264
10211 11089 24156
24156 10211 11089
11089 10211 24156
20537 11372 28051
28051 11372 20537
11372 20537 28051
10853 12565 21109
21109 10853 12565
12565 10853 21109
463 19176 29159
19176 463 29159
29159 463 19176
19874 10055 12165
12165 10055 19874
10055 12165 19874
12234 4863 16623
16623 4863 12234
4863 12234 16623
15969 6564 28884
6564 15969 28884
28884 6564 15969
25097 6897 13096
6897 13096 25097
13096 6897 25097
9058 141 23657
141 9058 23657
23657 141 9058
12804 16 24880
24880 16 12804
16 12804 24880
25342 6294 24964
24964 6294 25342
6294 24964 25342
21825 4298 8649
4298 8649 21825
8649 4298 21825
27203 566 16156
16156 566 27203
566 16156 27203
6279 1593 27865
1593 6279 27865
27865 1593 6279
17156 18942 19046
18942 17156 19046
19046 17156 18942
15710 8494 24009
8494 15710 24009
24009 8494 15710
4677 3403 19869
19869 3403 4677
3403 4677 19869
12779 15524 27495
15524 12779 27495
27495 12779 15524
24533 11379 29819
29819 11379 24533
11379 24533 29819
25246 12316 22510
12316 22510 25246
22510 12316 25246
3056 1605 1928
1605 1928 3056
1928 1605 3056
11303 3156 27131
3156 11303 27131
27131 3156 11303
5487 6187 19088
6187 5487 19088
19088 5487 6187
17630 10035 12967
12967 10035 17630
10035 12967 17630
26765 25152 25864
25864 25152 26765
25152 25864 26765
6180 21369 21834
21369 6180 21834
21834 6180 21369
22592 24383 26847
24383 22592 26847
26847 22592 24383
29775 6097 12355
6097 12355 29775
12355 6097 29775
25589 2721 14536
2721 14536 25589
14536 2721 25589
11571 20923 24108
20923 11571 24108
24108 11571 20923
21024 20140 23882
20140 21024 23882
23882 20140 21024
11970 2264 12956
2264 11970 12956
12956 2264 11970
22813 5797 8402
8402 5797 22813
5797 8402 22813
18234 9760 12903
12903 9760 18234
9760 12903 18234
17935 5923 17455
17455 5923 17935
5923 17455 17935
22332 2558 27268
27268 2558 22332
2558 22332 27268
23017 21437 28553
21437 23017 28553
28553 21437 23017
19608 10569 24793
10569 19608 24793
24793 10569 19608
26213 27690 29923
29923 26213 27690
27690 26213 29923
22646 6680 16995
16995 6680 22646
6680 16995 22646
5398 3799 11110
3799 5398 11110
11110 3799 5398
2178 754 5937
754 2178 5937
5937 754 2178
20496 7879 18122
18122 7879 20496
7879 18122 20496
19783 4917 15245
15245 4917 19783
4917 15245 19783
15381 3323 23487
23487 3323 15381
3323 15381 23487
8486 11816 20307
20307 8486 11816
11816 8486 20307
5485 7325 22937
7325 5485 22937
22937 5485 7325
3365 6156 13988
13988 3365 6156
6156 3365 13988
2793 13451 20366
20366 2793 13451
13451 2793 20366
15653 10948 18605
10948 15653 18605
18605 10948 15653
28441 24683 25477
25477 24683 28441
24683 25477 28441
3187 25993 28177
28177 3187 25993
25993 3187 28177
5231 14615 18003
14615 5231 18003
18003 5231 14615
24651 13985 29507
13985 24651 29507
29507 13985 24651
13630 20458 27833
20458 13630 27833
27833 13630 20458
8015 4887 29107
4887 8015 29107
29107 4887 8015
15983 18010 22188
22188 15983 18010
18010 15983 22188
27371 2290 9495
2290 9495 27371
9495 2290 27371
11140 13318 22752
22752 11140 13318
13318 11140 22752
23664 232 9947
232 9947 23664
9947 232 23664
2140 11208 27749
11208 2140 27749
27749 2140 11208
12958 53 458
458 53 12958
53 458 12958
143 11125 29614
29614 143 11125
11125 143 29614
7861 3449 11912
3449 7861 11912
11912 3449 7861
3907 2390 3519
2390 3519 3907
3519 2390 3907
3378 12765 29576
29576 3378 12765
12765 3378 29576
23851 3140 9044
3140 9044 23851
9044 3140 23851
28499 27393 27754
27393 27754 28499
27754 27393 28499
838 479 21353
21353 479 838
479 838 21353
18460 7836 23173
7836 18460 23173
23173 7836 18460
8897 935 23605
935 8897 23605
23605 935 8897
9922 3334 27970
27970 3334 9922
3334 9922 27970
17892 20985 25335
25335 17892 20985
20985 17892 25335
3460 8308 22036
8308 3460 22036
22036 3460 8308
27011 12976 24243
12976 24243 27011
24243 12976 27011
13276 9572 21631
21631 9572 13276
9572 13276 21631
13421 2409 13057
13057 2409 13421
2409 13057 13421
262 814 27229
27229 262 814
814 262 27229
9860 4656 7844
4656 7844 9860
7844 4656 9860
27551 752 21807
752 21807 27551
21807 752 27551
27365 807 27383
807 27365 27383
27383 807 27365
18755 1245 6138
1245 6138 18755
6138 1245 18755
17357 4853 29410
29410 4853 17357
4853 17357 29410
17800 5674 9506
9506 5674 17800
5674 9506 17800
20667 7486 17628
7486 17628 20667
17628 7486 20667
28793 19281 21969
21969 19281 28793
19281 21969 28793
14244 9208 18426
18426 9208 14244
9208 14244 18426
15533 8135 21703
8135 15533 21703
21703 8135 15533
11348 1500 7500
1500 7500 11348
7500 1500 11348
11870 8821 29361
8821 11870 29361
29361 8821 11870
28755 6258 7208
7208 6258 28755
6258 7208 28755
21497 42 5811
42 5811 21497
5811 42 21497
26690 18727 26744
26744 18727 26690
18727 26690 26744
5385 10609 23528
10609 5385 23528
23528 5385 10609
24702 21828 28937
21828 24702 28937
28937 21828 24702
17611 364 5333
364 5333 17611
5333 364 17611
3858 12432 20641
20641 3858 12432
12432 3858 20641
22372 5869 10590
10590 5869 22372
5869 10590 22372
26548 9343 29298
9343 26548 29298
29298 9343 26548
12783 1885 23236
23236 1885 12783
1885 12783 23236
17764 8176 14549
8176 14549 17764
14549 8176 17764
777 9061 14893
9061 777 14893
14893 777 9061
27882 11126 27686
27686 11126 27882
11126 27686 27882
3444 3691 6259
6259 3444 3691
3691 3444 6259
14788 4003 7105
4003 7105 14788
7105 4003 14788
20589 13369 19665
13369 19665 20589
19665 13369 20589
12791 2595 21252
2595 12791 21252
21252 2595 12791
3101 5292 10622
10622 3101 5292
5292 3101 10622
20566 6246 18804
18804 6246 20566
6246 18804 20566
3982 1302 26842
1302 3982 26842
26842 1302 3982
29597 4006 23491
4006 23491 29597
23491 4006 29597
15570 4985 17779
17779 4985 15570
4985 15570 17779
29765 1521 3493
3493 1521 29765
1521 3493 29765
27814 16537 22562
16537 22562 27814
22562 16537 27814
12782 15838 21975
21975 12782 15838
15838 12782 21975
26715 19548 24936
24936 19548 26715
19548 24936 26715
29937 17707 20080
20080 17707 29937
17707 20080 29937
6531 12695 15996
15996 6531 12695
12695 6531 15996
8023 14875 22549
22549 8023 14875
14875 8023 22549
19547 9049 16955
9049 16955 19547
16955 9049 19547
18212 21876 22243
21876 18212 22243
22243 18212 21876
21805 14169 19546
14169 19546 21805
19546 14169 21805
11221 1814 6077
6077 1814 11221
1814 6077 11221
17809 7642 22945
7642 17809 22945
22945 7642 17809
5514 5750 29718
5750 5514 29718
29718 5514 5750
1611 14462 18474
14462 1611 18474
18474 1611 14462
21160 1469 15046
1469 15046 21160
15046 1469 21160
22149 10450 28423
10450 22149 28423
28423 10450 22149
23837 9474 28646
9474 23837 28646
28646 9474 23837
10805 8147 21970
8147 10805 21970
21970 8147 10805
25096 19951 27648
27648 19951 25096
19951 25096 27648
28536 2900 14460
2900 14460 28536
14460 2900 28536
19541 12002 16081
16081 12002 19541
12002 16081 19541
26933 2849 23026
23026 2849 26933
2849 23026 26933
5062 14097 21309
14097 5062 21309
21309 5062 14097
29914 14912 22775
22775 14912 29914
14912 22775 29914
511 18790 19858
18790 511 19858
19858 511 18790
19346 5790 7672
7672 5790 19346
5790 7672 19346
3766 10039 24452
24452 3766 10039
10039 3766 24452
6288 3019 27402
3019 6288 27402
27402 3019 6288
15188 8597 19870
19870 8597 15188
8597 15188 19870
25050 3373 25151
25151 3373 25050
3373 25050 25151
21250 28596 28888
28888 21250 28596
28596 21250 28888
5798 23707 24799
24799 5798 23707
23707 5798 24799
24177 4562 26370
4562 24177 26370
26370 4562 24177
8747 19487 19745
19745 8747 19487
19487 8747 19745
8505 14807 15010
15010 8505 14807
14807 8505 15010
15083 2247 8379
8379 2247 15083
2247 8379 15083
9612 14195 22864
14195 9612 22864
22864 9612 14195
804 8763 12792
8763 804 12792
12792 804 8763
8901 3433 7394
3433 7394 8901
7394 3433 8901
4781 4630 18025
18025 4630 4781
4630 4781 18025
14289 17910 22817
17910 14289 22817
22817 14289 17910
21895 22688 25865
22688 21895 25865
25865 21895 22688
7639 159 23385
159 7639 23385
23385 159 7639
25415 3747 13964
3747 13964 25415
13964 3747 25415
15300 5356 11145
11145 5356 15300
5356 11145 15300
3609 7481 9318
7481 3609 9318
9318 3609 7481
27034 17351 29792
29792 17351 27034
17351 27034 29792
9887 20480 21481
20480 9887 21481
21481 9887 20480
18702 3434 9583
3434 9583 18702
9583 3434 18702
7803 7458 22448
22448 7458 7803
7458 7803 22448
2151 5089 20063
5089 2151 20063
20063 2151 5089
7019 9706 13504
13504 7019 9706
9706 7019 13504
8907 3063 7637
3063 7637 8907
7637 3063 8907
3283 10189 18580
10189 3283 18580
18580 3283 10189
8006 13562 21107
21107 8006 13562
13562 8006 21107
24803 13088 21994
13088 21994 24803
21994 13088 24803
17675 2463 17227
2463 17227 17675
17227 2463 17675
910 15270 26592
26592 910 15270
15270 910 26592
9970 1141 4998
4998 1141 9970
1141 4998 9970
3197 9575 29269
9575 3197 29269
29269 3197 9575
1105 12602 15226
12602 1105 15226
15226 1105 12602
1451 4957 11922
4957 1451 11922
11922 1451 4957
18226 11238 12477
12477 11238 18226
11238 12477 18226
28438 8868 23696
23696 8868 28438
8868 23696 28438
9324 15142 18784
18784 9324 15142
15142 9324 18784
21168 13611 20464
20464 13611 21168
13611 20464 21168
19860 8941 11715
11715 8941 19860
8941 11715 19860
3189 1704 18159
1704 3189 18159
18159 1704 3189
14452 2497 5551
2497 5551 14452
5551 2497 14452
9729 15025 29174
15025 9729 29174
29174 9729 15025
9381 2997 10906
2997 9381 10906
10906 2997 9381
13320 7284 17683
7284 13320 17683
17683 7284 13320
23055 18891 19169
19169 18891 23055
18891 19169 23055
22773 20669 26199
20669 22773 26199
26199 20669 22773
11172 4386 10838
4386 10838 11172
10838 4386 11172
6299 12965 18002
12965 6299 18002
18002 6299 12965
29319 394 22609
394 22609 29319
22609 394 29319
7225 5543 10939
5543 7225 10939
10939 5543 7225
21640 27227 28418
28418 21640 27227
27227 21640 28418
21767 24021 26810
24021 21767 26810
26810 21767 24021
20404 12909 26196
12909 20404 26196
26196 12909 20404
4231 7212 25324
25324 4231 7212
7212 4231 25324
19072 6069 26276
26276 6069 19072
6069 19072 26276
25370 9929 11228
11228 9929 25370
9929 11228 25370
15691 1198 1407
1407 1198 15691
1198 1407 15691
15268 8845 25227
8845 15268 25227
25227 8845 15268
29884 475 8160
8160 475 29884
475 8160 29884
16185 9765 24494
24494 9765 16185
9765 16185 24494
21276 5249 5749
5249 5749 21276
5749 5249 21276
19390 6023 15577
6023 15577 19390
15577 6023 19390
9087 5019 13687
5019 9087 13687
13687 5019 9087
23554 7353 23645
7353 23554 23645
23645 7353 23554
5650 13135 15081
13135 5650 15081
15081 5650 13135
8777 1275 7508
7508 1275 8777
1275 7508 8777
11995 3724 12228
12228 3724 11995
3724 11995 12228
17058 10324 19497
19497 10324 17058
10324 17058 19497
700 22181 24875
22181 700 24875
24875 700 22181
22641 5353 12617
12617 5353 22641
5353 12617 22641
13060 5533 13375
13375 5533 13060
5533 13060 13375
25470 5580 25081
5580 25081 25470
25081 5580 25470
902 5428 22441
5428 902 22441
22441 902 5428
22919 15154 20295
20295 15154 22919
15154 20295 22919
997 6629 13728
13728 997 6629
6629 997 13728
22467 26032 27733
27733 22467 26032
26032 22467 27733
2896 3993 18636
18636 2896 3993
3993 2896 18636
22089 2890 18935
2890 18935 22089
18935 2890 22089
16715 25857 27220
25857 16715 27220
27220 16715 25857
17102 8221 11143
11143 8221 17102
8221 11143 17102
14028 18223 26617
26617 14028 18223
18223 14028 26617
25734 11265 26358
11265 25734 26358
26358 11265 25734
26984 3864 14304
14304 3864 26984
3864 14304 26984
8636 17462 26542
26542 8636 17462
17462 8636 26542
11000 3815 25144
25144 3815 11000
3815 11000 25144
8720 6784 13771
13771 6784 8720
6784 8720 13771
23667 4760 16931
4760 16931 23667
16931 4760 23667
2250 14752 23144
23144 2250 14752
14752 2250 23144
18471 12500 21835
21835 12500 18471
12500 18471 21835
21336 12801 24445
12801 21336 24445
24445 12801 21336
20733 6348 28855
28855 6348 20733
6348 20733 28855
5407 12277 22178
12277 5407 22178
22178 5407 12277
22868 6265 24777
6265 22868 24777
24777 6265 22868
25678 7641 29857
29857 7641 25678
7641 25678 29857
6810 19416 27845
19416 6810 27845
27845 6810 19416
10379 8515 24886
8515 10379 24886
24886 8515 10379
8994 3790 4874
3790 4874 8994
4874 3790 8994
5122 17851 22708
17851 5122 22708
22708 5122 17851
18750 6089 25063
25063 6089 18750
6089 18750 25063
17011 13525 22406
13525 17011 22406
22406 13525 17011
27411 17705 27417
27417 17705 27411
17705 27411 27417
9204 9487 22339
9487 9204 22339
22339 9204 9487
28934 10353 27448
10353 27448 28934
27448 10353 28934
4079 5301 25683
25683 4079 5301
5301 4079 25683
1158 17734 29617
29617 1158 17734
17734 1158 29617
6462 2651 7363
7363 2651 6462
2651 6462 7363
6565 2045 15754
2045 6565 15754
15754 2045 6565
6891 2408 29761
2408 6891 29761
29761 2408 6891
308 905 20982
20982 308 905
905 308 20982
25428 1817 12138
1817 12138 25428
12138 1817 25428
1291 11245 28488
28488 1291 11245
11245 1291 28488
20710 363 13955
363 13955 20710
13955 363 20710
24919 8016 16464
8016 16464 24919
16464 8016 24919
22404 4650 18697
18697 4650 22404
4650 18697 22404
12721 22877 23920
22877 12721 23920
23920 12721 22877
18081 353 27923
27923 353 18081
353 18081 27923
13523 20563 28361
28361 13523 20563
20563 13523 28361
4547 11771 17882
17882 4547 11771
11771 4547 17882
6558 7228 19458
7228 6558 19458
19458 6558 7228
22882 15376 29020
15376 22882 29020
29020 15376 22882
4820 9445 15974
9445 4820 15974
15974 4820 9445
28218 5868 9360
5868 9360 28218
9360 5868 28218
250 4094 11510
11510 250 4094
4094 250 11510
22732 8479 22851
8479 22732 22851
22851 8479 22732
20962 4616 17506
4616 17506 20962
17506 4616 20962
7857 2 5055
5055 2 7857
2 5055 7857
21421 24720 25868
24720 21421 25868
25868 21421 24720
24963 6310 14576
6310 14576 24963
14576 6310 24963
21244 11099 27587
27587 11099 21244
11099 21244 27587
16134 8911 28754
8911 16134 28754
28754 8911 16134
3551 17874 20158
17874 3551 20158
20158 3551 17874
19695 15588 16536
16536 15588 19695
15588 16536 19695
17579 19075 29039
19075 17579 29039
29039 17579 19075
7398 7538 20452
20452 7398 7538
7538 7398 20452
21459 20565 23560
20565 21459 23560
23560 20565 21459
20647 12430 12745
12745 12430 20647
12430 12745 20647
6938 8595 15338
8595 6938 15338
15338 6938 8595
23587 9163 20405
20405 9163 23587
9163 20405 23587
25862 17995 29968
29968 17995 25862
17995 25862 29968
9728 12543 24496
24496 9728 12543
12543 9728 24496
7222 9454 24899
9454 7222 24899
24899 7222 9454
2915 16314 28953
16314 2915 28953
28953 2915 16314
11358 19171 25173
25173 11358 19171
19171 11358 25173
28241 15899 22784
15899 22784 28241
22784 15899 28241
10889 18608 28814
18608 10889 28814
28814 10889 18608
14284 1135 28076
28076 1135 14284
1135 14284 28076
6005 6263 13423
13423 6005 6263
6263 6005 13423
15064 6421 11052
6421 11052 15064
11052 6421 15064
614 6767 15459
6767 614 15459
15459 614 6767
14007 3894 5577
3894 5577 14007
5577 3894 14007
7920 10950 29129
10950 7920 29129
29129 7920 10950
20009 16087 19848
16087 19848 20009
19848 16087 20009
15279 801 25491
801 15279 25491
25491 801 15279
2420 2298 6735
6735 2298 2420
2298 2420 6735
23264 10821 25429
10821 23264 25429
25429 10821 23264
28245 2810 19795
2810 19795 28245
19795 2810 28245
9853 5417 20012
20012 5417 9853
5417 9853 20012
20721 19040 25332
19040 20721 25332
25332 19040 20721
3563 6986 18301
18301 3563 6986
6986 3563 18301
29151 17841 25213
25213 17841 29151
17841 25213 29151
2912 821 1979
821 1979 2912
1979 821 2912
23498 5881 16708
5881 16708 23498
16708 5881 23498
28870 4208 14119
14119 4208 28870
4208 14119 28870
26242 4544 19884
4544 19884 26242
19884 4544 26242
26152 11536 28033
28033 11536 26152
11536 26152 28033
28825 10347 24401
10347 24401 28825
24401 10347 28825
9616 19678 27130
27130 9616 19678
19678 9616 27130
16222 7726 14941
7726 14941 16222
14941 7726 16222
12334 15166 17246
17246 12334 15166
15166 12334 17246
16356 9002 21391
21391 9002 16356
9002 16356 21391
19832 7854 12133
7854 12133 19832
12133 7854 19832
29008 6837 12539
6837 12539 29008
12539 6837 29008
5192 5218 12656
12656 5192 5218
5218 5192 12656
28028 971 22358
971 22358 28028
22358 971 28028
15837 3253 12373
3253 12373 15837
12373 3253 15837
2159 6140 6990
6140 2159 6990
6990 2159 6140
5427 14688 27478
14688 5427 27478
27478 5427 14688
16888 15576 29851
29851 15576 16888
15576 16888 29851
24782 1212 17001
1212 17001 24782
17001 1212 24782
12780 9777 20841
9777 12780 20841
20841 9777 12780
2578 9966 18384
9966 2578 18384
18384 2578 9966
8960 14133 22680
14133 8960 22680
22680 8960 14133
27594 3070 25129
3070 25129 27594
25129 3070 27594
13424 9384 15618
15618 9384 13424
9384 13424 15618
4764 1555 11369
1555 4764 11369
11369 1555 4764
14793 11418 19712
11418 14793 19712
19712 11418 14793
9672 10178 22244
10178 9672 22244
22244 9672 10178
26879 3625 21214
3625 21214 26879
21214 3625 26879
19715 20868 23871
20868 19715 23871
23871 19715 20868
16772 18145 23189
23189 16772 18145
18145 16772 23189
817 24267 29681
24267 817 29681
29681 817 24267
2502 13347 20862
20862 2502 13347
13347 2502 20862
20379 7921 23801
7921 20379 23801
23801 7921 20379
11486 18497 20052
20052 11486 18497
18497 11486 20052
28903 9617 9792
9617 9792 28903
9792 9617 28903
22932 134 9973
9973 134 22932
134 9973 22932
11006 2639 19345
19345 2639 11006
2639 11006 19345
27445 7976 29149
29149 7976 27445
7976 27445 29149
5446 19764 26900
26900 5446 19764
19764 5446 26900
25723 1127 6883
6883 1127 25723
1127 6883 25723
12418 17656 19503
17656 12418 19503
19503 12418 17656
7324 8151 17264
17264 7324 8151
8151 7324 17264
27328 4833 5384
5384 4833 27328
4833 5384 27328
5300 5642 13425
13425 5300 5642
5642 5300 13425
836 3343 14679
14679 836 3343
3343 836 14679
3641 13517 21561
13517 3641 21561
21561 3641 13517
28319 2238 3486
2238 3486 28319
3486 2238 28319
2332 1594 4769
4769 1594 2332
1594 2332 4769
27304 13112 19362
13112 19362 27304
19362 13112 27304
16481 7760 15041
7760 15041 16481
15041 7760 16481
7125 5245 11738
11738 5245 7125
5245 7125 11738
19919 5816 7919
7919 5816 19919
5816 7919 19919
23973 6217 8543
8543 6217 23973
6217 8543 23973
10318 1622 9104
9104 1622 10318
1622 9104 10318
11304 16229 18690
18690 11304 16229
16229 11304 18690
9580 20802 24916
24916 9580 20802
20802 9580 24916
25314 14068 29080
29080 14068 25314
14068 25314 29080
11277 5215 17263
5215 11277 17263
17263 5215 11277
29880 10242 21186
21186 10242 29880
10242 21186 29880
18654 11313 28436
28436 11313 18654
11313 18654 28436
12562 1860 7286
7286 1860 12562
1860 7286 12562
8744 16453 17015
16453 8744 17015
17015 8744 16453
19037 23925 26838
23925 19037 26838
26838 19037 23925
10200 9956 24151
9956 10200 24151
24151 9956 10200
6302 10767 11120
10767 6302 11120
11120 6302 10767
28487 15162 26110
26110 15162 28487
15162 26110 28487
16703 5460 29489
5460 16703 29489
29489 5460 16703
27925 15880 26512
26512 15880 27925
15880 26512 27925
24425 11477 28120
11477 24425 28120
28120 11477 24425
21036 4545 9306
9306 4545 21036
4545 9306 21036
4532 7747 9800
7747 4532 9800
9800 4532 7747
20239 16741 27249
16741 20239 27249
27249 16741 20239
22800 9754 17885
9754 17885 22800
17885 9754 22800
11677 289 2597
2597 289 11677
289 2597 11677
17746 11335 13776
13776 11335 17746
11335 13776 17746
13854 13173 23242
13173 13854 23242
23242 13173 13854
15350 2201 17406
17406 2201 15350
2201 15350 17406
12620 16652 27388
16652 12620 27388
27388 12620 16652
13538 13300 24542
24542 13300 13538
13300 13538 24542
18422 12547 19297
19297 12547 18422
12547 18422 19297
17581 13897 28165
28165 13897 17581
13897 17581 28165
19252 4832 14903
14903 4832 19252
4832 14903 19252
12049 13981 23884
13981 12049 23884
23884 12049 13981
12901 783 29594
783 12901 29594
29594 783 12901
23808 8051 14620
8051 14620 23808
14620 8051 23808
13385 9897 21102
9897 13385 21102
21102 9897 13385
29773 14198 15820
14198 15820 29773
15820 14198 29773
164 12498 12629
12629 164 12498
12498 164 12629
608 17350 29590
17350 608 29590
29590 608 17350
19086 17985 26283
17985 19086 26283
26283 17985 19086
5059 10274 24979
10274 5059 24979
24979 5059 10274
1075 13184 19696
19696 1075 13184
13184 1075 19696
19011 7076 13549
7076 13549 19011
13549 7076 19011
534 10037 26735
26735 534 10037
10037 534 26735
4819 25787 26584
26584 4819 25787
25787 4819 26584
20042 2329 10504
10504 2329 20042
2329 10504 20042
6347 6625 10328
10328 6347 6625
6625 6347 10328
1304 3579 18831
3579 1304 18831
18831 1304 3579
9899 1507 15415
1507 9899 15415
15415 1507 9899
23949 13165 20735
13165 20735 23949
20735 13165 23949
22004 6866 17711
6866 17711 22004
17711 6866 22004
16982 4776 26840
26840 4776 16982
4776 16982 26840
8917 7860 22423
7860 8917 22423
22423 7860 8917
4814 25529 28253
25529 4814 28253
28253 4814 25529
8749 20118 20419
20419 8749 20118
20118 8749 20419
29268 4311 29631
4311 29268 29631
29631 4311 29268
1664 1171 21263
21263 1171 1664
1171 1664 21263
1186 26116 26309
26309 1186 26116
26116 1186 26309
1273 16630 28925
28925 1273 16630
16630 1273 28925
24781 9527 19336
9527 19336 24781
