16295 8902 21837
8902 16295 21837
21837 8902 16295
29379 14704 24843
24843 14704 29379
14704 24843 29379
4142 4771 10031
10031 4142 4771
4771 4142 10031
17761 28138 29606
28138 17761 29606
29606 17761 28138
24802 11729 25744
25744 11729 24802
11729 24802 25744
24220 10330 26057
10330 24220 26057
26057 10330 24220
1099 15559 29631
15559 1099 29631
29631 1099 15559
27981 6997 21439
6997 21439 27981
21439 6997 27981
2851 3944 28034
28034 2851 3944
3944 2851 28034
10444 12321 21544
21544 10444 12321
12321 10444 21544
10269 4614 17791
17791 4614 10269
4614 10269 17791
1883 6517 19839
6517 1883 19839
19839 1883 6517
8140 22663 22930
22930 8140 22663
22663 8140 22930
2606 1616 16945
16945 1616 2606
1616 2606 16945
27225 8895 21114
21114 8895 27225
8895 21114 27225
9467 7418 14678
14678 7418 9467
7418 9467 14678
20043 2425 26567
2425 20043 26567
26567 2425 20043
16980 7548 13359
7548 13359 16980
13359 7548 16980
1268 1439 8645
1439 1268 8645
8645 1268 1439
8381 8289 27310
27310 8289 8381
8289 8381 27310
19532 1164 28857
1164 19532 28857
28857 1164 19532
24720 16729 17878
16729 17878 24720
17878 16729 24720
8584 20497 27511
20497 8584 27511
27511 8584 20497
24362 15479 22573
22573 15479 24362
15479 22573 24362
27841 206 13226
13226 206 27841
206 13226 27841
15105 2124 5415
5415 2124 15105
2124 5415 15105
13852 19224 19462
19224 13852 19462
19462 13852 19224
2774 7149 9910
9910 2774 7149
7149 2774 9910
680 27210 29085
29085 680 27210
27210 680 29085
21722 1748 24374
24374 1748 21722
1748 21722 24374
15254 12608 27277
27277 12608 15254
12608 15254 27277
21421 439 22810
439 21421 22810
22810 439 21421
4390 10927 19397
10927 4390 19397
19397 4390 10927
2258 3112 19380
19380 2258 3112
3112 2258 19380
12333 2356 10026
10026 2356 12333
2356 10026 12333
9048 11423 29251
11423 9048 29251
29251 9048 11423
5713 8583 13561
13561 5713 8583
8583 5713 13561
4652 17658 24330
17658 4652 24330
24330 4652 17658
9435 21706 26125
21706 9435 26125
26125 9435 21706
22183 387 5512
5512 387 22183
387 5512 22183
2447 13480 29154
13480 2447 29154
29154 2447 13480
13801 1525 7153
1525 7153 13801
7153 1525 13801
14665 4379 27183
4379 14665 27183
27183 4379 14665
17060 5348 22576
5348 17060 22576
22576 5348 17060
9726 22065 28892
28892 9726 22065
22065 9726 28892
9502 9253 26591
9253 9502 26591
26591 9253 9502
374 18736 20556
20556 374 18736
18736 374 20556
22937 1371 19677
19677 1371 22937
1371 19677 22937
13534 1175 3461
1175 3461 13534
3461 1175 13534
25436 9503 14689
14689 9503 25436
9503 14689 25436
6144 11146 13362
13362 6144 11146
11146 6144 13362
19873 3160 19877
19877 3160 19873
3160 19873 19877
23095 5958 21057
21057 5958 23095
5958 21057 23095
15621 1156 14866
1156 14866 15621
14866 1156 15621
1149 5700 9986
5700 1149 9986
9986 1149 5700
5057 1736 21487
21487 1736 5057
1736 5057 21487
1738 19387 21163
19387 1738 21163
21163 1738 19387
27756 1704 18898
1704 18898 27756
18898 1704 27756
19800 12180 17029
12180 17029 19800
17029 12180 19800
15551 21448 21973
21973 15551 21448
21448 15551 21973
28680 14929 23105
23105 14929 28680
14929 23105 28680
5919 509 1692
509 1692 5919
1692 509 5919
9011 12989 25105
12989 9011 25105
25105 9011 12989
1216 1225 8736
8736 1216 1225
1225 1216 8736
28672 11305 14857
11305 14857 28672
14857 11305 28672
29818 8993 12935
12935 8993 29818
8993 12935 29818
24684 10313 28456
28456 10313 24684
10313 24684 28456
18942 12701 25017
12701 18942 25017
25017 12701 18942
18578 245 8204
245 8204 18578
8204 245 18578
13398 2252 18630
2252 13398 18630
18630 2252 13398
22188 9924 18969
18969 9924 22188
9924 18969 22188
5182 3752 11253
3752 5182 11253
11253 3752 5182
23244 6778 15117
15117 6778 23244
6778 15117 23244
17040 20439 27632
20439 17040 27632
27632 17040 20439
21592 9790 25720
25720 9790 21592
9790 21592 25720
8666 25409 27199
27199 8666 25409
25409 8666 27199
1851 3492 19063
19063 1851 3492
3492 1851 19063
8784 20185 24470
20185 8784 24470
24470 8784 20185
28968 17207 27448
17207 27448 28968
27448 17207 28968
21213 4433 7968
4433 7968 21213
7968 4433 21213
8441 18435 22193
22193 8441 18435
18435 8441 22193
17905 17755 22652
17755 17905 22652
22652 17755 17905
11135 2058 11650
11650 2058 11135
2058 11135 11650
15722 1571 10461
1571 10461 15722
10461 1571 15722
15955 1991 2654
2654 1991 15955
1991 2654 15955
24306 8437 23415
23415 8437 24306
8437 23415 24306
19143 15492 26760
15492 19143 26760
26760 15492 19143
12363 136 23574
136 12363 23574
23574 136 12363
18569 14650 27620
14650 18569 27620
27620 14650 18569
17211 25187 28376
28376 17211 25187
25187 17211 28376
3292 15294 28020
28020 3292 15294
15294 3292 28020
23662 5288 6552
5288 6552 23662
6552 5288 23662
3419 2782 15074
2782 3419 15074
15074 2782 3419
20473 8177 20061
20061 8177 20473
8177 20061 20473
10508 11619 19267
11619 10508 19267
19267 10508 11619
7807 5535 27591
5535 7807 27591
27591 5535 7807
10644 11471 29468
11471 10644 29468
29468 10644 11471
2507 8893 21560
8893 2507 21560
21560 2507 8893
27089 16536 27029
16536 27029 27089
27029 16536 27089
22771 5999 19717
5999 19717 22771
19717 5999 22771
10812 25020 25264
25020 10812 25264
25264 10812 25020
10280 14395 24533
24533 10280 14395
14395 10280 24533
24034 15759 18917
18917 15759 24034
15759 18917 24034
15139 6776 20452
20452 6776 15139
6776 15139 20452
29203 3166 7677
3166 7677 29203
7677 3166 29203
6807 17328 24356
17328 6807 24356
24356 6807 17328
12867 14720 29280
14720 12867 29280
29280 12867 14720
2100 10124 19533
10124 2100 19533
19533 2100 10124
624 1135 19960
19960 624 1135
1135 624 19960
26955 16798 23987
23987 16798 26955
16798 23987 26955
2497 256 8396
8396 256 2497
256 2497 8396
28488 9113 16407
16407 9113 28488
9113 16407 28488
10168 19157 26484
26484 10168 19157
19157 10168 26484
13082 7776 19700
19700 7776 13082
7776 13082 19700
24051 12330 16838
12330 16838 24051
16838 12330 24051
14809 8606 16319
8606 14809 16319
16319 8606 14809
18744 9559 26583
9559 18744 26583
26583 9559 18744
20364 4466 29511
29511 4466 20364
4466 20364 29511
1835 27649 27814
27814 1835 27649
27649 1835 27814
6966 15068 23781
23781 6966 15068
15068 6966 23781
27743 25941 28781
28781 25941 27743
25941 27743 28781
21339 4960 6121
4960 6121 21339
6121 4960 21339
27544 2995 23887
23887 2995 27544
2995 23887 27544
24688 2702 9376
9376 2702 24688
2702 9376 24688
11923 12521 21239
12521 11923 21239
21239 11923 12521
16965 9995 22365
9995 16965 22365
22365 9995 16965
8157 2803 21892
2803 8157 21892
21892 2803 8157
17467 6636 11428
6636 11428 17467
11428 6636 17467
7001 2490 8967
2490 7001 8967
8967 2490 7001
13271 16503 28290
28290 13271 16503
16503 13271 28290
1080 18308 28420
28420 1080 18308
18308 1080 28420
867 8669 23608
8669 867 23608
23608 867 8669
19953 5430 15612
15612 5430 19953
5430 15612 19953
16392 8643 18821
8643 16392 18821
18821 8643 16392
29428 2501 15033
15033 2501 29428
2501 15033 29428
29466 20201 21774
20201 21774 29466
21774 20201 29466
17521 2233 18616
18616 2233 17521
2233 17521 18616
15626 1200 16777
1200 15626 16777
16777 1200 15626
4932 4903 9788
9788 4903 4932
4903 4932 9788
23023 16384 18695
16384 18695 23023
18695 16384 23023
25958 6109 16626
16626 6109 25958
6109 16626 25958
14156 21415 25972
21415 14156 25972
25972 14156 21415
19805 10110 22036
22036 10110 19805
10110 19805 22036
10571 5725 17099
17099 5725 10571
5725 10571 17099
1890 5673 23242
5673 1890 23242
23242 1890 5673
6528 8352 13678
8352 6528 13678
13678 6528 8352
11215 12389 13167
12389 11215 13167
13167 11215 12389
910 10797 15826
10797 910 15826
15826 910 10797
24693 12939 24890
12939 24693 24890
24890 12939 24693
948 4293 8668
8668 948 4293
4293 948 8668
2532 8574 19490
19490 2532 8574
8574 2532 19490
23578 2510 25430
25430 2510 23578
2510 23578 25430
21541 5014 15129
5014 15129 21541
15129 5014 21541
14375 13582 24097
24097 13582 14375
13582 14375 24097
19505 877 4056
4056 877 19505
877 4056 19505
20003 9479 26498
9479 20003 26498
26498 9479 20003
14162 9175 10019
10019 9175 14162
9175 10019 14162
18153 1811 18288
18288 1811 18153
1811 18153 18288
24813 535 3948
3948 535 24813
535 3948 24813
28649 28251 28839
28839 28251 28649
28251 28649 28839
26104 10769 25589
25589 10769 26104
10769 25589 26104
2112 2712 17603
2712 2112 17603
17603 2112 2712
2168 13055 17823
13055 2168 17823
17823 2168 13055
7802 1606 9786
1606 7802 9786
9786 1606 7802
28943 11780 14115
11780 14115 28943
14115 11780 28943
20686 16187 18300
16187 18300 20686
18300 16187 20686
16733 4670 20301
4670 16733 20301
20301 4670 16733
14963 11337 16261
16261 11337 14963
11337 14963 16261
28476 3673 13016
13016 3673 28476
3673 13016 28476
28383 9100 16017
16017 9100 28383
9100 16017 28383
22774 14194 21830
14194 21830 22774
21830 14194 22774
6701 15783 27714
15783 6701 27714
27714 6701 15783
4311 8756 11794
11794 4311 8756
8756 4311 11794
904 12928 29745
29745 904 12928
12928 904 29745
27443 18553 25066
25066 18553 27443
18553 25066 27443
17057 3002 12419
12419 3002 17057
3002 12419 17057
5619 8877 25983
25983 5619 8877
8877 5619 25983
8488 6884 27320
6884 8488 27320
27320 6884 8488
21060 77 25659
77 21060 25659
25659 77 21060
18834 5704 15090
5704 15090 18834
15090 5704 18834
4575 9538 21265
9538 4575 21265
21265 4575 9538
21904 13633 14743
13633 14743 21904
14743 13633 21904
25626 3956 23883
23883 3956 25626
3956 23883 25626
18725 11013 19075
11013 18725 19075
19075 11013 18725
8776 4808 16631
16631 4808 8776
4808 8776 16631
6190 2740 25926
2740 6190 25926
25926 2740 6190
27914 12052 18374
18374 12052 27914
12052 18374 27914
17003 13510 26495
13510 17003 26495
26495 13510 17003
29971 6520 20489
6520 20489 29971
20489 6520 29971
17072 13718 18101
13718 17072 18101
18101 13718 17072
22675 13339 26830
26830 13339 22675
13339 22675 26830
25505 14572 25058
14572 25058 25505
25058 14572 25505
22628 11370 29045
11370 22628 29045
29045 11370 22628
20568 10541 27721
10541 20568 27721
27721 10541 20568
23641 2901 23753
23753 2901 23641
2901 23641 23753
2251 9449 17560
17560 2251 9449
9449 2251 17560
1867 20608 23553
23553 1867 20608
20608 1867 23553
7440 12760 25221
12760 7440 25221
25221 7440 12760
27038 9141 25254
9141 25254 27038
25254 9141 27038
20651 97 5216
97 5216 20651
5216 97 20651
23155 15496 18279
18279 15496 23155
15496 18279 23155
9337 17729 20588
17729 9337 20588
20588 9337 17729
28718 17324 23310
17324 23310 28718
23310 17324 28718
1232 20748 25220
20748 1232 25220
25220 1232 20748
5561 2975 12602
2975 5561 12602
12602 2975 5561
5802 13236 28287
28287 5802 13236
13236 5802 28287
16306 17133 23111
23111 16306 17133
17133 16306 23111
26564 21901 27269
27269 21901 26564
21901 26564 27269
26165 22586 24550
24550 22586 26165
22586 24550 26165
3245 22105 24619
24619 3245 22105
22105 3245 24619
26918 10044 20412
10044 20412 26918
20412 10044 26918
2669 22684 23198
23198 2669 22684
22684 2669 23198
16845 5732 12777
12777 5732 16845
5732 12777 16845
1214 9664 11274
9664 1214 11274
11274 1214 9664
22385 12042 17255
17255 12042 22385
12042 17255 22385
17337 28051 28610
28051 17337 28610
28610 17337 28051
2583 1301 15622
1301 2583 15622
15622 1301 2583
29323 465 20958
20958 465 29323
465 20958 29323
21535 12439 25259
25259 12439 21535
12439 21535 25259
1385 2446 28086
28086 1385 2446
2446 1385 28086
15655 5138 27803
27803 5138 15655
5138 15655 27803
2093 3003 10804
3003 2093 10804
10804 2093 3003
29938 11247 22515
11247 22515 29938
22515 11247 29938
8049 9155 25319
25319 8049 9155
9155 8049 25319
2976 4173 23805
4173 2976 23805
23805 2976 4173
5665 5941 8212
8212 5665 5941
5941 5665 8212
22837 7658 13472
13472 7658 22837
7658 13472 22837
12177 17327 26512
26512 12177 17327
17327 12177 26512
26719 12017 26531
26531 12017 26719
12017 26531 26719
5420 23195 23818
23195 5420 23818
23818 5420 23195
19128 2113 17078
2113 17078 19128
17078 2113 19128
15862 8305 29794
29794 8305 15862
8305 15862 29794
11352 6215 16857
6215 11352 16857
16857 6215 11352
27718 3942 5050
5050 3942 27718
3942 5050 27718
19393 1680 26919
26919 1680 19393
1680 19393 26919
13805 21807 24432
21807 13805 24432
24432 13805 21807
23937 13681 15230
13681 15230 23937
15230 13681 23937
4568 20706 27661
20706 4568 27661
27661 4568 20706
11528 17308 28891
28891 11528 17308
17308 11528 28891
3664 17289 28603
17289 3664 28603
28603 3664 17289
17220 12157 21776
21776 12157 17220
12157 17220 21776
6946 18375 23252
18375 6946 23252
23252 6946 18375
689 18263 21652
21652 689 18263
18263 689 21652
24751 20295 23485
20295 23485 24751
23485 20295 24751
28205 4313 18498
4313 18498 28205
18498 4313 28205
22335 3827 15737
15737 3827 22335
3827 15737 22335
2332 6975 27032
27032 2332 6975
6975 2332 27032
11919 14939 26436
26436 11919 14939
14939 11919 26436
16746 6524 19278
19278 6524 16746
6524 16746 19278
29467 18838 20944
18838 20944 29467
20944 18838 29467
19669 1443 11008
1443 11008 19669
11008 1443 19669
23647 7343 12057
12057 7343 23647
7343 12057 23647
11542 10715 21132
21132 10715 11542
10715 11542 21132
11576 9714 21928
21928 9714 11576
9714 11576 21928
15517 22203 23581
22203 15517 23581
23581 15517 22203
3341 19905 25188
19905 3341 25188
25188 3341 19905
15238 3803 9578
3803 9578 15238
9578 3803 15238
26782 4011 11475
11475 4011 26782
4011 11475 26782
4426 2421 20420
20420 2421 4426
2421 4426 20420
19487 24948 27593
24948 19487 27593
27593 19487 24948
9374 10778 28765
28765 9374 10778
10778 9374 28765
24681 25055 28539
28539 24681 25055
25055 24681 28539
6426 9082 22466
22466 6426 9082
9082 6426 22466
25044 18659 25204
18659 25044 25204
25204 18659 25044
10038 11796 14060
14060 10038 11796
11796 10038 14060
21167 3620 26404
3620 21167 26404
26404 3620 21167
10055 13050 27177
13050 10055 27177
27177 10055 13050
13505 5531 12159
12159 5531 13505
5531 12159 13505
26609 11648 23495
11648 23495 26609
23495 11648 26609
25930 6057 23741
6057 23741 25930
23741 6057 25930
23287 9310 11409
11409 9310 23287
9310 11409 23287
1153 8093 9932
8093 1153 9932
9932 1153 8093
11743 23782 25580
25580 11743 23782
23782 11743 25580
20973 5148 20994
5148 20973 20994
20994 5148 20973
27927 12125 21412
12125 21412 27927
21412 12125 27927
19510 6826 28714
6826 19510 28714
28714 6826 19510
5369 11018 28724
11018 5369 28724
28724 5369 11018
8148 18132 24328
24328 8148 18132
18132 8148 24328
29949 11417 20369
20369 11417 29949
11417 20369 29949
7954 26511 26797
26797 7954 26511
26511 7954 26797
6632 18037 19364
18037 6632 19364
19364 6632 18037
9906 14901 15683
15683 9906 14901
14901 9906 15683
18867 20253 25717
25717 18867 20253
20253 18867 25717
4520 10985 23189
10985 4520 23189
23189 4520 10985
16194 10913 19297
19297 10913 16194
10913 16194 19297
15083 13530 27516
13530 15083 27516
27516 13530 15083
6704 10277 22147
10277 6704 22147
22147 6704 10277
19030 23575 29566
29566 19030 23575
23575 19030 29566
12801 2000 13054
2000 12801 13054
13054 2000 12801
4222 9318 13502
9318 4222 13502
13502 4222 9318
19339 1060 25725
25725 1060 19339
1060 19339 25725
14683 4688 8029
8029 4688 14683
4688 8029 14683
6472 3837 4748
4748 3837 6472
3837 4748 6472
16669 9814 12014
9814 12014 16669
12014 9814 16669
24740 10338 16647
16647 10338 24740
10338 16647 24740
3573 5429 18322
18322 3573 5429
5429 3573 18322
29820 16730 17904
17904 16730 29820
16730 17904 29820
9166 21291 24580
21291 9166 24580
24580 9166 21291
64 14432 28928
14432 64 28928
28928 64 14432
24710 13447 23642
13447 23642 24710
23642 13447 24710
24249 9601 12422
9601 12422 24249
12422 9601 24249
3457 2980 21631
2980 3457 21631
21631 2980 3457
22061 4319 24611
4319 22061 24611
24611 4319 22061
18256 2316 28682
2316 18256 28682
28682 2316 18256
21871 11924 12560
11924 12560 21871
12560 11924 21871
22499 28406 29933
29933 22499 28406
28406 22499 29933
23992 4019 9846
9846 4019 23992
4019 9846 23992
10089 5977 20423
5977 10089 20423
20423 5977 10089
28607 10770 22858
10770 22858 28607
22858 10770 28607
7788 4118 13883
13883 4118 7788
4118 7788 13883
15317 16567 26834
26834 15317 16567
16567 15317 26834
27744 2049 28300
28300 2049 27744
2049 27744 28300
7721 8994 13592
8994 7721 13592
13592 7721 8994
18608 11530 28515
28515 11530 18608
11530 18608 28515
4876 19928 22934
19928 4876 22934
22934 4876 19928
10374 3236 21979
3236 10374 21979
21979 3236 10374
3565 13465 29186
13465 3565 29186
29186 3565 13465
13947 6753 24270
24270 6753 13947
6753 13947 24270
5309 2697 22391
22391 2697 5309
2697 5309 22391
4048 6768 11937
6768 4048 11937
11937 4048 6768
27415 6743 23392
6743 23392 27415
23392 6743 27415
24969 3121 21385
3121 21385 24969
21385 3121 24969
1444 14914 25535
25535 1444 14914
14914 1444 25535
7733 567 23197
23197 567 7733
567 7733 23197
12966 21658 22579
21658 12966 22579
22579 12966 21658
16395 2937 7413
2937 7413 16395
7413 2937 16395
7754 15915 26296
26296 7754 15915
15915 7754 26296
14350 18793 29394
29394 14350 18793
18793 14350 29394
10929 2011 25569
2011 10929 25569
25569 2011 10929
10139 18933 22790
18933 10139 22790
22790 10139 18933
8294 3889 27693
27693 3889 8294
3889 8294 27693
20286 23365 27075
27075 20286 23365
23365 20286 27075
286 18127 28094
28094 286 18127
18127 286 28094
23433 6650 15232
15232 6650 23433
6650 15232 23433
9817 11331 18972
11331 9817 18972
18972 9817 11331
4720 8017 21317
21317 4720 8017
8017 4720 21317
24170 1700 27821
27821 1700 24170
1700 24170 27821
1945 9727 13822
13822 1945 9727
9727 1945 13822
17509 7553 29873
29873 7553 17509
7553 17509 29873
28667 1273 28036
28036 1273 28667
1273 28036 28667
10188 9077 18458
9077 10188 18458
18458 9077 10188
1236 6478 28079
28079 1236 6478
6478 1236 28079
21249 12593 19255
12593 19255 21249
19255 12593 21249
9224 20862 25708
20862 9224 25708
25708 9224 20862
11945 4680 18113
4680 11945 18113
18113 4680 11945
22084 3101 5179
5179 3101 22084
3101 5179 22084
25499 16774 26062
16774 25499 26062
26062 16774 25499
19097 5638 11674
5638 11674 19097
11674 5638 19097
20340 1297 29928
29928 1297 20340
1297 20340 29928
21616 21744 25311
21744 21616 25311
25311 21616 21744
9836 5586 13334
13334 5586 9836
5586 9836 13334
8429 2433 18379
2433 8429 18379
18379 2433 8429
4014 14169 29111
14169 4014 29111
29111 4014 14169
15709 19287 21675
21675 15709 19287
19287 15709 21675
23724 9928 27036
9928 23724 27036
27036 9928 23724
12288 16773 21861
21861 12288 16773
16773 12288 21861
9220 11734 26236
26236 9220 11734
11734 9220 26236
991 4082 19861
19861 991 4082
4082 991 19861
6638 6677 11703
6677 6638 11703
11703 6638 6677
17009 5849 19137
19137 5849 17009
5849 17009 19137
10437 2030 7321
7321 2030 10437
2030 7321 10437
11842 2922 11655
11655 2922 11842
2922 11655 11842
12128 4507 14532
4507 12128 14532
14532 4507 12128
19500 11617 25514
25514 11617 19500
11617 19500 25514
18974 23104 27076
23104 18974 27076
27076 18974 23104
28559 26708 28153
26708 28153 28559
28153 26708 28559
14780 16527 25759
16527 14780 25759
25759 14780 16527
23028 10580 14994
14994 10580 23028
10580 14994 23028
25257 10287 29552
10287 25257 29552
29552 10287 25257
519 16775 25621
16775 519 25621
25621 519 16775
27216 6365 17203
6365 17203 27216
17203 6365 27216
3025 11849 24262
11849 3025 24262
24262 3025 11849
9043 19338 29526
29526 9043 19338
19338 9043 29526
16557 3754 28193
28193 3754 16557
3754 16557 28193
13807 6059 26265
6059 13807 26265
26265 6059 13807
28632 6691 11040
6691 11040 28632
11040 6691 28632
14332 10834 19489
19489 10834 14332
10834 14332 19489
14466 2294 6003
6003 2294 14466
2294 6003 14466
4403 591 23900
591 4403 23900
23900 591 4403
16204 6417 27634
27634 6417 16204
6417 16204 27634
9351 8453 16488
8453 9351 16488
16488 8453 9351
7992 10103 20652
10103 7992 20652
20652 7992 10103
3246 17162 21450
17162 3246 21450
21450 3246 17162
27713 2059 8600
8600 2059 27713
2059 8600 27713
24872 19253 23114
19253 23114 24872
23114 19253 24872
6780 5820 12679
12679 5820 6780
5820 6780 12679
14604 279 3347
279 3347 14604
3347 279 14604
8430 14345 25587
14345 8430 25587
25587 8430 14345
13332 12509 13206
13206 12509 13332
12509 13206 13332
27857 5929 8135
5929 8135 27857
8135 5929 27857
1586 14824 29277
14824 1586 29277
29277 1586 14824
3903 10182 25641
25641 3903 10182
10182 3903 25641
16573 12000 29221
29221 12000 16573
12000 16573 29221
7216 22069 28583
28583 7216 22069
22069 7216 28583
23769 21724 26335
21724 23769 26335
26335 21724 23769
19081 14177 25607
14177 19081 25607
25607 14177 19081
10789 6464 23311
6464 10789 23311
23311 6464 10789
16924 8060 28847
28847 8060 16924
8060 16924 28847
23822 2720 24381
2720 23822 24381
24381 2720 23822
8193 21735 28566
28566 8193 21735
21735 8193 28566
1972 27093 28930
28930 1972 27093
27093 1972 28930
3625 15811 17594
17594 3625 15811
15811 3625 17594
14615 4303 27116
4303 14615 27116
27116 4303 14615
9776 3 14322
3 9776 14322
14322 3 9776
5191 10829 25949
25949 5191 10829
10829 5191 25949
17842 5031 9465
5031 9465 17842
9465 5031 17842
17734 22796 29793
29793 17734 22796
22796 17734 29793
29429 13132 18062
18062 13132 29429
13132 18062 29429
16168 86 1844
86 1844 16168
1844 86 16168
12173 8317 10758
8317 10758 12173
10758 8317 12173
22760 7589 22137
22137 7589 22760
7589 22137 22760
3411 16422 28715
16422 3411 28715
28715 3411 16422
29181 20145 29884
20145 29181 29884
29884 20145 29181
26341 662 4202
4202 662 26341
662 4202 26341
18223 12877 23532
23532 12877 18223
12877 18223 23532
16170 6027 25290
6027 16170 25290
25290 6027 16170
16207 27712 27974
27974 16207 27712
27712 16207 27974
4505 9533 10698
10698 4505 9533
9533 4505 10698
23484 21243 25572
21243 23484 25572
25572 21243 23484
16105 2869 7260
2869 7260 16105
7260 2869 16105
15237 5033 17323
5033 15237 17323
17323 5033 15237
15835 3177 13780
13780 3177 15835
3177 13780 15835
11569 7625 15564
15564 7625 11569
7625 11569 15564
12652 13144 28489
13144 12652 28489
28489 12652 13144
8237 3795 18193
3795 8237 18193
18193 3795 8237
9195 8625 9761
8625 9195 9761
9761 8625 9195
3681 17111 29103
17111 3681 29103
29103 3681 17111
25377 979 18338
979 18338 25377
18338 979 25377
24717 2589 23169
23169 2589 24717
2589 23169 24717
28956 3637 5482
5482 3637 28956
3637 5482 28956
24544 3491 23338
3491 23338 24544
23338 3491 24544
26529 658 9615
9615 658 26529
658 9615 26529
18752 18347 26770
26770 18347 18752
18347 18752 26770
8433 21539 22546
22546 8433 21539
21539 8433 22546
16630 10434 24395
24395 10434 16630
10434 16630 24395
23826 7385 17214
17214 7385 23826
7385 17214 23826
1329 11315 25334
11315 1329 25334
25334 1329 11315
8325 1441 18878
1441 8325 18878
18878 1441 8325
19801 7043 7784
7784 7043 19801
7043 7784 19801
17811 11558 14437
14437 11558 17811
11558 14437 17811
27887 26913 29232
26913 27887 29232
29232 26913 27887
19464 21893 22431
21893 19464 22431
22431 19464 21893
4747 2717 9198
9198 2717 4747
2717 4747 9198
26716 676 26023
26023 676 26716
676 26023 26716
3349 2884 27565
2884 3349 27565
27565 2884 3349
26384 18587 23970
23970 18587 26384
18587 23970 26384
18148 7534 12832
12832 7534 18148
7534 12832 18148
3264 19653 25198
19653 3264 25198
25198 3264 19653
882 12921 14533
12921 882 14533
14533 882 12921
7433 1723 20648
1723 7433 20648
20648 1723 7433
10485 24657 25110
24657 10485 25110
25110 10485 24657
13835 6176 15746
6176 13835 15746
15746 6176 13835
18521 6308 16801
6308 16801 18521
16801 6308 18521
25451 15692 21389
15692 21389 25451
21389 15692 25451
19206 13374 23811
23811 13374 19206
13374 19206 23811
23675 1933 28572
1933 23675 28572
28572 1933 23675
16732 10647 25873
25873 10647 16732
10647 16732 25873
10156 3943 10638
10638 3943 10156
3943 10156 10638
15340 1400 21120
21120 1400 15340
1400 15340 21120
14520 5976 8037
5976 8037 14520
8037 5976 14520
974 399 13733
399 974 13733
13733 399 974
2856 21811 29231
21811 2856 29231
29231 2856 21811
19824 10245 18205
10245 18205 19824
18205 10245 19824
21552 3890 21620
21620 3890 21552
3890 21552 21620
19376 5494 6198
6198 5494 19376
5494 6198 19376
10774 1398 17322
1398 10774 17322
17322 1398 10774
12660 18074 21829
21829 12660 18074
18074 12660 21829
2550 5981 21584
21584 2550 5981
5981 2550 21584
7060 27252 29107
29107 7060 27252
27252 7060 29107
15723 16532 29267
16532 15723 29267
29267 15723 16532
29659 1088 14174
14174 1088 29659
1088 14174 29659
10967 27099 27243
27099 10967 27243
27243 10967 27099
21419 8186 20533
20533 8186 21419
8186 20533 21419
7951 2764 11712
11712 2764 7951
2764 7951 11712
18076 21615 25666
25666 18076 21615
21615 18076 25666
26574 3790 4600
4600 3790 26574
3790 4600 26574
3332 1488 16027
16027 1488 3332
1488 3332 16027
1430 11973 12175
11973 1430 12175
12175 1430 11973
27297 9634 10870
9634 10870 27297
10870 9634 27297
14568 10592 21210
10592 14568 21210
21210 10592 14568
9798 25869 28284
28284 9798 25869
25869 9798 28284
23045 13153 20371
13153 20371 23045
20371 13153 23045
16400 228 22597
22597 228 16400
228 16400 22597
11824 5658 9039
9039 5658 11824
5658 9039 11824
23605 6813 15345
15345 6813 23605
6813 15345 23605
12049 7680 14949
14949 7680 12049
7680 12049 14949
25113 10441 25760
25760 10441 25113
10441 25113 25760
5486 25805 26493
25805 5486 26493
26493 5486 25805
16802 5801 21425
21425 5801 16802
5801 16802 21425
12047 16515 23432
23432 12047 16515
16515 12047 23432
11379 21510 28843
28843 11379 21510
21510 11379 28843
21263 22224 29875
29875 21263 22224
22224 21263 29875
17919 8265 14164
8265 14164 17919
14164 8265 17919
18542 12474 17788
17788 12474 18542
12474 17788 18542
7333 15446 27113
27113 7333 15446
15446 7333 27113
1342 3647 17501
3647 1342 17501
17501 1342 3647
8000 7633 15944
15944 7633 8000
7633 8000 15944
3033 9046 27049
27049 3033 9046
9046 3033 27049
29078 6396 23521
6396 23521 29078
23521 6396 29078
17110 4933 13025
13025 4933 17110
4933 13025 17110
2092 5229 24317
5229 2092 24317
24317 2092 5229
29236 7966 14225
7966 14225 29236
14225 7966 29236
13260 7225 14721
7225 13260 14721
14721 7225 13260
4428 1299 17271
1299 4428 17271
17271 1299 4428
19879 27932 29208
29208 19879 27932
27932 19879 29208
28944 9725 11368
11368 9725 28944
9725 11368 28944
22990 7118 10298
7118 10298 22990
10298 7118 22990
392 7383 15400
7383 392 15400
15400 392 7383
214 9873 11395
9873 214 11395
11395 214 9873
9172 14316 29539
29539 9172 14316
14316 9172 29539
8790 21720 28216
28216 8790 21720
21720 8790 28216
8841 8699 18228
8699 8841 18228
18228 8699 8841
5574 3265 29122
29122 3265 5574
3265 5574 29122
10573 23691 25799
23691 10573 25799
25799 10573 23691
20 10439 26480
10439 20 26480
26480 20 10439
1189 20141 26360
20141 1189 26360
26360 1189 20141
18701 17873 20080
20080 17873 18701
17873 18701 20080
13724 8187 8973
8187 8973 13724
8973 8187 13724
19051 2177 18677
2177 18677 19051
18677 2177 19051
15413 12461 25307
25307 12461 15413
12461 15413 25307
8075 6448 7372
7372 6448 8075
6448 7372 8075
8444 6578 13253
13253 6578 8444
6578 8444 13253
28361 5946 10471
5946 10471 28361
10471 5946 28361
20942 5516 10992
5516 10992 20942
10992 5516 20942
7690 2254 3861
3861 2254 7690
2254 3861 7690
28659 19746 23396
19746 23396 28659
23396 19746 28659
12839 17718 29866
17718 12839 29866
29866 12839 17718
4090 4300 22748
22748 4090 4300
4300 4090 22748
14442 23358 25006
25006 14442 23358
23358 14442 25006
11855 7363 24900
24900 7363 11855
7363 11855 24900
1822 8463 26047
8463 1822 26047
26047 1822 8463
17645 18404 26453
26453 17645 18404
18404 17645 26453
25039 23751 26657
23751 25039 26657
26657 23751 25039
8670 3714 4843
3714 4843 8670
4843 3714 8670
22986 3325 13774
3325 13774 22986
13774 3325 22986
26626 4866 14023
4866 14023 26626
14023 4866 26626
17208 9110 14441
9110 14441 17208
14441 9110 17208
9052 24792 26739
24792 9052 26739
26739 9052 24792
16402 13826 20927
13826 16402 20927
20927 13826 16402
3060 15292 28223
28223 3060 15292
15292 3060 28223
16698 5926 15906
15906 5926 16698
5926 15906 16698
6545 2844 16981
2844 6545 16981
16981 2844 6545
14069 18699 22332
18699 14069 22332
22332 14069 18699
14899 11858 20353
11858 14899 20353
20353 11858 14899
15042 11913 22076
22076 11913 15042
11913 15042 22076
15528 118 29730
118 15528 29730
29730 118 15528
15769 10204 15452
15452 10204 15769
10204 15452 15769
1270 740 13471
740 1270 13471
13471 740 1270
16752 16302 24438
16302 16752 24438
24438 16302 16752
19040 24194 28907
28907 19040 24194
24194 19040 28907
1065 4940 20567
20567 1065 4940
4940 1065 20567
7152 22070 26075
22070 7152 26075
26075 7152 22070
22847 4634 21746
4634 21746 22847
21746 4634 22847
3774 15932 26435
15932 3774 26435
26435 3774 15932
29754 5018 10333
5018 10333 29754
10333 5018 29754
15203 15756 29781
15756 15203 29781
29781 15203 15756
22787 515 16685
16685 515 22787
515 16685 22787
18700 8896 12983
8896 12983 18700
12983 8896 18700
2758 13162 27426
13162 2758 27426
27426 2758 13162
6818 7797 16464
16464 6818 7797
7797 6818 16464
15985 8318 21051
21051 8318 15985
8318 15985 21051
23969 682 7215
682 7215 23969
7215 682 23969
17310 2731 11630
2731 11630 17310
11630 2731 17310
22681 2602 28021
2602 22681 28021
28021 2602 22681
4152 4158 27818
4158 4152 27818
27818 4152 4158
2302 2307 4572
2307 2302 4572
4572 2302 2307
14423 4430 21094
21094 4430 14423
4430 14423 21094
28624 4374 24299
4374 24299 28624
24299 4374 28624
27141 4254 24023
4254 24023 27141
24023 4254 27141
2269 13443 14477
13443 2269 14477
14477 2269 13443
13051 2473 24225
24225 2473 13051
2473 13051 24225
21229 22952 23142
22952 21229 23142
23142 21229 22952
27771 12567 14132
12567 14132 27771
14132 12567 27771
4611 2292 7306
7306 2292 4611
2292 4611 7306
11410 16688 18528
18528 11410 16688
16688 11410 18528
4126 4017 12761
4017 4126 12761
12761 4017 4126
13562 23713 26735
23713 13562 26735
26735 13562 23713
18482 13313 22830
13313 18482 22830
22830 13313 18482
22916 5623 23773
23773 5623 22916
5623 22916 23773
5017 497 11764
497 5017 11764
11764 497 5017
16826 845 8391
845 8391 16826
8391 845 16826
28023 4497 9748
4497 9748 28023
9748 4497 28023
18088 7142 16018
16018 7142 18088
7142 16018 18088
5190 25345 29139
25345 5190 29139
29139 5190 25345
19309 1358 11285
1358 11285 19309
11285 1358 19309
26535 5761 19052
5761 19052 26535
19052 5761 26535
19676 8834 23467
23467 8834 19676
8834 19676 23467
25475 480 22886
22886 480 25475
480 22886 25475
11374 6660 12021
12021 6660 11374
6660 11374 12021
16712 9464 19649
19649 9464 16712
9464 16712 19649
6394 12027 19096
12027 6394 19096
19096 6394 12027
5644 12191 18254
12191 5644 18254
18254 5644 12191
16656 16266 25516
25516 16266 16656
16266 16656 25516
24165 4864 8602
8602 4864 24165
4864 8602 24165
4401 11391 18274
18274 4401 11391
11391 4401 18274
6056 3141 29334
29334 3141 6056
3141 6056 29334
23318 17240 22433
22433 17240 23318
17240 22433 23318
13916 2579 11401
2579 11401 13916
11401 2579 13916
15406 13933 26107
26107 13933 15406
13933 15406 26107
14773 3643 5052
5052 3643 14773
3643 5052 14773
14818 13094 29942
29942 13094 14818
13094 14818 29942
23383 11946 29993
29993 11946 23383
11946 23383 29993
21199 10443 26947
10443 21199 26947
26947 10443 21199
10802 449 20823
449 10802 20823
20823 449 10802
6755 8507 9556
9556 6755 8507
8507 6755 9556
12458 11009 19353
19353 11009 12458
11009 12458 19353
9227 6866 19578
19578 6866 9227
6866 9227 19578
2557 17625 27164
27164 2557 17625
17625 2557 27164
22951 8479 15051
15051 8479 22951
8479 15051 22951
4499 16765 26389
16765 4499 26389
26389 4499 16765
1986 8566 22829
8566 1986 22829
22829 1986 8566
22737 24798 29395
24798 22737 29395
29395 22737 24798
12962 7500 13277
13277 7500 12962
7500 12962 13277
2061 22113 26133
22113 2061 26133
26133 2061 22113
5786 299 15920
299 5786 15920
15920 299 5786
12977 10401 12862
10401 12862 12977
12862 10401 12977
1323 27809 29607
27809 1323 29607
29607 1323 27809
20496 17820 23833
23833 17820 20496
17820 20496 23833
13569 593 12484
593 12484 13569
12484 593 13569
13031 24005 25538
25538 13031 24005
24005 13031 25538
2613 19586 20232
19586 2613 20232
20232 2613 19586
18500 12305 24072
12305 18500 24072
24072 12305 18500
10334 17938 23650
17938 10334 23650
23650 10334 17938
15040 6138 14944
14944 6138 15040
6138 14944 15040
15613 3660 19702
3660 15613 19702
19702 3660 15613
8665 6456 15834
6456 8665 15834
15834 6456 8665
6679 6015 10118
10118 6015 6679
6015 6679 10118
21629 15873 25481
15873 21629 25481
25481 15873 21629
24393 6697 12033
6697 12033 24393
12033 6697 24393
20751 13617 16299
13617 16299 20751
16299 13617 20751
20603 2333 14628
2333 14628 20603
14628 2333 20603
22636 10318 24253
10318 22636 24253
24253 10318 22636
11981 13020 13453
13020 11981 13453
13453 11981 13020
21508 15330 24913
15330 21508 24913
24913 15330 21508
27068 12441 24920
12441 24920 27068
24920 12441 27068
21512 11351 25009
25009 11351 21512
11351 21512 25009
7193 12505 20417
12505 7193 20417
20417 7193 12505
17944 10750 26114
26114 10750 17944
10750 17944 26114
13980 13904 18788
18788 13904 13980
13904 13980 18788
7223 5692 28581
28581 5692 7223
5692 7223 28581
5140 4376 27757
4376 5140 27757
27757 4376 5140
11321 13152 26979
13152 11321 26979
26979 11321 13152
17402 5760 8136
8136 5760 17402
5760 8136 17402
11166 6156 20223
6156 11166 20223
20223 6156 11166
14006 1515 19469
1515 14006 19469
19469 1515 14006
27299 1504 5524
5524 1504 27299
1504 5524 27299
16834 12063 29893
29893 12063 16834
12063 16834 29893
12315 20252 26692
26692 12315 20252
20252 12315 26692
5920 980 15486
980 5920 15486
15486 980 5920
21859 18270 25209
25209 18270 21859
18270 21859 25209
10651 24465 24806
24806 10651 24465
24465 10651 24806
3821 9287 20275
9287 3821 20275
20275 3821 9287
25648 19155 28922
19155 25648 28922
28922 19155 25648
26201 1313 6165
6165 1313 26201
1313 6165 26201
886 1845 8552
8552 886 1845
1845 886 8552
27275 21976 24062
21976 24062 27275
24062 21976 27275
16066 2081 6271
2081 6271 16066
6271 2081 16066
15239 7551 22511
22511 7551 15239
7551 15239 22511
12681 7303 18583
18583 7303 12681
7303 12681 18583
25723 5071 5405
5405 5071 25723
5071 5405 25723
5251 3630 12452
3630 5251 12452
12452 3630 5251
18512 13091 18872
13091 18512 18872
18872 13091 18512
8962 2991 19162
19162 2991 8962
2991 8962 19162
21666 16359 25325
25325 16359 21666
16359 21666 25325
14298 79 1401
79 1401 14298
1401 79 14298
8764 21900 22757
21900 8764 22757
22757 8764 21900
26058 13201 18286
13201 18286 26058
18286 13201 26058
23918 18860 25943
25943 18860 23918
18860 23918 25943
14789 17550 24971
17550 14789 24971
24971 14789 17550
4954 25431 26282
25431 4954 26282
26282 4954 25431
7281 5900 9720
9720 5900 7281
5900 7281 9720
24772 5099 22615
5099 22615 24772
22615 5099 24772
5413 9900 19437
19437 5413 9900
9900 5413 19437
23135 18647 27760
18647 23135 27760
27760 18647 23135
16876 26229 28638
26229 16876 28638
28638 16876 26229
12409 19938 29439
29439 12409 19938
19938 12409 29439
28507 2021 7932
2021 7932 28507
7932 2021 28507
26316 24212 26437
24212 26316 26437
26437 24212 26316
5513 2244 10053
10053 2244 5513
2244 5513 10053
27836 16922 21836
16922 21836 27836
21836 16922 27836
10987 5609 19023
19023 5609 10987
5609 10987 19023
1976 21343 27518
27518 1976 21343
21343 1976 27518
6120 2199 6014
6014 2199 6120
2199 6014 6120
4284 1636 20621
1636 4284 20621
20621 1636 4284
3311 11881 23218
23218 3311 11881
11881 3311 23218
10861 7189 18789
18789 7189 10861
7189 10861 18789
9305 15515 29568
15515 9305 29568
29568 9305 15515
5613 54 8627
8627 54 5613
54 5613 8627
29779 9152 16973
16973 9152 29779
9152 16973 29779
9221 23067 25704
23067 9221 25704
25704 9221 23067
4490 26101 28075
26101 4490 28075
28075 4490 26101
25296 9111 11940
11940 9111 25296
9111 11940 25296
18287 14188 25678
14188 18287 25678
25678 14188 18287
12433 10097 10901
10097 10901 12433
10901 10097 12433
25070 28484 29014
29014 25070 28484
28484 25070 29014
12693 14047 14590
14590 12693 14047
14047 12693 14590
12902 2391 19818
19818 2391 12902
2391 12902 19818
9037 12746 28889
28889 9037 12746
12746 9037 28889
29531 18824 22130
22130 18824 29531
18824 22130 29531
19538 12986 26539
26539 12986 19538
12986 19538 26539
25954 19367 28555
28555 19367 25954
19367 25954 28555
13753 14267 26327
14267 13753 26327
26327 13753 14267
24504 7436 16241
16241 7436 24504
7436 16241 24504
14970 2604 24906
24906 2604 14970
2604 14970 24906
21725 19851 23202
19851 21725 23202
23202 19851 21725
23718 1145 12417
1145 12417 23718
12417 1145 23718
22985 105 21682
105 21682 22985
21682 105 22985
10718 20692 22331
22331 10718 20692
20692 10718 22331
2023 15866 21913
21913 2023 15866
15866 2023 21913
20975 9517 13793
13793 9517 20975
9517 13793 20975
15936 19679 25173
19679 15936 25173
25173 15936 19679
15478 3787 11986
3787 11986 15478
11986 3787 15478
19975 13756 20068
20068 13756 19975
13756 19975 20068
21406 6991 13452
6991 13452 21406
13452 6991 21406
22166 5616 14458
5616 14458 22166
14458 5616 22166
6556 8362 9981
8362 6556 9981
9981 6556 8362
26758 2514 17282
2514 17282 26758
17282 2514 26758
18362 10490 29969
10490 18362 29969
29969 10490 18362
18364 4368 29006
4368 18364 29006
29006 4368 18364
8279 11461 19008
19008 8279 11461
11461 8279 19008
5632 13233 26709
26709 5632 13233
13233 5632 26709
10849 12786 25938
12786 10849 25938
25938 10849 12786
19455 4923 22679
4923 19455 22679
22679 4923 19455
14951 4042 25700
4042 14951 25700
25700 4042 14951
21887 12401 21766
21766 12401 21887
12401 21766 21887
20290 1356 14574
1356 14574 20290
14574 1356 20290
3526 14943 16120
14943 3526 16120
16120 3526 14943
21961 4117 14997
14997 4117 21961
4117 14997 21961
12266 2087 3666
3666 2087 12266
2087 3666 12266
9425 12810 18397
18397 9425 12810
12810 9425 18397
23247 3117 6039
3117 6039 23247
6039 3117 23247
5080 2566 26031
2566 5080 26031
26031 2566 5080
9838 3755 10572
10572 3755 9838
3755 9838 10572
18215 9550 21150
21150 9550 18215
9550 18215 21150
12804 11023 26130
26130 11023 12804
11023 12804 26130
25167 3355 7871
7871 3355 25167
3355 7871 25167
12273 17228 19254
17228 12273 19254
19254 12273 17228
23465 21988 24995
21988 23465 24995
24995 21988 23465
20206 8804 27539
27539 8804 20206
8804 20206 27539
28222 7953 8924
7953 8924 28222
8924 7953 28222
20826 21975 22180
21975 20826 22180
22180 20826 21975
19173 16501 24749
24749 16501 19173
16501 19173 24749
19386 13661 18236
18236 13661 19386
13661 18236 19386
23594 3793 20667
20667 3793 23594
3793 20667 23594
24986 5737 27770
5737 24986 27770
27770 5737 24986
25786 25206 25216
25216 25206 25786
25206 25216 25786
18842 781 14554
781 14554 18842
14554 781 18842
19968 4416 12517
4416 12517 19968
12517 4416 19968
19242 24386 28446
28446 19242 24386
24386 19242 28446
4973 3216 19705
3216 4973 19705
19705 3216 4973
1832 4441 23758
4441 1832 23758
23758 1832 4441
12565 16629 17830
16629 12565 17830
17830 12565 16629
14098 14259 26584
14259 14098 26584
26584 14098 14259
5387 196 1642
196 1642 5387
1642 196 5387
5738 2552 16255
16255 2552 5738
2552 5738 16255
21128 13438 23973
13438 21128 23973
23973 13438 21128
28418 1957 7971
7971 1957 28418
1957 7971 28418
22503 2996 12088
2996 12088 22503
12088 2996 22503
20019 14159 22976
22976 14159 20019
14159 20019 22976
17354 21027 23422
21027 17354 23422
23422 17354 21027
13030 6700 11042
6700 11042 13030
11042 6700 13030
13038 26964 28985
26964 13038 28985
28985 13038 26964
25861 8738 23176
8738 23176 25861
23176 8738 25861
13548 9252 24494
24494 9252 13548
9252 13548 24494
67 23243 24202
23243 67 24202
24202 67 23243
14331 2676 28000
28000 2676 14331
2676 14331 28000
9616 1922 2855
1922 2855 9616
2855 1922 9616
6089 261 28155
261 6089 28155
28155 261 6089
15248 20488 21218
20488 15248 21218
21218 15248 20488
1948 16633 18717
18717 1948 16633
16633 1948 18717
9902 8405 18018
18018 8405 9902
8405 9902 18018
20532 6263 16220
16220 6263 20532
6263 16220 20532
9988 24416 27233
27233 9988 24416
24416 9988 27233
3822 7887 18094
7887 3822 18094
18094 3822 7887
3743 15928 19589
19589 3743 15928
15928 3743 19589
1641 295 20542
295 1641 20542
20542 295 1641
1529 6131 20691
6131 1529 20691
20691 1529 6131
810 23614 28311
23614 810 28311
28311 810 23614
1042 2843 14045
2843 1042 14045
14045 1042 2843
5236 4078 11960
11960 4078 5236
4078 5236 11960
21555 3583 25823
25823 3583 21555
3583 21555 25823
22483 9715 28693
9715 22483 28693
28693 9715 22483
16703 11795 25817
25817 11795 16703
11795 16703 25817
14661 12899 26289
26289 12899 14661
12899 14661 26289
13952 14803 16174
16174 13952 14803
14803 13952 16174
28524 6963 18873
6963 18873 28524
18873 6963 28524
28083 15666 18116
18116 15666 28083
15666 18116 28083
