26694 16795 17339
17339 16795 26694
16795 17339 26694
12444 23892 28801
23892 12444 28801
28801 12444 23892
17981 16533 16749
16749 16533 17981
16533 16749 17981
13288 11548 21552
21552 11548 13288
11548 13288 21552
6019 8060 16175
16175 6019 8060
8060 6019 16175
20309 10735 23815
23815 10735 20309
10735 20309 23815
14771 18016 29326
29326 14771 18016
18016 14771 29326
17950 13111 18368
18368 13111 17950
13111 17950 18368
28002 1263 2789
1263 2789 28002
2789 1263 28002
3722 11074 21183
11074 3722 21183
21183 3722 11074
1318 2503 19984
19984 1318 2503
2503 1318 19984
13584 2401 25128
2401 13584 25128
25128 2401 13584
26637 10766 11947
11947 10766 26637
10766 11947 26637
22643 583 3201
583 3201 22643
3201 583 22643
9737 4434 9686
9686 4434 9737
4434 9686 9737
25633 8415 18938
18938 8415 25633
8415 18938 25633
240 20127 27778
20127 240 27778
27778 240 20127
11393 7333 26708
7333 11393 26708
26708 7333 11393
16475 6128 26705
26705 6128 16475
6128 16475 26705
5891 12606 18549
12606 5891 18549
18549 5891 12606
9286 21554 28650
21554 9286 28650
28650 9286 21554
27836 3970 8665
8665 3970 27836
3970 8665 27836
19157 12175 27474
27474 12175 19157
12175 19157 27474
24083 4378 29511
4378 24083 29511
29511 4378 24083
13812 9648 14061
14061 9648 13812
9648 13812 14061
17867 4974 21694
4974 17867 21694
21694 4974 17867
23097 19960 25703
25703 19960 23097
19960 23097 25703
11922 13886 14686
13886 11922 14686
14686 11922 13886
22911 1322 3029
1322 3029 22911
3029 1322 22911
16373 4287 7283
4287 7283 16373
7283 4287 16373
23053 5503 9606
5503 9606 23053
9606 5503 23053
2467 5937 12432
5937 2467 12432
12432 2467 5937
29096 411 26183
26183 411 29096
411 26183 29096
19283 7197 13374
7197 13374 19283
13374 7197 19283
19684 718 13335
13335 718 19684
718 13335 19684
12913 3732 7478
3732 7478 12913
7478 3732 12913
3206 1835 5310
5310 1835 3206
1835 3206 5310
24291 1770 1802
1770 1802 24291
1802 1770 24291
20421 11606 18509
11606 18509 20421
18509 11606 20421
3308 3760 9113
9113 3308 3760
3760 3308 9113
26642 4520 12814
12814 4520 26642
4520 12814 26642
8639 12472 29456
12472 8639 29456
29456 8639 12472
16900 1635 9473
1635 9473 16900
9473 1635 16900
17421 10097 15847
15847 10097 17421
10097 15847 17421
29011 1326 10327
10327 1326 29011
1326 10327 29011
2441 2181 6448
6448 2181 2441
2181 2441 6448
15797 3035 12836
3035 12836 15797
12836 3035 15797
6105 8089 25818
25818 6105 8089
8089 6105 25818
23554 7656 25966
7656 23554 25966
25966 7656 23554
15732 5101 9408
5101 9408 15732
9408 5101 15732
26595 2200 26814
26814 2200 26595
2200 26595 26814
4629 11869 23038
11869 4629 23038
23038 4629 11869
19068 11214 27775
11214 19068 27775
27775 11214 19068
14664 17076 29204
29204 14664 17076
17076 14664 29204
4281 6902 14552
6902 4281 14552
14552 4281 6902
18200 3270 5288
3270 5288 18200
5288 3270 18200
2675 16794 22649
22649 2675 16794
16794 2675 22649
2874 18787 19116
19116 2874 18787
18787 2874 19116
4305 23070 29751
29751 4305 23070
23070 4305 29751
26365 4142 22469
22469 4142 26365
4142 22469 26365
10458 11886 15068
11886 10458 15068
15068 10458 11886
590 9321 11810
9321 590 11810
11810 590 9321
23459 18172 29689
18172 23459 29689
29689 18172 23459
10126 4179 21286
4179 10126 21286
21286 4179 10126
13527 4381 14406
4381 13527 14406
14406 4381 13527
20516 5851 12468
12468 5851 20516
5851 12468 20516
20062 12297 23271
23271 12297 20062
12297 20062 23271
15194 14187 18581
14187 15194 18581
18581 14187 15194
11645 2992 5200
2992 5200 11645
5200 2992 11645
24486 15175 17113
17113 15175 24486
15175 17113 24486
10843 16210 27814
16210 10843 27814
27814 10843 16210
1480 5716 20933
20933 1480 5716
5716 1480 20933
15155 6708 14242
6708 14242 15155
14242 6708 15155
1560 2080 15903
2080 1560 15903
15903 1560 2080
5893 23666 24353
23666 5893 24353
24353 5893 23666
11116 6273 21675
21675 6273 11116
6273 11116 21675
18477 20943 28034
20943 18477 28034
28034 18477 20943
15795 13919 21941
13919 15795 21941
21941 13919 15795
14416 3888 13200
13200 3888 14416
3888 13200 14416
9680 9110 14423
9110 9680 14423
14423 9110 9680
14586 13785 25669
13785 14586 25669
25669 13785 14586
9395 4386 17253
4386 9395 17253
17253 4386 9395
9365 108 24583
108 9365 24583
24583 108 9365
11024 3811 8115
3811 8115 11024
8115 3811 11024
22123 10988 29567
10988 22123 29567
29567 10988 22123
10166 1196 18735
1196 10166 18735
18735 1196 10166
23884 23450 29307
29307 23450 23884
23450 23884 29307
27508 16234 16877
16877 16234 27508
16234 16877 27508
24726 19509 21878
21878 19509 24726
19509 21878 24726
10411 13115 23449
13115 10411 23449
23449 10411 13115
22108 4720 25757
25757 4720 22108
4720 22108 25757
22437 9062 10966
9062 10966 22437
10966 9062 22437
10009 18116 20384
18116 10009 20384
20384 10009 18116
27548 2170 28091
28091 2170 27548
2170 27548 28091
29602 10000 15578
15578 10000 29602
10000 15578 29602
11330 18008 29374
18008 11330 29374
29374 11330 18008
12644 18062 29877
18062 12644 29877
29877 12644 18062
4955 12676 19137
19137 4955 12676
12676 4955 19137
9442 10543 17043
17043 9442 10543
10543 9442 17043
3701 9619 13939
9619 3701 13939
13939 3701 9619
16256 9083 29253
9083 16256 29253
29253 9083 16256
13803 21922 27096
21922 13803 27096
27096 13803 21922
23829 198 23527
23527 198 23829
198 23527 23829
6431 7018 10219
10219 6431 7018
7018 6431 10219
25262 12101 28619
12101 25262 28619
28619 12101 25262
11550 11307 21977
11307 11550 21977
21977 11307 11550
24745 18468 28138
18468 24745 28138
28138 18468 24745
27099 21811 22260
21811 22260 27099
22260 21811 27099
22834 5933 6080
5933 6080 22834
6080 5933 22834
9341 12803 26395
12803 9341 26395
26395 9341 12803
11570 15274 20879
20879 11570 15274
15274 11570 20879
25021 18591 20186
18591 20186 25021
20186 18591 25021
19847 2639 11147
2639 11147 19847
11147 2639 19847
15217 4138 9305
4138 9305 15217
9305 4138 15217
19403 439 10762
439 10762 19403
10762 439 19403
15196 7777 14108
14108 7777 15196
7777 14108 15196
48 10287 26438
10287 48 26438
26438 48 10287
9519 3904 14274
14274 3904 9519
3904 9519 14274
1206 14725 16183
14725 1206 16183
16183 1206 14725
28896 21363 26257
21363 26257 28896
26257 21363 28896
13094 18006 25171
25171 13094 18006
18006 13094 25171
13721 901 4389
901 4389 13721
4389 901 13721
28625 18615 26709
26709 18615 28625
18615 26709 28625
42 9545 23039
9545 42 23039
23039 42 9545
13170 10715 23125
10715 13170 23125
23125 10715 13170
221 18380 25829
25829 221 18380
18380 221 25829
13513 2985 11871
11871 2985 13513
2985 11871 13513
5031 13203 28880
28880 5031 13203
13203 5031 28880
15307 8777 9246
8777 9246 15307
9246 8777 15307
22361 11800 20431
20431 11800 22361
11800 20431 22361
16372 20845 23400
23400 16372 20845
20845 16372 23400
11969 5231 22489
22489 5231 11969
5231 11969 22489
5585 26360 28816
26360 5585 28816
28816 5585 26360
1618 27395 28978
27395 1618 28978
28978 1618 27395
4484 7021 21045
21045 4484 7021
7021 4484 21045
11667 1031 3471
1031 3471 11667
3471 1031 11667
7174 10380 16679
10380 7174 16679
16679 7174 10380
7080 155 27829
27829 155 7080
155 7080 27829
16091 15738 27045
15738 16091 27045
27045 15738 16091
12905 27358 29175
29175 12905 27358
27358 12905 29175
7392 10295 15029
15029 7392 10295
10295 7392 15029
11317 1561 22136
22136 1561 11317
1561 11317 22136
10649 6559 12639
12639 6559 10649
6559 10649 12639
6858 12672 20821
20821 6858 12672
12672 6858 20821
22677 8024 13479
8024 13479 22677
13479 8024 22677
14810 9324 23919
23919 9324 14810
9324 14810 23919
16569 12437 18788
18788 12437 16569
12437 16569 18788
11658 13644 24750
24750 11658 13644
13644 11658 24750
11275 370 8917
8917 370 11275
370 8917 11275
7127 8574 24430
24430 7127 8574
8574 7127 24430
26132 5269 13621
5269 13621 26132
13621 5269 26132
4584 6699 27875
6699 4584 27875
27875 4584 6699
3694 13546 26665
26665 3694 13546
13546 3694 26665
2404 21188 22367
22367 2404 21188
21188 2404 22367
7167 28073 28265
28265 7167 28073
28073 7167 28265
24718 5095 8449
5095 8449 24718
8449 5095 24718
2329 2022 22384
22384 2022 2329
2022 2329 22384
16527 11540 13030
13030 11540 16527
11540 13030 16527
28999 10902 25455
10902 25455 28999
25455 10902 28999
9180 5007 23090
5007 9180 23090
23090 5007 9180
688 9457 28720
9457 688 28720
28720 688 9457
22407 3493 3585
3585 3493 22407
3493 3585 22407
26538 15556 19820
15556 19820 26538
19820 15556 26538
12542 23845 28833
23845 12542 28833
28833 12542 23845
3773 9527 10416
9527 3773 10416
10416 3773 9527
17411 5420 22973
5420 17411 22973
22973 5420 17411
29891 20175 26209
20175 26209 29891
26209 20175 29891
17036 23131 23999
23131 17036 23999
23999 17036 23131
29402 25554 28794
25554 28794 29402
28794 25554 29402
25037 2671 5754
5754 2671 25037
2671 5754 25037
20587 11819 15060
15060 11819 20587
11819 15060 20587
10507 6237 14838
14838 6237 10507
6237 10507 14838
23054 2898 15664
15664 2898 23054
2898 15664 23054
741 22715 25109
22715 741 25109
25109 741 22715
12941 17661 23006
17661 12941 23006
23006 12941 17661
3127 8458 17573
17573 3127 8458
8458 3127 17573
3286 14180 21159
14180 3286 21159
21159 3286 14180
20492 21388 24962
21388 20492 24962
24962 20492 21388
1531 15470 21192
21192 1531 15470
15470 1531 21192
3684 7841 21971
7841 3684 21971
21971 3684 7841
4124 4587 28529
28529 4124 4587
4587 4124 28529
18997 4874 10756
10756 4874 18997
4874 10756 18997
24519 4543 25762
4543 24519 25762
25762 4543 24519
17593 17103 28007
17103 17593 28007
28007 17103 17593
29921 8625 27023
27023 8625 29921
8625 27023 29921
21979 18427 24130
18427 21979 24130
24130 18427 21979
24881 1945 3877
3877 1945 24881
1945 3877 24881
7252 674 25232
674 7252 25232
25232 674 7252
12784 13580 17441
13580 12784 17441
17441 12784 13580
2930 18058 23171
23171 2930 18058
18058 2930 23171
26306 23363 28922
28922 23363 26306
23363 26306 28922
29044 21895 27582
21895 27582 29044
27582 21895 29044
3306 14785 22734
14785 3306 22734
22734 3306 14785
14842 5350 13652
5350 13652 14842
13652 5350 14842
27740 13613 22550
13613 22550 27740
22550 13613 27740
20478 17895 18695
18695 17895 20478
17895 18695 20478
1562 11457 19745
19745 1562 11457
11457 1562 19745
17227 14868 24000
14868 17227 24000
24000 14868 17227
25486 675 22014
22014 675 25486
675 22014 25486
27299 8049 12370
8049 12370 27299
12370 8049 27299
18774 7334 9213
7334 9213 18774
9213 7334 18774
23901 25194 27944
25194 23901 27944
27944 23901 25194
22194 1630 28447
1630 22194 28447
28447 1630 22194
10636 255 21317
255 10636 21317
21317 255 10636
11543 6973 17781
6973 11543 17781
17781 6973 11543
1413 19071 21773
21773 1413 19071
19071 1413 21773
21964 3581 28485
3581 21964 28485
28485 3581 21964
3503 7960 14895
7960 3503 14895
14895 3503 7960
29141 7153 27527
7153 27527 29141
27527 7153 29141
27789 22883 28251
22883 27789 28251
28251 22883 27789
14612 16704 19744
19744 14612 16704
16704 14612 19744
12912 12896 19961
19961 12896 12912
12896 12912 19961
13713 18672 20604
20604 13713 18672
18672 13713 20604
11514 7838 13538
13538 7838 11514
7838 11514 13538
27603 6254 26034
26034 6254 27603
6254 26034 27603
23970 19123 19935
19935 19123 23970
19123 19935 23970
6213 1782 29912
1782 6213 29912
29912 1782 6213
4806 18684 27322
18684 4806 27322
27322 4806 18684
11610 11013 22670
22670 11013 11610
11013 11610 22670
25284 2260 6086
2260 6086 25284
6086 2260 25284
5894 7978 8119
8119 5894 7978
7978 5894 8119
11006 9753 26581
9753 11006 26581
26581 9753 11006
21421 12115 26351
12115 21421 26351
26351 12115 21421
25040 14637 29791
29791 14637 25040
14637 25040 29791
28743 3452 13619
13619 3452 28743
3452 13619 28743
16400 3481 4792
4792 3481 16400
3481 4792 16400
1609 7904 13099
13099 1609 7904
7904 1609 13099
11542 19553 28178
28178 11542 19553
19553 11542 28178
11579 14932 27674
14932 11579 27674
27674 11579 14932
7997 14727 15965
14727 7997 15965
15965 7997 14727
26594 685 23032
685 23032 26594
23032 685 26594
1244 12690 19757
12690 1244 19757
19757 1244 12690
12613 20164 27183
27183 12613 20164
20164 12613 27183
869 1088 29109
1088 869 29109
29109 869 1088
20540 4819 23106
23106 4819 20540
4819 20540 23106
18083 21263 24397
24397 18083 21263
21263 18083 24397
3058 10060 12680
12680 3058 10060
10060 3058 12680
9715 12687 26450
12687 9715 26450
26450 9715 12687
23452 1929 18233
18233 1929 23452
1929 18233 23452
7176 8959 15478
8959 7176 15478
15478 7176 8959
5285 13080 18553
13080 5285 18553
18553 5285 13080
13447 3495 19615
3495 13447 19615
19615 3495 13447
12207 18622 25193
18622 12207 25193
25193 12207 18622
1275 1749 22907
22907 1275 1749
1749 1275 22907
15976 16281 28986
16281 15976 28986
28986 15976 16281
29025 851 3590
3590 851 29025
851 3590 29025
12786 5381 22772
5381 12786 22772
22772 5381 12786
10116 10875 15461
10875 10116 15461
15461 10116 10875
238 22473 29370
29370 238 22473
22473 238 29370
28951 1110 13458
1110 13458 28951
13458 1110 28951
27855 9817 18462
9817 18462 27855
18462 9817 27855
9878 8966 28190
8966 9878 28190
28190 8966 9878
10662 6899 20469
20469 6899 10662
6899 10662 20469
22060 9297 27434
9297 22060 27434
27434 9297 22060
4362 4610 28677
28677 4362 4610
4610 4362 28677
29737 5318 25163
5318 25163 29737
25163 5318 29737
25014 975 19132
19132 975 25014
975 19132 25014
5500 170 15110
170 5500 15110
15110 170 5500
20395 8075 15876
8075 15876 20395
15876 8075 20395
7518 15280 24546
15280 7518 24546
24546 7518 15280
12135 3391 4509
4509 3391 12135
3391 4509 12135
21181 10648 21325
10648 21181 21325
21325 10648 21181
25911 18990 25504
25504 18990 25911
18990 25504 25911
12614 11534 25432
11534 12614 25432
25432 11534 12614
23589 2542 20128
2542 20128 23589
20128 2542 23589
6094 21459 25776
25776 6094 21459
21459 6094 25776
11009 6799 10632
6799 10632 11009
10632 6799 11009
13192 10884 13400
13400 10884 13192
10884 13192 13400
8592 16938 22080
22080 8592 16938
16938 8592 22080
2672 16856 17671
17671 2672 16856
16856 2672 17671
26588 12772 18981
12772 18981 26588
18981 12772 26588
14971 11968 13494
13494 11968 14971
11968 13494 14971
9242 5727 26290
5727 9242 26290
26290 5727 9242
29001 6959 12787
12787 6959 29001
6959 12787 29001
27353 4274 19938
4274 19938 27353
19938 4274 27353
22423 6253 9891
6253 9891 22423
9891 6253 22423
5011 9291 13899
9291 5011 13899
13899 5011 9291
23332 7121 24739
7121 23332 24739
24739 7121 23332
2423 10851 20538
10851 2423 20538
20538 2423 10851
13408 273 2456
2456 273 13408
273 2456 13408
22209 10191 17182
10191 17182 22209
17182 10191 22209
16161 17514 23958
17514 16161 23958
23958 16161 17514
5853 1623 7751
1623 5853 7751
7751 1623 5853
21841 5400 21871
21871 5400 21841
5400 21841 21871
18738 27396 28477
28477 18738 27396
27396 18738 28477
20065 11533 25018
11533 20065 25018
25018 11533 20065
27154 7625 10838
7625 10838 27154
10838 7625 27154
2650 4547 11737
4547 2650 11737
11737 2650 4547
25321 8730 19075
8730 19075 25321
19075 8730 25321
22426 2468 24781
2468 22426 24781
24781 2468 22426
26445 2416 29010
2416 26445 29010
29010 2416 26445
29811 29790 29822
29790 29811 29822
29822 29790 29811
23849 13531 22530
22530 13531 23849
13531 22530 23849
29023 6388 26626
26626 6388 29023
6388 26626 29023
18290 5167 24050
24050 5167 18290
5167 18290 24050
12750 18485 22091
18485 12750 22091
22091 12750 18485
17481 2057 7864
7864 2057 17481
2057 7864 17481
5253 2676 7812
7812 2676 5253
2676 5253 7812
29020 3074 21506
3074 21506 29020
21506 3074 29020
3331 10391 11853
10391 3331 11853
11853 3331 10391
1066 5892 10103
10103 1066 5892
5892 1066 10103
10055 6259 11419
6259 10055 11419
11419 6259 10055
14673 6993 24254
6993 14673 24254
24254 6993 14673
21576 12186 17550
12186 17550 21576
17550 12186 21576
23085 19826 26592
19826 23085 26592
26592 19826 23085
9819 4873 29738
29738 4873 9819
4873 9819 29738
7794 19628 24764
19628 7794 24764
24764 7794 19628
8934 8848 13232
8848 8934 13232
13232 8848 8934
23414 6843 24368
6843 23414 24368
24368 6843 23414
22803 18050 23851
18050 22803 23851
23851 18050 22803
29663 6949 17650
6949 17650 29663
17650 6949 29663
16939 8515 15243
15243 8515 16939
8515 15243 16939
7874 17084 27986
27986 7874 17084
17084 7874 27986
22864 7563 15469
7563 15469 22864
15469 7563 22864
24047 10977 25358
25358 10977 24047
10977 24047 25358
21679 7854 11185
7854 11185 21679
11185 7854 21679
17234 1310 4859
4859 1310 17234
1310 4859 17234
29091 7477 10571
10571 7477 29091
7477 10571 29091
28660 4870 24201
24201 4870 28660
4870 24201 28660
6543 19219 26607
26607 6543 19219
19219 6543 26607
10752 5249 11728
11728 5249 10752
5249 10752 11728
1163 18827 25926
18827 1163 25926
25926 1163 18827
17068 15057 20623
20623 15057 17068
15057 17068 20623
4336 11698 24786
11698 4336 24786
24786 4336 11698
13904 17826 28105
17826 13904 28105
28105 13904 17826
4544 8930 13622
8930 4544 13622
13622 4544 8930
27117 2659 24413
24413 2659 27117
2659 24413 27117
1078 27484 28095
27484 1078 28095
28095 1078 27484
14256 10421 17433
17433 10421 14256
10421 14256 17433
2547 4890 5386
4890 2547 5386
5386 2547 4890
11205 7980 29758
7980 11205 29758
29758 7980 11205
26754 1650 1834
1650 1834 26754
1834 1650 26754
14011 19290 25912
25912 14011 19290
19290 14011 25912
24835 10560 20353
20353 10560 24835
10560 20353 24835
29423 11499 14687
11499 14687 29423
14687 11499 29423
17224 9117 25336
9117 17224 25336
25336 9117 17224
25361 1744 14498
1744 14498 25361
14498 1744 25361
29783 9047 14503
14503 9047 29783
9047 14503 29783
2015 6274 25421
6274 2015 25421
25421 2015 6274
22196 5963 22673
5963 22196 22673
22673 5963 22196
13169 3339 27205
3339 13169 27205
27205 3339 13169
19480 534 16998
16998 534 19480
534 16998 19480
2089 9416 26721
9416 2089 26721
26721 2089 9416
3361 815 27572
27572 815 3361
815 3361 27572
10698 1860 21776
1860 10698 21776
21776 1860 10698
14698 1862 19944
19944 1862 14698
1862 14698 19944
18895 714 25299
714 18895 25299
25299 714 18895
14228 22348 23940
22348 14228 23940
23940 14228 22348
419 2215 7282
2215 419 7282
7282 419 2215
2347 13729 28807
28807 2347 13729
13729 2347 28807
20239 11520 13575
13575 11520 20239
11520 13575 20239
11761 14669 26162
14669 11761 26162
26162 11761 14669
18030 16092 22711
22711 16092 18030
16092 18030 22711
12447 19115 23943
19115 12447 23943
23943 12447 19115
11376 11695 29505
29505 11376 11695
11695 11376 29505
10771 11209 28366
28366 10771 11209
11209 10771 28366
26647 402 12413
402 12413 26647
12413 402 26647
10469 10343 25974
25974 10343 10469
10343 10469 25974
24089 18234 28160
18234 24089 28160
28160 18234 24089
21082 5516 22679
5516 21082 22679
22679 5516 21082
1388 14478 17450
17450 1388 14478
14478 1388 17450
10377 11200 29517
29517 10377 11200
11200 10377 29517
23133 6001 6316
6001 6316 23133
6316 6001 23133
18920 7415 29037
7415 18920 29037
29037 7415 18920
5065 5938 21479
21479 5065 5938
5938 5065 21479
24882 10588 24294
10588 24294 24882
24294 10588 24882
16460 21753 25904
25904 16460 21753
21753 16460 25904
8527 1399 24349
24349 1399 8527
1399 8527 24349
27335 756 4803
756 4803 27335
4803 756 27335
23429 10297 15773
10297 15773 23429
15773 10297 23429
18067 18984 23870
23870 18067 18984
18984 18067 23870
19862 6385 24824
24824 6385 19862
6385 19862 24824
653 9230 29308
9230 653 29308
29308 653 9230
9535 1573 3831
3831 1573 9535
1573 3831 9535
1757 1982 12000
12000 1757 1982
1982 1757 12000
29503 13005 14558
14558 13005 29503
13005 14558 29503
29545 11371 13549
11371 13549 29545
13549 11371 29545
16671 20771 23104
20771 16671 23104
23104 16671 20771
19633 17743 20428
20428 17743 19633
17743 19633 20428
6554 6991 23273
23273 6554 6991
6991 6554 23273
14862 7954 26997
7954 14862 26997
26997 7954 14862
21899 21683 23484
23484 21683 21899
21683 21899 23484
10724 3028 29693
29693 3028 10724
3028 10724 29693
2353 16142 23200
23200 2353 16142
16142 2353 23200
4195 491 23267
23267 491 4195
491 4195 23267
9472 2440 22359
2440 9472 22359
22359 2440 9472
1134 14961 16311
16311 1134 14961
14961 1134 16311
19988 1464 21608
1464 19988 21608
21608 1464 19988
11105 9193 18337
9193 11105 18337
18337 9193 11105
3530 15748 25364
25364 3530 15748
15748 3530 25364
11104 17373 21791
17373 11104 21791
21791 11104 17373
20749 3806 21659
3806 20749 21659
21659 3806 20749
3051 18633 25084
18633 3051 25084
25084 3051 18633
11237 3203 24578
3203 11237 24578
24578 3203 11237
13180 409 15765
15765 409 13180
409 13180 15765
20627 15441 16549
15441 16549 20627
16549 15441 20627
2418 12335 18625
12335 2418 18625
18625 2418 12335
16726 28253 29661
29661 16726 28253
28253 16726 29661
15278 6871 20148
6871 15278 20148
20148 6871 15278
12281 1212 27601
27601 1212 12281
1212 12281 27601
20626 1098 28057
28057 1098 20626
1098 20626 28057
24899 18069 18862
18069 18862 24899
18862 18069 24899
24202 7372 12053
12053 7372 24202
7372 12053 24202
20672 7000 10221
10221 7000 20672
7000 10221 20672
22369 10094 18951
10094 18951 22369
18951 10094 22369
3016 971 26085
26085 971 3016
971 3016 26085
17490 9044 14886
9044 14886 17490
14886 9044 17490
16536 14186 28206
14186 16536 28206
28206 14186 16536
11646 9130 23677
9130 11646 23677
23677 9130 11646
18647 11156 20745
20745 11156 18647
11156 18647 20745
1359 19783 25110
19783 1359 25110
25110 1359 19783
978 7619 19350
7619 978 19350
19350 978 7619
11919 15734 22413
15734 11919 22413
22413 11919 15734
20877 2774 18250
18250 2774 20877
2774 18250 20877
13733 1493 19784
19784 1493 13733
1493 13733 19784
24692 1290 19234
1290 19234 24692
19234 1290 24692
24113 6224 13262
13262 6224 24113
6224 13262 24113
29157 4770 27393
27393 4770 29157
4770 27393 29157
11586 562 898
898 562 11586
562 898 11586
21784 1428 24340
1428 21784 24340
24340 1428 21784
24544 4196 4891
4196 4891 24544
4891 4196 24544
11735 12619 13449
13449 11735 12619
12619 11735 13449
13324 224 14762
224 13324 14762
14762 224 13324
3153 20132 20436
20436 3153 20132
20132 3153 20436
1836 14825 16338
14825 1836 16338
16338 1836 14825
9107 6109 25920
6109 9107 25920
25920 6109 9107
26291 173 25799
25799 173 26291
173 25799 26291
25253 532 4699
4699 532 25253
532 4699 25253
3405 6334 24514
24514 3405 6334
6334 3405 24514
3611 12964 18589
12964 3611 18589
18589 3611 12964
18253 6282 10728
10728 6282 18253
6282 10728 18253
3039 3872 4055
3872 3039 4055
4055 3039 3872
52 15355 23821
15355 52 23821
23821 52 15355
22967 7638 18223
7638 18223 22967
18223 7638 22967
18836 16857 29068
16857 18836 29068
29068 16857 18836
26390 10239 10451
10239 10451 26390
10451 10239 26390
2124 1287 19872
19872 1287 2124
1287 2124 19872
410 459 16454
16454 410 459
459 410 16454
9744 8361 12399
8361 9744 12399
12399 8361 9744
3936 13405 14421
13405 3936 14421
14421 3936 13405
21782 1008 26033
1008 21782 26033
26033 1008 21782
21702 4546 27755
4546 21702 27755
27755 4546 21702
8964 9884 26672
9884 8964 26672
26672 8964 9884
28697 1459 18401
18401 1459 28697
1459 18401 28697
23847 12064 15555
15555 12064 23847
12064 15555 23847
29255 29394 29736
29736 29255 29394
29394 29255 29736
8783 14401 27243
27243 8783 14401
14401 8783 27243
22858 8617 19782
19782 8617 22858
8617 19782 22858
28188 7639 8686
8686 7639 28188
7639 8686 28188
21017 4002 25922
25922 4002 21017
4002 21017 25922
12839 530 8724
530 8724 12839
8724 530 12839
3875 4068 13007
13007 3875 4068
4068 3875 13007
3202 1940 24623
1940 3202 24623
24623 1940 3202
5468 279 9888
279 5468 9888
9888 279 5468
15913 25683 26394
26394 15913 25683
25683 15913 26394
5458 1921 6464
6464 1921 5458
1921 5458 6464
8597 19887 21078
21078 8597 19887
19887 8597 21078
1403 1385 11927
1385 1403 11927
11927 1385 1403
6200 3693 17053
3693 6200 17053
17053 3693 6200
11389 18640 28856
28856 11389 18640
18640 11389 28856
17285 22573 28412
28412 17285 22573
22573 17285 28412
20502 4513 22548
4513 20502 22548
22548 4513 20502
25644 12475 18801
18801 12475 25644
12475 18801 25644
2871 12799 22066
12799 2871 22066
22066 2871 12799
19928 14775 26969
14775 19928 26969
26969 14775 19928
26638 203 19190
203 19190 26638
19190 203 26638
9909 16574 21283
16574 9909 21283
21283 9909 16574
15506 5030 20847
5030 15506 20847
20847 5030 15506
4218 5965 7221
5965 4218 7221
7221 4218 5965
25885 10481 27249
27249 10481 25885
10481 25885 27249
8773 5204 10463
5204 8773 10463
10463 5204 8773
25797 7585 7976
7585 7976 25797
7976 7585 25797
4276 9441 13355
9441 4276 13355
13355 4276 9441
5648 1352 7381
1352 5648 7381
7381 1352 5648
11315 1541 23447
1541 11315 23447
23447 1541 11315
28079 26739 29341
26739 28079 29341
29341 26739 28079
26611 10155 18799
10155 18799 26611
18799 10155 26611
9718 8431 20066
8431 9718 20066
20066 8431 9718
6367 9487 12749
9487 6367 12749
12749 6367 9487
7243 2957 4292
2957 4292 7243
4292 2957 7243
4575 12327 27064
12327 4575 27064
27064 4575 12327
11474 14835 27659
14835 11474 27659
27659 11474 14835
20250 5724 9089
5724 9089 20250
9089 5724 20250
26235 1911 27687
27687 1911 26235
1911 26235 27687
22152 3226 13722
3226 13722 22152
13722 3226 22152
28167 11634 24240
11634 24240 28167
24240 11634 28167
3928 4576 24407
24407 3928 4576
4576 3928 24407
28410 11126 14897
14897 11126 28410
11126 14897 28410
18104 183 17503
17503 183 18104
183 17503 18104
4268 10606 19987
19987 4268 10606
10606 4268 19987
25839 6372 23149
6372 23149 25839
23149 6372 25839
22865 4880 16896
16896 4880 22865
4880 16896 22865
18570 15812 20534
20534 15812 18570
15812 18570 20534
7232 7378 27741
27741 7232 7378
7378 7232 27741
24957 5956 25078
25078 5956 24957
5956 24957 25078
24508 22838 23113
23113 22838 24508
22838 23113 24508
27263 4512 29444
29444 4512 27263
4512 27263 29444
16108 4999 21015
4999 16108 21015
21015 4999 16108
29887 17486 20850
17486 20850 29887
20850 17486 29887
11276 24179 29388
24179 11276 29388
29388 11276 24179
4570 2131 26837
2131 4570 26837
26837 2131 4570
2231 10332 26526
26526 2231 10332
10332 2231 26526
28703 9306 12465
9306 12465 28703
12465 9306 28703
2099 18228 29349
29349 2099 18228
18228 2099 29349
14117 15669 20642
20642 14117 15669
15669 14117 20642
24989 2398 16262
16262 2398 24989
2398 16262 24989
18989 5125 26315
26315 5125 18989
5125 18989 26315
13737 8464 27011
8464 13737 27011
27011 8464 13737
125 5099 15894
5099 125 15894
15894 125 5099
1708 9197 14017
9197 1708 14017
14017 1708 9197
6976 9129 22192
9129 6976 22192
22192 6976 9129
5445 20030 28377
20030 5445 28377
28377 5445 20030
504 21766 24443
24443 504 21766
21766 504 24443
7211 3342 6677
6677 3342 7211
3342 6677 7211
7219 18151 29994
18151 7219 29994
29994 7219 18151
9133 3106 16765
16765 3106 9133
3106 9133 16765
7782 1969 9087
1969 7782 9087
9087 1969 7782
26358 5538 11030
5538 11030 26358
11030 5538 26358
18613 609 15149
15149 609 18613
609 15149 18613
24654 12076 27536
12076 24654 27536
27536 12076 24654
3315 24100 25100
25100 3315 24100
24100 3315 25100
27282 14351 17888
17888 14351 27282
14351 17888 27282
8739 5740 9248
9248 5740 8739
5740 8739 9248
23507 8489 22167
8489 22167 23507
22167 8489 23507
25427 14231 29579
29579 14231 25427
14231 25427 29579
19414 10334 12170
12170 10334 19414
10334 12170 19414
16366 12007 23139
23139 12007 16366
12007 16366 23139
27141 11931 28246
28246 11931 27141
11931 27141 28246
21229 6283 19897
6283 19897 21229
19897 6283 21229
1723 9897 19265
9897 1723 19265
19265 1723 9897
28992 5498 23295
23295 5498 28992
5498 23295 28992
18463 12915 22896
12915 18463 22896
22896 12915 18463
13977 1013 28851
28851 1013 13977
1013 13977 28851
4627 15816 28608
28608 4627 15816
15816 4627 28608
10248 22505 27806
27806 10248 22505
22505 10248 27806
15532 6529 28502
28502 6529 15532
6529 15532 28502
16300 13358 21864
21864 13358 16300
13358 16300 21864
25891 17131 18789
18789 17131 25891
17131 18789 25891
26063 7072 29621
29621 7072 26063
7072 26063 29621
10607 19051 21809
19051 10607 21809
21809 10607 19051
14974 572 7471
572 7471 14974
7471 572 14974
9364 10602 26078
10602 9364 26078
26078 9364 10602
18639 18950 28780
28780 18639 18950
18950 18639 28780
12214 13533 27015
13533 12214 27015
27015 12214 13533
2367 16768 19939
19939 2367 16768
16768 2367 19939
3070 10656 26829
26829 3070 10656
10656 3070 26829
9086 10859 17667
10859 9086 17667
17667 9086 10859
15971 14710 17235
17235 14710 15971
14710 15971 17235
19915 5082 20219
5082 19915 20219
20219 5082 19915
28370 16772 21757
16772 21757 28370
21757 16772 28370
12731 3836 10056
3836 10056 12731
10056 3836 12731
18720 23 16231
23 16231 18720
16231 23 18720
28546 5343 6564
6564 5343 28546
5343 6564 28546
28715 11134 19700
19700 11134 28715
11134 19700 28715
4390 6056 14131
14131 4390 6056
6056 4390 14131
8298 14822 25152
14822 8298 25152
25152 8298 14822
13301 10708 27759
10708 13301 27759
27759 10708 13301
943 1554 17844
1554 943 17844
17844 943 1554
20523 12794 20295
12794 20295 20523
20295 12794 20523
7689 15318 25237
15318 7689 25237
25237 7689 15318
28558 15864 25519
25519 15864 28558
15864 25519 28558
11062 4772 9902
4772 9902 11062
9902 4772 11062
27367 4829 8993
4829 8993 27367
8993 4829 27367
27254 1869 26190
26190 1869 27254
1869 26190 27254
16906 21341 26869
21341 16906 26869
26869 16906 21341
6777 2596 8771
2596 6777 8771
8771 2596 6777
20368 18388 23706
23706 18388 20368
18388 20368 23706
4246 10782 17770
10782 4246 17770
17770 4246 10782
14541 780 7589
7589 780 14541
780 7589 14541
25149 7727 13467
7727 13467 25149
13467 7727 25149
24057 25160 28319
25160 24057 28319
28319 24057 25160
26925 2122 23813
23813 2122 26925
2122 23813 26925
16459 18648 22302
18648 16459 22302
22302 16459 18648
25063 3685 20497
3685 20497 25063
20497 3685 25063
14254 1694 25046
1694 14254 25046
25046 1694 14254
21619 18864 27447
18864 21619 27447
27447 18864 21619
14531 21792 27297
27297 14531 21792
21792 14531 27297
25923 7457 16416
16416 7457 25923
7457 16416 25923
29612 6781 24657
6781 24657 29612
24657 6781 29612
16014 1599 12197
1599 12197 16014
12197 1599 16014
15785 4094 8505
4094 8505 15785
8505 4094 15785
29681 9745 10867
9745 10867 29681
10867 9745 29681
29852 19449 23904
23904 19449 29852
19449 23904 29852
20093 2899 21951
21951 2899 20093
2899 20093 21951
10948 20101 29323
29323 10948 20101
20101 10948 29323
16130 5276 8835
8835 5276 16130
5276 8835 16130
13225 1722 16962
1722 13225 16962
16962 1722 13225
8746 12650 20222
12650 8746 20222
20222 8746 12650
23953 8192 25689
8192 23953 25689
25689 8192 23953
18448 12200 27804
12200 18448 27804
27804 12200 18448
29227 14207 17463
17463 14207 29227
14207 17463 29227
21023 8960 23299
8960 21023 23299
23299 8960 21023
509 15370 20012
15370 509 20012
20012 509 15370
13723 11362 20153
11362 13723 20153
20153 11362 13723
28726 17477 28568
28568 17477 28726
17477 28568 28726
13516 12762 16074
16074 12762 13516
12762 13516 16074
8580 1778 11618
11618 1778 8580
1778 8580 11618
3346 15098 27166
15098 3346 27166
27166 3346 15098
22738 12599 28593
12599 22738 28593
28593 12599 22738
4399 1970 12713
1970 4399 12713
12713 1970 4399
11599 17198 24273
24273 11599 17198
17198 11599 24273
18635 17760 28403
17760 18635 28403
28403 17760 18635
22632 1934 10872
10872 1934 22632
1934 10872 22632
14213 2156 29101
29101 2156 14213
2156 14213 29101
11877 14964 22210
14964 11877 22210
22210 11877 14964
27281 4921 5434
4921 5434 27281
5434 4921 27281
19763 18122 28668
18122 19763 28668
28668 18122 19763
25227 2107 10866
2107 10866 25227
10866 2107 25227
28622 16267 23641
16267 23641 28622
23641 16267 28622
20923 61 16069
61 16069 20923
16069 61 20923
14740 4751 10829
4751 10829 14740
10829 4751 14740
8820 2637 20423
20423 2637 8820
2637 8820 20423
13439 9505 19671
9505 13439 19671
19671 9505 13439
28294 7070 19125
19125 7070 28294
7070 19125 28294
11962 3273 16952
16952 3273 11962
3273 11962 16952
24571 3837 24104
3837 24104 24571
24104 3837 24571
20277 14902 29844
29844 14902 20277
14902 20277 29844
28887 5424 23653
5424 23653 28887
23653 5424 28887
5025 17186 19228
19228 5025 17186
17186 5025 19228
8137 5496 25049
25049 5496 8137
5496 8137 25049
9469 11133 18227
18227 9469 11133
11133 9469 18227
18691 6811 8045
6811 8045 18691
8045 6811 18691
10434 10054 13040
13040 10054 10434
10054 10434 13040
14515 23634 25640
25640 14515 23634
23634 14515 25640
28878 1401 5944
5944 1401 28878
1401 5944 28878
5017 945 7955
945 5017 7955
7955 945 5017
21893 15981 16302
15981 16302 21893
16302 15981 21893
24495 15589 27639
15589 24495 27639
27639 15589 24495
24940 6595 16089
6595 16089 24940
16089 6595 24940
10593 6831 11107
6831 10593 11107
11107 6831 10593
23584 11847 20025
20025 11847 23584
11847 20025 23584
21527 3563 27451
27451 3563 21527
3563 21527 27451
12823 1710 20316
1710 12823 20316
20316 1710 12823
19656 12180 28487
12180 19656 28487
28487 12180 19656
26608 1277 9845
1277 9845 26608
9845 1277 26608
460 24087 27241
24087 460 27241
27241 460 24087
18161 21329 22641
22641 18161 21329
21329 18161 22641
10776 2638 16591
2638 10776 16591
16591 2638 10776
12314 3716 4014
3716 4014 12314
4014 3716 12314
26732 10038 26428
26428 10038 26732
10038 26428 26732
3280 2572 6480
2572 3280 6480
6480 2572 3280
23508 4093 12843
12843 4093 23508
4093 12843 23508
18641 24621 26048
24621 18641 26048
26048 18641 24621
24371 18187 28252
28252 18187 24371
18187 24371 28252
27802 18366 20653
20653 18366 27802
18366 20653 27802
15728 26141 27357
27357 15728 26141
26141 15728 27357
17607 8304 29957
29957 8304 17607
8304 17607 29957
2150 39 29997
29997 39 2150
39 2150 29997
5885 4273 11983
4273 5885 11983
11983 4273 5885
16286 3958 26782
26782 3958 16286
3958 16286 26782
26508 4531 18731
18731 4531 26508
4531 18731 26508
24759 2351 25771
2351 24759 25771
25771 2351 24759
5324 2779 17942
17942 2779 5324
2779 5324 17942
12027 4807 8632
4807 8632 12027
8632 4807 12027
28520 2144 24589
24589 2144 28520
2144 24589 28520
6696 29779 29824
29824 6696 29779
29779 6696 29824
22456 7183 28849
7183 22456 28849
28849 7183 22456
7341 7719 28401
28401 7341 7719
7719 7341 28401
24872 4172 24992
24992 4172 24872
4172 24872 24992
3812 3950 25732
25732 3812 3950
3950 3812 25732
4283 19438 26929
26929 4283 19438
19438 4283 26929
28274 5799 11516
11516 5799 28274
5799 11516 28274
3750 10701 26140
26140 3750 10701
10701 3750 26140
12356 6230 6345
6230 6345 12356
6345 6230 12356
8716 2227 16738
2227 8716 16738
16738 2227 8716
14262 3652 22164
3652 14262 22164
22164 3652 14262
9182 23433 25701
23433 9182 25701
25701 9182 23433
4799 3589 26807
3589 4799 26807
26807 3589 4799
884 1591 11472
1591 884 11472
11472 884 1591
789 5277 23008
5277 789 23008
23008 789 5277
16918 17338 21274
17338 16918 21274
21274 16918 17338
2669 13149 28573
13149 2669 28573
28573 2669 13149
25360 2484 20032
2484 20032 25360
20032 2484 25360
10061 13483 29384
29384 10061 13483
13483 10061 29384
17834 2164 23033
2164 17834 23033
23033 2164 17834
15161 20458 24180
20458 15161 24180
24180 15161 20458
9913 15879 26755
15879 9913 26755
26755 9913 15879
17188 5057 5908
5908 5057 17188
5057 5908 17188
25442 14411 16658
14411 16658 25442
16658 14411 25442
16634 682 21126
682 16634 21126
21126 682 16634
13265 1927 14215
14215 1927 13265
1927 13265 14215
10719 11753 20838
20838 10719 11753
11753 10719 20838
5278 1062 19638
19638 1062 5278
1062 5278 19638
17599 10949 12761
10949 12761 17599
12761 10949 17599
11763 5590 18102
5590 11763 18102
18102 5590 11763
18705 7966 12257
12257 7966 18705
7966 12257 18705
3980 3776 21300
21300 3776 3980
3776 3980 21300
3771 5387 16271
16271 3771 5387
5387 3771 16271
5382 9381 10832
9381 5382 10832
10832 5382 9381
18411 5471 7335
5471 7335 18411
7335 5471 18411
23257 18884 25549
25549 18884 23257
18884 23257 25549
21696 13704 22223
13704 21696 22223
22223 13704 21696
6576 395 14848
395 6576 14848
14848 395 6576
20514 337 6522
337 6522 20514
6522 337 20514
2506 12251 23983
23983 2506 12251
12251 2506 23983
23118 13006 20822
20822 13006 23118
13006 20822 23118
13294 701 12577
701 12577 13294
12577 701 13294
9896 12016 28310
28310 9896 12016
12016 9896 28310
23848 11241 19024
19024 11241 23848
11241 19024 23848
26249 3797 5760
5760 3797 26249
3797 5760 26249
26095 14140 15662
15662 14140 26095
14140 15662 26095
21444 3170 21403
21403 3170 21444
3170 21403 21444
25539 18010 24646
18010 24646 25539
24646 18010 25539
16447 8244 9067
9067 8244 16447
8244 9067 16447
1309 12635 17906
12635 1309 17906
17906 1309 12635
25492 13235 22918
22918 13235 25492
13235 22918 25492
20753 25475 28258
28258 20753 25475
25475 20753 28258
29012 2226 15622
15622 2226 29012
2226 15622 29012
21411 3699 6610
6610 3699 21411
3699 6610 21411
26658 3275 28758
28758 3275 26658
3275 26658 28758
22484 26733 27251
27251 22484 26733
26733 22484 27251
18667 4774 19654
4774 18667 19654
19654 4774 18667
260 9143 18734
9143 260 18734
18734 260 9143
6535 13571 14627
13571 6535 14627
14627 6535 13571
4185 16083 17598
17598 4185 16083
16083 4185 17598
18925 8077 24755
8077 18925 24755
24755 8077 18925
25051 20067 20337
20067 20337 25051
20337 20067 25051
25632 9631 14991
14991 9631 25632
9631 14991 25632
28905 5536 6235
6235 5536 28905
5536 6235 28905
20404 9235 16158
16158 9235 20404
9235 16158 20404
16442 7316 19842
19842 7316 16442
7316 16442 19842
24435 1205 10190
1205 10190 24435
10190 1205 24435
19276 2718 9240
2718 9240 19276
9240 2718 19276
7229 14728 20988
14728 7229 20988
20988 7229 14728
2038 21857 26105
26105 2038 21857
21857 2038 26105
3428 10589 29358
29358 3428 10589
10589 3428 29358
23170 7579 12458
12458 7579 23170
7579 12458 23170
23986 8268 21914
21914 8268 23986
8268 21914 23986
25354 379 29965
29965 379 25354
379 25354 29965
1642 6556 20908
20908 1642 6556
6556 1642 20908
18094 10320 26487
10320 18094 26487
26487 10320 18094
23361 11383 28928
28928 11383 23361
11383 23361 28928
5029 11538 13119
13119 5029 11538
11538 5029 13119
27782 2937 9494
9494 2937 27782
2937 9494 27782
4368 4032 4230
4032 4230 4368
4230 4032 4368
26026 1724 15420
1724 15420 26026
15420 1724 26026
5779 4839 29018
4839 5779 29018
29018 4839 5779
3671 5379 28012
5379 3671 28012
28012 3671 5379
7733 25716 25750
25750 7733 25716
25716 7733 25750
28603 1827 16157
1827 16157 28603
16157 1827 28603
21976 20363 23482
20363 21976 23482
23482 20363 21976
14993 23064 29518
29518 14993 23064
23064 14993 29518
5843 6751 8602
8602 5843 6751
6751 5843 8602
19602 18861 23289
18861 19602 23289
23289 18861 19602
15557 8046 17158
17158 8046 15557
8046 15557 17158
17995 12385 14735
12385 14735 17995
14735 12385 17995
9030 2991 3892
3892 2991 9030
2991 3892 9030
27260 20813 22428
20813 22428 27260
22428 20813 27260
24901 12036 25858
12036 24901 25858
25858 12036 24901
14479 10328 12305
12305 10328 14479
10328 12305 14479
8391 24811 29164
24811 8391 29164
29164 8391 24811
5333 6260 12871
12871 5333 6260
6260 5333 12871
7715 23434 26689
26689 7715 23434
23434 7715 26689
10497 24879 25928
25928 10497 24879
24879 10497 25928
28853 23961 29207
29207 23961 28853
23961 28853 29207
14226 6501 24632
6501 14226 24632
24632 6501 14226
1471 17756 28330
17756 1471 28330
28330 1471 17756
4615 17945 26460
17945 4615 26460
26460 4615 17945
13260 11840 22995
22995 11840 13260
11840 13260 22995
22721 5406 8651
8651 5406 22721
5406 8651 22721
14798 1273 19122
1273 14798 19122
19122 1273 14798
14124 16363 18564
16363 14124 18564
18564 14124 16363
3873 5823 17897
17897 3873 5823
5823 3873 17897
26724 8029 14518
14518 8029 26724
8029 14518 26724
29214 8149 14354
8149 14354 29214
14354 8149 29214
20725 8022 13507
13507 8022 20725
8022 13507 20725
21577 7420 16771
16771 7420 21577
7420 16771 21577
27055 5501 18503
5501 18503 27055
18503 5501 27055
7667 372 16650
16650 372 7667
372 7667 16650
10446 25705 29406
29406 10446 25705
25705 10446 29406
19793 6428 16717
16717 6428 19793
6428 16717 19793
9252 27911 28932
27911 9252 28932
28932 9252 27911
29279 11903 19436
11903 19436 29279
19436 11903 29279
29614 19953 25133
19953 25133 29614
25133 19953 29614
21969 8757 16782
8757 16782 21969
16782 8757 21969
16802 14937 20782
20782 14937 16802
14937 16802 20782
12559 20212 20285
20212 12559 20285
20285 12559 20212
19867 3220 8165
3220 8165 19867
8165 3220 19867
15857 53 27679
53 15857 27679
27679 53 15857
22272 1959 14562
1959 14562 22272
14562 1959 22272
2616 14866 22316
14866 2616 22316
22316 2616 14866
13766 19008 27825
19008 13766 27825
27825 13766 19008
586 16670 22841
22841 586 16670
16670 586 22841
725 11949 14258
14258 725 11949
11949 725 14258
1796 10477 12213
12213 1796 10477
10477 1796 12213
27047 2972 21722
2972 21722 27047
21722 2972 27047
17375 8654 22554
8654 17375 22554
22554 8654 17375
10158 24556 28876
24556 10158 28876
