29317 24958 25389
24958 25389 29317
25389 24958 29317
17084 3579 22514
22514 3579 17084
3579 17084 22514
12685 544 24315
24315 544 12685
544 12685 24315
6282 600 15471
15471 600 6282
600 6282 15471
21294 12936 14287
14287 12936 21294
12936 14287 21294
14231 2603 4376
4376 2603 14231
2603 4376 14231
7477 13921 22241
22241 7477 13921
13921 7477 22241
16420 16867 18852
18852 16420 16867
16867 16420 18852
26368 20956 25660
20956 25660 26368
25660 20956 26368
13885 2932 6454
2932 6454 13885
6454 2932 13885
4805 14646 19805
19805 4805 14646
14646 4805 19805
1230 205 26376
26376 205 1230
205 1230 26376
21286 3678 11546
3678 11546 21286
11546 3678 21286
28022 5696 10046
10046 5696 28022
5696 10046 28022
10139 14386 20178
20178 10139 14386
14386 10139 20178
24241 203 6372
6372 203 24241
203 6372 24241
4261 2546 3844
3844 2546 4261
2546 3844 4261
1874 14259 23468
23468 1874 14259
14259 1874 23468
21658 9026 18369
18369 9026 21658
9026 18369 21658
18468 5681 29033
5681 18468 29033
29033 5681 18468
6977 8261 28922
8261 6977 28922
28922 6977 8261
22041 22342 25838
22342 22041 25838
25838 22041 22342
13954 4987 5025
4987 5025 13954
5025 4987 13954
11033 26378 27700
26378 11033 27700
27700 11033 26378
25891 12067 26837
26837 12067 25891
12067 25891 26837
15318 7730 21419
7730 15318 21419
21419 7730 15318
20130 3862 9401
3862 9401 20130
9401 3862 20130
2992 5030 20094
20094 2992 5030
5030 2992 20094
6465 12929 29962
12929 6465 29962
29962 6465 12929
25191 4306 5199
5199 4306 25191
4306 5199 25191
3129 13425 19211
13425 3129 19211
19211 3129 13425
12169 16215 26524
26524 12169 16215
16215 12169 26524
15673 21544 28371
28371 15673 21544
21544 15673 28371
2168 10296 19602
19602 2168 10296
10296 2168 19602
12851 9289 11298
11298 9289 12851
9289 11298 12851
16523 17872 19672
17872 16523 19672
19672 16523 17872
8001 3720 18897
18897 3720 8001
3720 8001 18897
13015 3950 17512
17512 3950 13015
3950 13015 17512
29954 10179 26826
26826 10179 29954
10179 26826 29954
25216 19041 27167
19041 25216 27167
27167 19041 25216
4415 11845 14207
11845 4415 14207
14207 4415 11845
620 2856 6635
2856 620 6635
6635 620 2856
22481 8139 17627
8139 17627 22481
17627 8139 22481
7509 7675 15663
7675 7509 15663
15663 7509 7675
12707 3242 15671
3242 12707 15671
15671 3242 12707
1669 14409 29671
29671 1669 14409
14409 1669 29671
22460 4163 19395
4163 19395 22460
19395 4163 22460
1891 14436 22023
14436 1891 22023
22023 1891 14436
5777 1119 21768
21768 1119 5777
1119 5777 21768
11180 2005 26720
2005 11180 26720
26720 2005 11180
18187 14550 22825
14550 18187 22825
22825 14550 18187
1753 4560 16100
4560 1753 16100
16100 1753 4560
26499 929 8683
929 8683 26499
8683 929 26499
4291 158 29373
29373 158 4291
158 4291 29373
1602 16307 25943
16307 1602 25943
25943 1602 16307
22875 17442 28297
28297 17442 22875
17442 22875 28297
13182 6071 6495
6071 6495 13182
6495 6071 13182
1020 23832 27572
27572 1020 23832
23832 1020 27572
19540 5532 13141
5532 13141 19540
13141 5532 19540
17172 2638 3046
2638 3046 17172
3046 2638 17172
13419 20186 27561
20186 13419 27561
27561 13419 20186
10417 15553 21930
21930 10417 15553
15553 10417 21930
9590 24109 29911
29911 9590 24109
24109 9590 29911
29498 18151 27556
18151 27556 29498
27556 18151 29498
2210 1799 9204
9204 1799 2210
1799 2210 9204
20974 24595 25278
24595 20974 25278
25278 20974 24595
4913 21923 22602
21923 4913 22602
22602 4913 21923
21143 1338 9598
9598 1338 21143
1338 9598 21143
16293 22096 24301
24301 16293 22096
22096 16293 24301
20625 1535 27653
1535 20625 27653
27653 1535 20625
7122 11417 20286
11417 7122 20286
20286 7122 11417
16645 24662 25792
25792 16645 24662
24662 16645 25792
11930 7061 21662
21662 7061 11930
7061 11930 21662
4581 4929 25858
25858 4581 4929
4929 4581 25858
4221 14709 27006
27006 4221 14709
14709 4221 27006
6443 14770 25743
25743 6443 14770
14770 6443 25743
9648 22542 25359
25359 9648 22542
22542 9648 25359
9924 1662 19810
1662 9924 19810
19810 1662 9924
11252 17660 25207
25207 11252 17660
17660 11252 25207
3203 478 22820
478 3203 22820
22820 478 3203
8850 7755 17178
17178 7755 8850
7755 8850 17178
16405 11472 16843
16843 11472 16405
11472 16405 16843
14168 6136 19233
19233 6136 14168
6136 14168 19233
17361 19727 23036
23036 17361 19727
19727 17361 23036
5373 25790 29598
25790 5373 29598
29598 5373 25790
14609 16419 26108
26108 14609 16419
16419 14609 26108
21412 521 29828
521 21412 29828
29828 521 21412
25823 5617 14563
5617 14563 25823
14563 5617 25823
24230 5703 11296
11296 5703 24230
5703 11296 24230
26522 10557 15106
15106 10557 26522
10557 15106 26522
11223 4215 7298
7298 4215 11223
4215 7298 11223
11234 492 13535
492 11234 13535
13535 492 11234
4544 25585 29449
25585 4544 29449
29449 4544 25585
9836 7284 26980
7284 9836 26980
26980 7284 9836
24598 18102 22046
18102 22046 24598
22046 18102 24598
9446 7343 9428
9428 7343 9446
7343 9428 9446
13192 8326 12713
8326 12713 13192
12713 8326 13192
7543 7223 14570
7223 7543 14570
14570 7223 7543
19546 9896 22880
9896 19546 22880
22880 9896 19546
24552 12566 15394
15394 12566 24552
12566 15394 24552
8558 10356 26079
26079 8558 10356
10356 8558 26079
21879 14065 16339
14065 16339 21879
16339 14065 21879
2497 9776 11779
11779 2497 9776
9776 2497 11779
644 3730 21318
21318 644 3730
3730 644 21318
28917 24555 26192
24555 26192 28917
26192 24555 28917
19483 390 6512
390 6512 19483
6512 390 19483
14239 10841 12797
12797 10841 14239
10841 12797 14239
23115 2759 21776
2759 21776 23115
21776 2759 23115
20505 28091 28408
28091 20505 28408
28408 20505 28091
1111 18182 20257
20257 1111 18182
18182 1111 20257
25029 8996 18458
8996 18458 25029
18458 8996 25029
20200 7500 12297
12297 7500 20200
7500 12297 20200
21733 1437 2860
1437 2860 21733
2860 1437 21733
27212 12307 18153
12307 18153 27212
18153 12307 27212
10303 3531 27611
3531 10303 27611
27611 3531 10303
9906 17741 22689
22689 9906 17741
17741 9906 22689
9759 5913 22905
5913 9759 22905
22905 5913 9759
4157 7989 29607
29607 4157 7989
7989 4157 29607
15702 19187 25596
19187 15702 25596
25596 15702 19187
17170 20237 22225
22225 17170 20237
20237 17170 22225
7426 20289 22678
20289 7426 22678
22678 7426 20289
5127 10293 25477
25477 5127 10293
10293 5127 25477
17675 1309 4120
4120 1309 17675
1309 4120 17675
5043 6021 15079
6021 5043 15079
15079 5043 6021
29981 11527 24119
11527 24119 29981
24119 11527 29981
8665 7385 26459
26459 7385 8665
7385 8665 26459
3140 16971 26725
16971 3140 26725
26725 3140 16971
7114 10649 20072
20072 7114 10649
10649 7114 20072
27850 8232 9109
8232 9109 27850
9109 8232 27850
9657 4011 8815
4011 8815 9657
8815 4011 9657
8135 4053 22681
4053 8135 22681
22681 4053 8135
6988 25017 27893
27893 6988 25017
25017 6988 27893
6868 12150 20215
20215 6868 12150
12150 6868 20215
22178 10690 19401
19401 10690 22178
10690 19401 22178
9754 13263 26593
13263 9754 26593
26593 9754 13263
1960 20381 25775
25775 1960 20381
20381 1960 25775
8207 18667 27204
27204 8207 18667
18667 8207 27204
6804 2924 28631
2924 6804 28631
28631 2924 6804
17782 20530 25481
20530 17782 25481
25481 17782 20530
17186 1229 21654
1229 17186 21654
21654 1229 17186
9028 18509 24874
18509 9028 24874
24874 9028 18509
14300 6463 14179
14179 6463 14300
6463 14179 14300
11925 9614 21162
9614 11925 21162
21162 9614 11925
26689 4480 5868
4480 5868 26689
5868 4480 26689
13229 2812 18083
2812 13229 18083
18083 2812 13229
22497 17483 24575
24575 17483 22497
17483 22497 24575
21249 122 5279
122 5279 21249
5279 122 21249
16302 1133 8104
8104 1133 16302
1133 8104 16302
14069 10591 17732
17732 10591 14069
10591 14069 17732
276 29082 29799
29082 276 29799
29799 276 29082
6757 22183 29631
29631 6757 22183
22183 6757 29631
4020 4629 11449
11449 4020 4629
4629 4020 11449
8645 15982 16741
16741 8645 15982
15982 8645 16741
21518 10023 10873
10873 10023 21518
10023 10873 21518
21711 24649 28036
24649 21711 28036
28036 21711 24649
16630 9823 24405
9823 16630 24405
24405 9823 16630
7501 4436 12479
12479 4436 7501
4436 7501 12479
3651 25909 27343
25909 3651 27343
27343 3651 25909
22611 5122 8399
8399 5122 22611
5122 8399 22611
23694 213 21424
213 21424 23694
21424 213 23694
24871 2958 9742
9742 2958 24871
2958 9742 24871
20041 3248 23803
3248 20041 23803
23803 3248 20041
206 7369 13657
13657 206 7369
7369 206 13657
4960 2481 29833
29833 2481 4960
2481 4960 29833
19324 21392 29483
21392 19324 29483
29483 19324 21392
16280 242 10278
10278 242 16280
242 10278 16280
16621 7162 14332
7162 14332 16621
14332 7162 16621
25491 1648 10041
10041 1648 25491
1648 10041 25491
9293 9944 23399
23399 9293 9944
9944 9293 23399
21473 6468 27238
27238 6468 21473
6468 21473 27238
25957 5165 9052
5165 9052 25957
9052 5165 25957
22798 614 27789
27789 614 22798
614 22798 27789
6502 2641 9163
2641 6502 9163
9163 2641 6502
25945 24970 25628
25628 24970 25945
24970 25628 25945
24830 22930 27219
22930 24830 27219
27219 22930 24830
3026 12464 21457
21457 3026 12464
12464 3026 21457
24069 11502 19340
11502 19340 24069
19340 11502 24069
18098 13846 25762
25762 13846 18098
13846 18098 25762
24447 14401 21324
14401 21324 24447
21324 14401 24447
24515 3081 9617
3081 9617 24515
9617 3081 24515
25816 3595 13574
3595 13574 25816
13574 3595 25816
16006 16591 20653
20653 16006 16591
16591 16006 20653
6751 6806 11353
11353 6751 6806
6806 6751 11353
13905 26890 28025
26890 13905 28025
28025 13905 26890
16407 17258 28112
28112 16407 17258
17258 16407 28112
3082 9392 25291
9392 3082 25291
25291 3082 9392
11413 508 12381
12381 508 11413
508 11413 12381
1983 3240 5028
3240 1983 5028
5028 1983 3240
27930 2511 22879
2511 22879 27930
22879 2511 27930
8524 8497 26327
26327 8497 8524
8497 8524 26327
11650 2512 7408
7408 2512 11650
2512 7408 11650
17909 10654 28105
28105 10654 17909
10654 17909 28105
21041 20751 24600
24600 20751 21041
20751 21041 24600
5638 10734 29745
10734 5638 29745
29745 5638 10734
13384 6315 22612
6315 13384 22612
22612 6315 13384
18755 8978 15062
15062 8978 18755
8978 15062 18755
28197 1168 13272
13272 1168 28197
1168 13272 28197
25221 3622 7115
7115 3622 25221
3622 7115 25221
14533 12534 26852
12534 14533 26852
26852 12534 14533
8308 6243 22384
6243 8308 22384
22384 6243 8308
20387 2215 25305
25305 2215 20387
2215 20387 25305
22219 5286 19229
19229 5286 22219
5286 19229 22219
4950 13988 27231
13988 4950 27231
27231 4950 13988
27856 3383 21862
21862 3383 27856
3383 21862 27856
5784 11877 12904
11877 5784 12904
12904 5784 11877
20110 2123 21730
21730 2123 20110
2123 20110 21730
7756 5298 15307
15307 5298 7756
5298 7756 15307
5322 9393 13706
13706 5322 9393
9393 5322 13706
28797 5093 5180
5093 5180 28797
5180 5093 28797
11969 8141 25093
25093 8141 11969
8141 11969 25093
16142 15830 23478
23478 15830 16142
15830 16142 23478
17962 14795 16076
14795 16076 17962
16076 14795 17962
18426 15264 28762
15264 18426 28762
28762 15264 18426
140 15824 22987
22987 140 15824
15824 140 22987
23647 7315 12252
7315 12252 23647
12252 7315 23647
21558 3587 14663
3587 14663 21558
14663 3587 21558
25400 15349 28950
28950 15349 25400
15349 25400 28950
26679 5188 24971
5188 24971 26679
24971 5188 26679
17510 7571 11983
7571 11983 17510
11983 7571 17510
22110 10103 29944
10103 22110 29944
29944 10103 22110
11700 8934 19250
19250 8934 11700
8934 11700 19250
16285 2994 26505
2994 16285 26505
26505 2994 16285
11572 11238 19236
11238 11572 19236
19236 11238 11572
11664 5285 27226
5285 11664 27226
27226 5285 11664
17522 2801 8353
8353 2801 17522
2801 8353 17522
531 15780 25770
25770 531 15780
15780 531 25770
18806 14471 15035
14471 15035 18806
15035 14471 18806
21277 196 23920
196 21277 23920
23920 196 21277
4622 2281 3654
2281 3654 4622
3654 2281 4622
18633 27853 28339
27853 18633 28339
28339 18633 27853
16903 138 25453
25453 138 16903
138 16903 25453
19709 23124 28040
28040 19709 23124
23124 19709 28040
14887 10246 20091
10246 14887 20091
20091 10246 14887
29586 549 29101
29101 549 29586
549 29101 29586
20534 18372 19987
19987 18372 20534
18372 19987 20534
23558 22605 25343
25343 22605 23558
22605 23558 25343
17304 17785 21573
17785 17304 21573
21573 17304 17785
5481 13159 28221
13159 5481 28221
28221 5481 13159
24103 877 16723
877 16723 24103
16723 877 24103
20668 5539 27435
27435 5539 20668
5539 20668 27435
8246 7674 20026
7674 8246 20026
20026 7674 8246
28913 8811 11339
8811 11339 28913
11339 8811 28913
9927 1928 3814
1928 3814 9927
3814 1928 9927
5775 11562 16384
16384 5775 11562
11562 5775 16384
11617 1530 22176
22176 1530 11617
1530 11617 22176
1700 54 9250
54 1700 9250
9250 54 1700
4132 6896 29844
6896 4132 29844
29844 4132 6896
1316 11127 25084
11127 1316 25084
25084 1316 11127
13569 6996 26088
6996 13569 26088
26088 6996 13569
10395 3937 28200
28200 3937 10395
3937 10395 28200
6552 9539 10072
9539 6552 10072
10072 6552 9539
20172 16986 19409
16986 19409 20172
19409 16986 20172
15597 12873 18460
18460 12873 15597
12873 15597 18460
2748 2871 12600
2871 2748 12600
12600 2748 2871
22819 7376 15209
7376 15209 22819
15209 7376 22819
24325 21125 24681
24681 21125 24325
21125 24325 24681
15 2950 3213
2950 15 3213
3213 15 2950
29113 14215 25459
14215 25459 29113
25459 14215 29113
6073 16394 22305
16394 6073 22305
22305 6073 16394
18961 14340 29389
29389 14340 18961
14340 18961 29389
5114 9871 28960
9871 5114 28960
28960 5114 9871
19420 6952 24276
24276 6952 19420
6952 19420 24276
19436 8595 14222
8595 14222 19436
14222 8595 19436
23875 16430 27905
27905 16430 23875
16430 23875 27905
3326 9483 18565
9483 3326 18565
18565 3326 9483
18324 6020 13048
13048 6020 18324
6020 13048 18324
17662 3189 17282
3189 17282 17662
17282 3189 17662
21135 20610 25768
20610 21135 25768
25768 20610 21135
3373 3876 27029
27029 3373 3876
3876 3373 27029
8417 4222 23356
23356 4222 8417
4222 8417 23356
20718 3901 18011
3901 18011 20718
18011 3901 20718
13228 16542 17414
16542 13228 17414
17414 13228 16542
7316 14546 14982
14982 7316 14546
14546 7316 14982
14725 7722 28659
7722 14725 28659
28659 7722 14725
23022 17759 27331
17759 23022 27331
27331 17759 23022
18282 11478 29383
11478 18282 29383
29383 11478 18282
775 3386 7495
7495 775 3386
3386 775 7495
5448 14086 23000
14086 5448 23000
23000 5448 14086
18398 5012 26345
5012 18398 26345
26345 5012 18398
1061 2605 8971
8971 1061 2605
2605 1061 8971
19019 4723 25541
4723 19019 25541
25541 4723 19019
19299 11510 23357
11510 19299 23357
23357 11510 19299
45 903 25443
903 45 25443
25443 45 903
29343 4419 29064
4419 29064 29343
29064 4419 29343
28458 3946 19287
3946 19287 28458
19287 3946 28458
23025 19854 24529
19854 23025 24529
24529 19854 23025
25338 21782 26352
21782 25338 26352
26352 21782 25338
8634 157 4087
4087 157 8634
157 4087 8634
18145 13702 27049
13702 18145 27049
27049 13702 18145
3620 12400 23574
12400 3620 23574
23574 3620 12400
8556 23863 25884
23863 8556 25884
25884 8556 23863
26309 17123 25231
25231 17123 26309
17123 25231 26309
9575 554 6160
554 6160 9575
6160 554 9575
25741 15909 28912
15909 25741 28912
28912 15909 25741
4643 1905 17799
1905 4643 17799
17799 1905 4643
20067 22787 28749
28749 20067 22787
22787 20067 28749
12046 14864 20158
14864 12046 20158
20158 12046 14864
4499 3583 22097
22097 3583 4499
3583 4499 22097
732 13544 22599
22599 732 13544
13544 732 22599
5594 4949 23017
23017 4949 5594
4949 5594 23017
20710 5061 24518
5061 20710 24518
24518 5061 20710
21241 7680 15344
15344 7680 21241
7680 15344 21241
19943 1355 20058
1355 19943 20058
20058 1355 19943
29001 4715 6993
4715 6993 29001
6993 4715 29001
26157 1949 23206
23206 1949 26157
1949 23206 26157
8894 28307 29474
29474 8894 28307
28307 8894 29474
3655 6444 26555
6444 3655 26555
26555 3655 6444
18222 483 2260
483 2260 18222
2260 483 18222
10791 5924 28574
5924 10791 28574
28574 5924 10791
12080 5469 23784
5469 12080 23784
23784 5469 12080
17035 4988 22963
4988 17035 22963
22963 4988 17035
12005 11344 29422
11344 12005 29422
29422 11344 12005
19206 6019 26992
26992 6019 19206
6019 19206 26992
571 12926 14681
12926 571 14681
14681 571 12926
6578 1067 25726
1067 6578 25726
25726 1067 6578
596 683 23749
683 596 23749
23749 596 683
15316 1304 7988
1304 7988 15316
7988 1304 15316
9675 5207 29003
5207 9675 29003
29003 5207 9675
1837 10543 18685
18685 1837 10543
10543 1837 18685
8263 13294 26548
26548 8263 13294
13294 8263 26548
14692 7457 22570
7457 14692 22570
22570 7457 14692
19564 9785 23586
9785 19564 23586
23586 9785 19564
20006 7259 20292
20292 7259 20006
7259 20006 20292
9689 15103 15829
15103 9689 15829
15829 9689 15103
25955 16110 18786
18786 16110 25955
16110 18786 25955
22701 4790 9616
9616 4790 22701
4790 9616 22701
1702 21130 23824
21130 1702 23824
23824 1702 21130
18819 2867 20674
20674 2867 18819
2867 18819 20674
18166 13932 19125
13932 18166 19125
19125 13932 18166
7682 12359 22877
22877 7682 12359
12359 7682 22877
29000 1941 25548
1941 25548 29000
25548 1941 29000
13808 12224 16429
12224 13808 16429
16429 12224 13808
784 7914 8469
7914 784 8469
8469 784 7914
16935 6384 16538
6384 16538 16935
16538 6384 16935
3056 16979 18682
16979 3056 18682
18682 3056 16979
16236 1903 7344
7344 1903 16236
1903 7344 16236
24088 7459 18984
7459 18984 24088
18984 7459 24088
24759 11270 27978
11270 24759 27978
27978 11270 24759
14249 23538 26231
26231 14249 23538
23538 14249 26231
29909 23947 29822
23947 29822 29909
29822 23947 29909
12105 1023 11168
11168 1023 12105
1023 11168 12105
7498 9822 19377
19377 7498 9822
9822 7498 19377
9371 4775 16772
16772 4775 9371
4775 9371 16772
16080 20132 20673
20673 16080 20132
20132 16080 20673
22656 2147 25141
25141 2147 22656
2147 22656 25141
14478 12577 24154
12577 14478 24154
24154 12577 14478
9880 12976 28212
28212 9880 12976
12976 9880 28212
17441 11104 24994
11104 17441 24994
24994 11104 17441
13301 14627 15886
15886 13301 14627
14627 13301 15886
15297 11059 27498
11059 15297 27498
27498 11059 15297
22484 1195 14973
1195 14973 22484
14973 1195 22484
16870 16222 25901
25901 16222 16870
16222 16870 25901
20940 7442 13760
7442 13760 20940
13760 7442 20940
27346 9003 10331
9003 10331 27346
10331 9003 27346
17317 2700 4385
2700 4385 17317
4385 2700 17317
1552 2675 21502
2675 1552 21502
21502 1552 2675
15987 3097 24166
24166 3097 15987
3097 15987 24166
7204 1734 14556
14556 1734 7204
1734 7204 14556
24170 13089 23695
13089 23695 24170
23695 13089 24170
9094 6549 20177
20177 6549 9094
6549 9094 20177
4386 4952 9681
9681 4386 4952
4952 4386 9681
7711 4505 18363
18363 4505 7711
4505 7711 18363
7055 3836 26965
26965 3836 7055
3836 7055 26965
14815 13747 27031
27031 13747 14815
13747 14815 27031
26973 2912 5254
2912 5254 26973
5254 2912 26973
24378 6814 11088
11088 6814 24378
6814 11088 24378
10 14667 28069
28069 10 14667
14667 10 28069
13555 19428 28488
28488 13555 19428
19428 13555 28488
11379 11396 21440
21440 11379 11396
11396 11379 21440
11828 8118 23387
23387 8118 11828
8118 11828 23387
17174 12128 19375
19375 12128 17174
12128 17174 19375
24175 16662 27988
27988 16662 24175
16662 24175 27988
28837 1678 22145
1678 22145 28837
22145 1678 28837
9235 5850 18194
5850 9235 18194
18194 5850 9235
26932 3521 22250
22250 3521 26932
3521 22250 26932
11626 5704 8395
5704 8395 11626
8395 5704 11626
21743 8902 22494
8902 21743 22494
22494 8902 21743
9886 2981 11420
2981 9886 11420
11420 2981 9886
14520 1951 29763
1951 14520 29763
29763 1951 14520
808 13056 20248
20248 808 13056
13056 808 20248
113 3464 19172
19172 113 3464
3464 113 19172
19586 5004 8598
5004 8598 19586
8598 5004 19586
17479 18575 28184
18575 17479 28184
28184 17479 18575
23909 23899 29237
23899 23909 29237
29237 23899 23909
829 16868 23406
16868 829 23406
23406 829 16868
14876 18023 20258
18023 14876 20258
20258 14876 18023
6592 3002 23348
23348 3002 6592
3002 6592 23348
5221 23386 27649
27649 5221 23386
23386 5221 27649
19904 15867 27013
15867 19904 27013
27013 15867 19904
20448 16743 19996
19996 16743 20448
16743 19996 20448
15065 14200 20250
14200 15065 20250
20250 14200 15065
13907 12445 19112
12445 13907 19112
19112 12445 13907
3597 11150 21096
21096 3597 11150
11150 3597 21096
23576 4922 16644
4922 16644 23576
16644 4922 23576
5399 7441 13746
13746 5399 7441
7441 5399 13746
14018 8856 25147
8856 14018 25147
25147 8856 14018
8354 5332 21202
21202 5332 8354
5332 8354 21202
19079 14766 17450
14766 17450 19079
17450 14766 19079
3356 6533 22902
22902 3356 6533
6533 3356 22902
24791 4309 18523
18523 4309 24791
4309 18523 24791
28997 4709 11524
11524 4709 28997
4709 11524 28997
27353 20904 22181
20904 22181 27353
22181 20904 27353
5013 17636 18206
17636 5013 18206
18206 5013 17636
19303 22826 23170
23170 19303 22826
22826 19303 23170
6755 16058 23654
23654 6755 16058
16058 6755 23654
24023 9151 24867
9151 24023 24867
24867 9151 24023
18003 5133 12533
12533 5133 18003
5133 12533 18003
13361 2623 13937
2623 13361 13937
13937 2623 13361
23508 5926 13800
5926 13800 23508
13800 5926 23508
3835 5359 13483
13483 3835 5359
5359 3835 13483
11631 2143 28658
28658 2143 11631
2143 11631 28658
16158 5001 6515
6515 5001 16158
5001 6515 16158
6416 3219 8792
3219 6416 8792
8792 3219 6416
20299 18183 23433
18183 20299 23433
23433 18183 20299
23531 3826 6729
6729 3826 23531
3826 6729 23531
2152 1988 5264
5264 1988 2152
1988 2152 5264
13649 7320 21568
7320 13649 21568
21568 7320 13649
25157 21413 29744
21413 25157 29744
29744 21413 25157
7180 1366 16941
16941 1366 7180
1366 7180 16941
16567 16269 29530
29530 16269 16567
16269 16567 29530
10222 6908 28439
6908 10222 28439
28439 6908 10222
5223 19123 20409
19123 5223 20409
20409 5223 19123
2137 239 21350
239 2137 21350
21350 239 2137
18895 14552 20055
14552 18895 20055
20055 14552 18895
26571 13402 23641
13402 23641 26571
23641 13402 26571
18400 10810 17492
10810 17492 18400
17492 10810 18400
16069 10497 10536
10497 10536 16069
10536 10497 16069
18115 7170 10438
10438 7170 18115
7170 10438 18115
9642 14348 19252
14348 9642 19252
19252 9642 14348
2917 10893 26183
26183 2917 10893
10893 2917 26183
8452 7534 27002
7534 8452 27002
27002 7534 8452
20771 1213 16700
1213 16700 20771
16700 1213 20771
4486 5439 21225
5439 4486 21225
21225 4486 5439
17443 1193 14317
1193 14317 17443
14317 1193 17443
22328 1551 14561
1551 14561 22328
14561 1551 22328
7252 2044 2529
2529 2044 7252
2044 2529 7252
27260 5517 18617
18617 5517 27260
5517 18617 27260
9182 612 2346
612 2346 9182
2346 612 9182
14604 8291 27453
27453 8291 14604
8291 14604 27453
12016 7716 16592
7716 12016 16592
16592 7716 12016
21385 364 28697
28697 364 21385
364 21385 28697
10515 24852 29199
24852 10515 29199
29199 10515 24852
8327 22538 26523
22538 8327 26523
26523 8327 22538
17922 16074 26121
16074 17922 26121
26121 16074 17922
1892 1339 10123
1339 1892 10123
10123 1339 1892
23284 3749 9745
9745 3749 23284
3749 9745 23284
9840 3206 21943
3206 9840 21943
21943 3206 9840
24857 21487 28545
28545 21487 24857
21487 24857 28545
29997 3706 11985
11985 3706 29997
3706 11985 29997
5493 5245 29051
29051 5245 5493
5245 5493 29051
20269 11754 21762
21762 11754 20269
11754 20269 21762
11531 18885 21741
21741 11531 18885
18885 11531 21741
13482 13755 18668
18668 13482 13755
13755 13482 18668
26405 13840 18867
13840 18867 26405
18867 13840 26405
1379 8157 15323
8157 1379 15323
15323 1379 8157
28506 19049 27872
19049 27872 28506
27872 19049 28506
25744 9226 12948
12948 9226 25744
9226 12948 25744
10286 16493 28086
28086 10286 16493
16493 10286 28086
28942 4914 17843
4914 17843 28942
17843 4914 28942
20854 7935 26185
7935 20854 26185
26185 7935 20854
420 4172 20329
20329 420 4172
4172 420 20329
7805 7089 17154
17154 7089 7805
7089 7805 17154
12556 4149 13081
4149 12556 13081
13081 4149 12556
20459 8522 9885
9885 8522 20459
8522 9885 20459
25952 3534 7233
7233 3534 25952
3534 7233 25952
734 19060 23054
19060 734 23054
23054 734 19060
22271 17379 20302
20302 17379 22271
17379 20302 22271
1710 194 28119
194 1710 28119
28119 194 1710
226 12017 29645
29645 226 12017
12017 226 29645
21921 2976 25539
2976 21921 25539
25539 2976 21921
15803 8193 28949
28949 8193 15803
8193 15803 28949
5761 11922 20159
11922 5761 20159
20159 5761 11922
28441 3916 9631
9631 3916 28441
3916 9631 28441
18208 14291 16003
14291 16003 18208
16003 14291 18208
23486 4672 11306
4672 11306 23486
11306 4672 23486
22501 5052 28422
28422 5052 22501
5052 22501 28422
14383 2596 9159
2596 9159 14383
9159 2596 14383
24873 16284 17321
16284 17321 24873
17321 16284 24873
17070 20432 27548
27548 17070 20432
20432 17070 27548
475 15387 19222
19222 475 15387
15387 475 19222
15725 3426 25847
3426 15725 25847
25847 3426 15725
17409 9340 11307
11307 9340 17409
9340 11307 17409
27224 12822 21934
12822 21934 27224
21934 12822 27224
15660 7549 24772
7549 15660 24772
24772 7549 15660
24589 12585 16934
12585 16934 24589
16934 12585 24589
3976 4058 14010
4058 3976 14010
14010 3976 4058
28456 2151 4407
4407 2151 28456
2151 4407 28456
24124 5795 11560
5795 11560 24124
11560 5795 24124
79 763 8429
8429 79 763
763 79 8429
18031 3563 19306
3563 18031 19306
19306 3563 18031
18928 18808 23455
18808 18928 23455
23455 18808 18928
16086 6 7221
6 7221 16086
7221 6 16086
717 7293 22358
22358 717 7293
7293 717 22358
29618 11909 25828
11909 25828 29618
25828 11909 29618
17029 15767 21736
15767 17029 21736
21736 15767 17029
27615 23117 26997
26997 23117 27615
23117 26997 27615
8024 9734 25941
9734 8024 25941
25941 8024 9734
10898 5058 24872
24872 5058 10898
5058 10898 24872
1287 12402 19286
12402 1287 19286
19286 1287 12402
14644 3560 5516
3560 5516 14644
5516 3560 14644
25238 1240 2060
2060 1240 25238
1240 2060 25238
9964 7264 8456
8456 7264 9964
7264 8456 9964
14760 4092 21172
4092 14760 21172
21172 4092 14760
155 18123 23815
18123 155 23815
23815 155 18123
23774 3538 28152
28152 3538 23774
3538 23774 28152
22405 13617 16395
16395 13617 22405
13617 16395 22405
441 16461 20337
20337 441 16461
16461 441 20337
20471 4255 28417
28417 4255 20471
4255 20471 28417
890 15777 22692
15777 890 22692
22692 890 15777
20353 9909 19499
9909 19499 20353
19499 9909 20353
20559 8762 17264
17264 8762 20559
8762 17264 20559
21850 5896 13266
13266 5896 21850
5896 13266 21850
12564 11145 21676
11145 12564 21676
21676 11145 12564
22321 9318 19816
19816 9318 22321
9318 19816 22321
8821 2979 19088
2979 8821 19088
19088 2979 8821
27606 15331 28053
28053 15331 27606
15331 27606 28053
5151 1653 10181
1653 5151 10181
10181 1653 5151
73 3943 18108
3943 73 18108
18108 73 3943
26513 12193 28815
28815 12193 26513
12193 26513 28815
26790 443 16629
16629 443 26790
443 16629 26790
22917 18960 24655
18960 22917 24655
24655 18960 22917
4236 8886 14418
8886 4236 14418
14418 4236 8886
6782 5853 25665
5853 6782 25665
25665 5853 6782
26436 3541 21703
21703 3541 26436
3541 21703 26436
21839 2079 16820
2079 16820 21839
16820 2079 21839
28334 7731 24180
7731 24180 28334
24180 7731 28334
29695 15176 18584
18584 15176 29695
15176 18584 29695
927 2440 26447
26447 927 2440
2440 927 26447
24754 20604 23958
20604 23958 24754
23958 20604 24754
26485 2498 6597
6597 2498 26485
2498 6597 26485
16124 6349 7075
6349 7075 16124
7075 6349 16124
28169 2519 11258
2519 11258 28169
11258 2519 28169
4437 9674 18532
18532 4437 9674
9674 4437 18532
22465 6719 15559
6719 15559 22465
15559 6719 22465
19898 1950 11722
1950 11722 19898
11722 1950 19898
1680 19320 21042
21042 1680 19320
19320 1680 21042
27530 4972 5917
4972 5917 27530
5917 4972 27530
16131 19446 28153
19446 16131 28153
28153 16131 19446
11826 567 27501
567 11826 27501
27501 567 11826
17406 905 7992
905 7992 17406
7992 905 17406
21717 3402 23610
23610 3402 21717
3402 21717 23610
29701 18096 21814
21814 18096 29701
18096 21814 29701
28793 2347 26476
2347 26476 28793
26476 2347 28793
19275 1664 20744
20744 1664 19275
1664 19275 20744
65 16295 20742
16295 65 20742
20742 65 16295
16593 11653 27151
11653 16593 27151
27151 11653 16593
28519 23871 28957
23871 28519 28957
28957 23871 28519
15568 11105 19270
19270 11105 15568
11105 15568 19270
20412 6202 6945
6202 6945 20412
6945 6202 20412
13518 15426 17582
17582 13518 15426
15426 13518 17582
11078 627 2586
627 2586 11078
2586 627 11078
2509 15284 18113
18113 2509 15284
15284 2509 18113
21538 11020 25344
11020 21538 25344
25344 11020 21538
22284 8612 12114
12114 8612 22284
8612 12114 22284
15564 9676 16195
16195 9676 15564
9676 15564 16195
28618 353 15236
353 15236 28618
15236 353 28618
26126 18315 24952
18315 24952 26126
24952 18315 26126
18223 17452 23457
17452 18223 23457
23457 17452 18223
19778 10008 19190
10008 19190 19778
19190 10008 19778
264 5818 6121
6121 264 5818
5818 264 6121
26959 7439 26780
26780 7439 26959
7439 26780 26959
14481 14792 18169
14792 14481 18169
18169 14481 14792
29990 5082 28694
28694 5082 29990
5082 28694 29990
13284 23294 28399
23294 13284 28399
28399 13284 23294
17302 8140 17784
8140 17302 17784
17784 8140 17302
29838 10751 21094
21094 10751 29838
10751 21094 29838
15655 15742 24620
24620 15655 15742
15742 15655 24620
13654 6390 8143
6390 8143 13654
8143 6390 13654
104 10825 10922
10922 104 10825
10825 104 10922
7653 19682 22860
22860 7653 19682
19682 7653 22860
11795 7045 7954
7045 7954 11795
7954 7045 11795
20712 24402 27123
27123 20712 24402
24402 20712 27123
22918 15105 23943
15105 22918 23943
23943 15105 22918
29093 6456 27261
6456 27261 29093
27261 6456 29093
5248 16996 21593
21593 5248 16996
16996 5248 21593
13553 5372 19411
5372 13553 19411
19411 5372 13553
16516 3032 3411
3411 3032 16516
3032 3411 16516
26206 2299 9547
2299 9547 26206
9547 2299 26206
24743 4016 27094
27094 4016 24743
4016 24743 27094
27595 8680 20330
8680 20330 27595
20330 8680 27595
456 4186 20560
4186 456 20560
20560 456 4186
21727 14974 24048
24048 14974 21727
14974 21727 24048
10380 928 23382
928 10380 23382
23382 928 10380
1458 4113 26072
26072 1458 4113
4113 1458 26072
5377 2776 17272
2776 5377 17272
17272 2776 5377
14802 4426 28798
28798 4426 14802
4426 14802 28798
484 1059 26775
26775 484 1059
1059 484 26775
1910 1209 12236
12236 1209 1910
1209 1910 12236
27629 10269 11196
10269 11196 27629
11196 10269 27629
17653 137 14661
14661 137 17653
137 14661 17653
14404 7029 23851
7029 14404 23851
23851 7029 14404
24870 4721 23514
23514 4721 24870
4721 23514 24870
16824 3418 20430
20430 3418 16824
3418 16824 20430
5296 852 20865
20865 852 5296
852 5296 20865
22535 8485 28448
8485 22535 28448
28448 8485 22535
3108 5875 16401
5875 3108 16401
16401 3108 5875
17135 3417 9560
9560 3417 17135
3417 9560 17135
26407 11235 19133
11235 19133 26407
19133 11235 26407
7291 3200 13560
13560 3200 7291
3200 7291 13560
13186 16790 23491
16790 13186 23491
23491 13186 16790
20842 12285 27845
27845 12285 20842
12285 20842 27845
12565 14823 25042
14823 12565 25042
25042 12565 14823
27411 10975 17187
10975 17187 27411
17187 10975 27411
8596 3821 29039
29039 3821 8596
3821 8596 29039
2007 25565 27762
25565 2007 27762
27762 2007 25565
10739 3949 23960
3949 10739 23960
23960 3949 10739
3399 21599 24588
21599 3399 24588
24588 3399 21599
13394 4161 25490
25490 4161 13394
4161 13394 25490
5803 7497 24934
7497 5803 24934
24934 5803 7497
24443 7744 28841
28841 7744 24443
7744 24443 28841
22970 21193 29647
21193 22970 29647
29647 21193 22970
24613 13496 23292
13496 23292 24613
23292 13496 24613
13331 21914 29841
21914 13331 29841
29841 13331 21914
11539 15070 25814
15070 11539 25814
25814 11539 15070
4131 5967 6766
6766 4131 5967
5967 4131 6766
22526 12998 16825
12998 16825 22526
16825 12998 22526
23939 24816 28782
28782 23939 24816
24816 23939 28782
18252 23080 24738
23080 18252 24738
24738 18252 23080
12735 5059 25030
25030 5059 12735
5059 12735 25030
5584 23190 25999
23190 5584 25999
25999 5584 23190
26930 14002 16340
16340 14002 26930
14002 16340 26930
14094 1121 6894
1121 6894 14094
6894 1121 14094
6247 887 11862
887 6247 11862
11862 887 6247
23162 10756 26685
26685 10756 23162
10756 23162 26685
8490 3992 29778
29778 3992 8490
3992 8490 29778
16470 4589 26029
4589 16470 26029
26029 4589 16470
22339 15704 27737
15704 22339 27737
27737 15704 22339
2628 12806 15870
12806 2628 15870
15870 2628 12806
15183 9247 28183
28183 9247 15183
9247 15183 28183
23018 1138 2647
2647 1138 23018
1138 2647 23018
23242 5663 29224
29224 5663 23242
5663 23242 29224
4296 2058 29634
2058 4296 29634
29634 2058 4296
172 9554 17927
9554 172 17927
17927 172 9554
17400 4981 25974
4981 17400 25974
25974 4981 17400
11216 21909 22123
22123 11216 21909
21909 11216 22123
20832 16416 28795
28795 16416 20832
16416 20832 28795
1528 11808 22297
22297 1528 11808
11808 1528 22297
4769 3208 27982
27982 3208 4769
3208 4769 27982
27304 13515 13561
13561 13515 27304
13515 13561 27304
5740 4212 4799
4799 4212 5740
4212 4799 5740
10099 13631 21450
13631 10099 21450
21450 10099 13631
23164 434 11855
11855 434 23164
434 11855 23164
7778 9069 9417
9417 7778 9069
9069 7778 9417
13365 6574 26055
26055 6574 13365
6574 13365 26055
901 24585 26687
26687 901 24585
24585 901 26687
24610 20071 29018
20071 24610 29018
29018 20071 24610
19141 9621 18661
18661 9621 19141
9621 18661 19141
16178 19386 25514
19386 16178 25514
25514 16178 19386
21555 21511 22726
22726 21511 21555
21511 21555 22726
14012 2807 22425
22425 2807 14012
2807 14012 22425
21624 22155 29594
22155 21624 29594
29594 21624 22155
22554 3700 11265
3700 11265 22554
11265 3700 22554
3792 10504 10948
10504 3792 10948
10948 3792 10504
20335 17013 22713
17013 20335 22713
22713 17013 20335
12121 7230 15056
15056 7230 12121
7230 12121 15056
1036 10892 21837
21837 1036 10892
10892 1036 21837
4566 5483 8144
5483 4566 8144
8144 4566 5483
27206 9463 28604
9463 27206 28604
28604 9463 27206
29388 5351 7889
7889 5351 29388
5351 7889 29388
15139 3578 26916
3578 15139 26916
26916 3578 15139
7267 16015 17507
16015 7267 17507
17507 7267 16015
18822 29311 29741
29741 18822 29311
29311 18822 29741
29864 12168 26178
12168 26178 29864
26178 12168 29864
11273 13516 25871
25871 11273 13516
13516 11273 25871
27767 3462 10847
10847 3462 27767
3462 10847 27767
28314 4079 11813
4079 11813 28314
11813 4079 28314
1502 10617 23968
10617 1502 23968
23968 1502 10617
21252 6849 17979
17979 6849 21252
6849 17979 21252
22863 1468 26098
1468 22863 26098
26098 1468 22863
29173 12120 18835
18835 12120 29173
12120 18835 29173
15477 3363 11167
11167 3363 15477
3363 11167 15477
12290 16535 22616
22616 12290 16535
16535 12290 22616
18625 3630 24463
24463 3630 18625
3630 18625 24463
2126 19515 26580
26580 2126 19515
19515 2126 26580
26791 12521 23405
23405 12521 26791
12521 23405 26791
27022 1066 6111
6111 1066 27022
1066 6111 27022
28344 13963 22129
22129 13963 28344
13963 22129 28344
9736 4022 13634
4022 9736 13634
13634 4022 9736
23352 17824 19119
17824 19119 23352
19119 17824 23352
7681 7103 18711
7103 7681 18711
18711 7103 7681
29777 9281 13759
13759 9281 29777
9281 13759 29777
28511 9514 20099
9514 20099 28511
20099 9514 28511
19949 290 11201
11201 290 19949
290 11201 19949
19885 2410 6439
6439 2410 19885
2410 6439 19885
21272 13880 19986
13880 19986 21272
19986 13880 21272
21614 3196 12661
3196 12661 21614
12661 3196 21614
24394 28481 29236
29236 24394 28481
28481 24394 29236
26764 9566 29233
9566 26764 29233
29233 9566 26764
3291 6629 23893
23893 3291 6629
6629 3291 23893
27263 17516 25848
25848 17516 27263
17516 25848 27263
28110 21265 29699
21265 28110 29699
29699 21265 28110
19760 952 17991
952 17991 19760
17991 952 19760
17159 3614 13190
3614 13190 17159
13190 3614 17159
23100 2387 24458
24458 2387 23100
2387 23100 24458
22012 6621 28416
28416 6621 22012
6621 22012 28416
21407 1794 6255
6255 1794 21407
1794 6255 21407
2834 8587 19318
8587 2834 19318
19318 2834 8587
29277 1033 13208
1033 13208 29277
13208 1033 29277
16291 7060 19665
19665 7060 16291
7060 16291 19665
8018 18357 24223
18357 8018 24223
24223 8018 18357
6684 12977 19363
19363 6684 12977
12977 6684 19363
12775 7676 25550
7676 12775 25550
25550 7676 12775
4986 1574 12248
12248 1574 4986
1574 4986 12248
10488 1632 26288
26288 1632 10488
1632 10488 26288
28389 12985 23785
12985 23785 28389
23785 12985 28389
27305 7071 12730
7071 12730 27305
12730 7071 27305
15946 14441 28755
28755 14441 15946
14441 15946 28755
23224 11594 22675
11594 22675 23224
22675 11594 23224
7364 2531 13999
13999 2531 7364
2531 7364 13999
9374 830 8913
8913 830 9374
830 8913 9374
14149 3333 5360
3333 5360 14149
5360 3333 14149
4603 857 18347
857 4603 18347
18347 857 4603
24609 3786 23091
23091 3786 24609
3786 23091 24609
3034 6913 8903
8903 3034 6913
6913 3034 8903
28517 13386 24828
24828 13386 28517
13386 24828 28517
29786 2289 21359
21359 2289 29786
2289 21359 29786
21515 9478 16369
9478 16369 21515
16369 9478 21515
19704 8065 12624
8065 12624 19704
12624 8065 19704
4360 485 15258
15258 485 4360
485 4360 15258
18912 7377 21329
7377 18912 21329
21329 7377 18912
16740 5451 10482
5451 10482 16740
10482 5451 16740
11764 5239 22651
22651 5239 11764
5239 11764 22651
25605 2380 12376
2380 12376 25605
12376 2380 25605
4244 721 28370
28370 721 4244
721 4244 28370
24271 1564 4837
4837 1564 24271
1564 4837 24271
15812 316 18820
316 15812 18820
18820 316 15812
20012 9862 26423
9862 20012 26423
26423 9862 20012
5869 8449 22866
8449 5869 22866
22866 5869 8449
25368 1086 4734
1086 4734 25368
4734 1086 25368
4910 13507 16112
16112 4910 13507
13507 4910 16112
10029 8895 15134
15134 8895 10029
8895 10029 15134
28709 1896 14949
14949 1896 28709
1896 14949 28709
24574 9719 11676
9719 11676 24574
11676 9719 24574
6902 25540 28844
25540 6902 28844
28844 6902 25540
24860 7508 25568
7508 24860 25568
25568 7508 24860
1677 59 20529
20529 59 1677
59 1677 20529
4405 10361 15751
15751 4405 10361
10361 4405 15751
27752 20323 23098
23098 20323 27752
20323 23098 27752
9519 18306 21451
18306 9519 21451
21451 9519 18306
21453 7200 23637
7200 21453 23637
23637 7200 21453
3954 3657 10943
3657 3954 10943
10943 3657 3954
23320 10402 17529
17529 10402 23320
10402 17529 23320
20951 3971 10459
3971 10459 20951
10459 3971 20951
22653 18988 28621
28621 18988 22653
18988 22653 28621
2594 26058 29929
26058 2594 29929
29929 2594 26058
24317 7684 19561
19561 7684 24317
7684 19561 24317
16826 16239 26445
26445 16239 16826
16239 16826 26445
16632 1232 22243
1232 16632 22243
22243 1232 16632
27986 2648 16020
2648 16020 27986
16020 2648 27986
7967 12110 19599
19599 7967 12110
12110 7967 19599
5883 7037 20676
7037 5883 20676
20676 5883 7037
21514 9786 27228
9786 21514 27228
27228 9786 21514
7389 17956 23892
23892 7389 17956
17956 7389 23892
3571 7159 23577
23577 3571 7159
7159 3571 23577
29426 10367 23992
23992 10367 29426
10367 23992 29426
15719 2865 3526
3526 2865 15719
2865 3526 15719
10926 1442 11624
1442 10926 11624
11624 1442 10926
25345 1499 4381
4381 1499 25345
1499 4381 25345
28655 4117 29194
4117 28655 29194
29194 4117 28655
7160 20239 24291
20239 7160 24291
24291 7160 20239
15455 20066 22452
22452 15455 20066
20066 15455 22452
365 11309 25039
25039 365 11309
11309 365 25039
16998 5196 8732
8732 5196 16998
5196 8732 16998
17959 7758 17238
7758 17238 17959
17238 7758 17959
28770 3074 17541
17541 3074 28770
3074 17541 28770
10350 15518 27725
15518 10350 27725
27725 10350 15518
21856 2601 9579
9579 2601 21856
2601 9579 21856
15840 9592 15285
15285 9592 15840
9592 15285 15840
28188 439 15124
15124 439 28188
439 15124 28188
18078 11555 14119
11555 14119 18078
14119 11555 18078
27480 10297 29883
10297 27480 29883
29883 10297 27480
11363 1526 7857
7857 1526 11363
1526 7857 11363
6388 15474 25232
15474 6388 25232
25232 6388 15474
2489 20362 24721
24721 2489 20362
20362 2489 24721
14474 1466 6294
6294 1466 14474
1466 6294 14474
3842 13695 26387
13695 3842 26387
26387 3842 13695
9683 25013 28558
28558 9683 25013
25013 9683 28558
25975 47 18009
18009 47 25975
47 18009 25975
7821 25730 26802
26802 7821 25730
25730 7821 26802
21303 8393 9558
8393 9558 21303
9558 8393 21303
7187 15094 24650
24650 7187 15094
15094 7187 24650
16832 12363 21016
21016 12363 16832
12363 16832 21016
5822 10648 27104
27104 5822 10648
10648 5822 27104
18783 608 13142
608 13142 18783
13142 608 18783
27494 28868 29674
29674 27494 28868
28868 27494 29674
29755 13 6886
13 6886 29755
6886 13 29755
8851 18 9957
9957 18 8851
18 8851 9957
28941 23210 28819
23210 28819 28941
28819 23210 28941
27562 11027 26624
26624 11027 27562
11027 26624 27562
26706 16678 18929
16678 18929 26706
18929 16678 26706
1745 23847 23874
23874 1745 23847
23847 1745 23874
1323 1969 8713
8713 1323 1969
1969 1323 8713
21808 10334 19900
