2060 1353 2464
2464 1353 2060
1353 2060 2464
664 199 1068
1068 199 664
199 664 1068
296 118 360
360 118 296
118 296 360
188 700 2742
700 188 2742
2742 188 700
1900 1898 2249
2249 1898 1900
1898 1900 2249
2804 23 2328
23 2328 2804
2328 23 2804
1947 3 881
3 881 1947
881 3 1947
1864 910 1661
910 1661 1864
1661 910 1864
164 682 838
682 164 838
838 164 682
2679 1178 1682
1682 1178 2679
1178 1682 2679
572 92 974
974 92 572
92 572 974
594 20 73
73 20 594
20 73 594
1359 1501 1960
1501 1359 1960
1960 1359 1501
872 1259 2952
1259 872 2952
2952 872 1259
2691 404 2397
404 2397 2691
2397 404 2691
565 1327 1819
1819 565 1327
1327 565 1819
2814 1355 2292
1355 2292 2814
2292 1355 2814
2758 751 1596
751 1596 2758
1596 751 2758
2837 2173 2709
2173 2709 2837
2709 2173 2837
2831 39 2951
2951 39 2831
39 2831 2951
2223 644 2450
2450 644 2223
644 2223 2450
542 55 2163
55 542 2163
2163 55 542
2615 1009 2082
1009 2082 2615
2082 1009 2615
763 1347 2819
1347 763 2819
2819 763 1347
1842 1222 2936
2936 1222 1842
1222 1842 2936
1708 1622 2861
1622 1708 2861
2861 1622 1708
1082 1853 2844
2844 1082 1853
1853 1082 2844
1520 310 1949
310 1520 1949
1949 310 1520
2429 1121 2495
2495 1121 2429
1121 2429 2495
2481 562 1071
1071 562 2481
562 1071 2481
2344 598 990
598 990 2344
990 598 2344
59 454 873
454 59 873
873 59 454
2859 1824 2727
2727 1824 2859
1824 2727 2859
1238 1204 2438
1204 1238 2438
2438 1204 1238
1587 625 2139
625 1587 2139
2139 625 1587
2324 400 2083
400 2083 2324
2083 400 2324
1607 364 1128
364 1128 1607
1128 364 1607
2188 416 740
416 740 2188
740 416 2188
832 640 1798
640 832 1798
1798 640 832
1294 275 1821
1821 275 1294
275 1294 1821
2738 969 2824
969 2738 2824
2824 969 2738
2360 432 552
552 432 2360
432 552 2360
363 1804 2037
2037 363 1804
1804 363 2037
1200 329 2857
2857 329 1200
329 1200 2857
2172 64 2639
64 2172 2639
2639 64 2172
1634 1662 2885
1662 1634 2885
2885 1634 1662
871 294 2248
294 871 2248
2248 294 871
2809 21 2104
2104 21 2809
21 2104 2809
1435 407 985
407 985 1435
985 407 1435
960 689 1012
1012 689 960
689 960 1012
2551 1911 2968
2968 1911 2551
1911 2551 2968
1417 112 1041
112 1041 1417
1041 112 1417
2878 1402 1885
1402 1885 2878
1885 1402 2878
231 109 1977
1977 109 231
109 231 1977
2222 1560 2799
2799 1560 2222
1560 2222 2799
947 31 2806
2806 31 947
31 947 2806
1491 515 865
865 515 1491
515 865 1491
961 510 2537
510 961 2537
2537 510 961
1116 590 1447
1447 590 1116
590 1116 1447
2579 1942 2545
2545 1942 2579
1942 2545 2579
9 986 1816
1816 9 986
986 9 1816
2182 1738 2599
2599 1738 2182
1738 2182 2599
1993 1760 2888
1760 1993 2888
2888 1760 1993
529 595 1441
595 529 1441
1441 529 595
1569 464 2550
2550 464 1569
464 1569 2550
2776 2318 2478
2318 2478 2776
2478 2318 2776
619 603 807
807 603 619
603 619 807
1747 256 1528
1528 256 1747
256 1528 1747
2144 943 2033
943 2033 2144
2033 943 2144
243 228 1226
228 243 1226
1226 228 243
2117 354 1507
354 1507 2117
1507 354 2117
1263 479 2243
479 1263 2243
2243 479 1263
2590 1232 1635
1635 1232 2590
1232 1635 2590
1685 250 1062
1062 250 1685
250 1062 1685
2441 152 2140
152 2140 2441
2140 152 2441
134 1246 1704
1246 134 1704
1704 134 1246
739 267 2618
267 739 2618
2618 267 739
1679 242 2957
2957 242 1679
242 1679 2957
24 7 209
209 7 24
7 24 209
439 1 2838
2838 1 439
1 439 2838
1896 33 50
50 33 1896
33 50 1896
609 111 1235
111 609 1235
1235 111 609
373 153 774
774 153 373
153 373 774
548 904 2004
2004 548 904
904 548 2004
2338 2279 2455
2279 2338 2455
2455 2279 2338
2597 2 665
665 2 2597
2 665 2597
286 68 1712
68 286 1712
1712 68 286
1124 1696 1995
1995 1124 1696
1696 1124 1995
1249 229 1209
1209 229 1249
229 1209 1249
938 1142 2920
1142 938 2920
2920 938 1142
2019 145 800
800 145 2019
145 800 2019
1609 468 2535
468 1609 2535
2535 468 1609
1866 46 597
46 597 1866
597 46 1866
2932 481 2008
481 2008 2932
2008 481 2932
516 2120 2136
2136 516 2120
2120 516 2136
776 654 1761
1761 654 776
654 776 1761
1533 368 1136
1136 368 1533
368 1136 1533
722 750 1987
750 722 1987
1987 722 750
2226 173 2447
173 2226 2447
2447 173 2226
1028 508 1247
508 1028 1247
1247 508 1028
1137 181 899
181 899 1137
899 181 1137
1835 2578 2644
2644 1835 2578
2578 1835 2644
1794 634 1770
634 1770 1794
1770 634 1794
2847 1415 1863
1415 1863 2847
1863 1415 2847
391 1549 1655
1549 391 1655
1655 391 1549
2135 537 1492
537 1492 2135
1492 537 2135
2281 569 1477
569 1477 2281
1477 569 2281
2420 1070 2093
2093 1070 2420
1070 2093 2420
353 507 1948
1948 353 507
507 353 1948
2768 1182 2039
2039 1182 2768
1182 2039 2768
1723 765 962
962 765 1723
765 962 1723
2868 1413 2585
1413 2585 2868
2585 1413 2868
1792 801 2672
2672 801 1792
801 1792 2672
1610 718 2145
718 1610 2145
2145 718 1610
2311 2816 2954
2816 2311 2954
2954 2311 2816
693 309 2106
309 693 2106
2106 309 693
2769 74 2643
74 2643 2769
2643 74 2769
2651 1273 1820
1820 1273 2651
1273 1820 2651
4 1197 2519
1197 4 2519
2519 4 1197
1027 558 653
653 558 1027
558 653 1027
786 559 2490
2490 559 786
559 786 2490
2474 1344 2526
1344 2474 2526
2526 1344 2474
343 2369 2608
2369 343 2608
2608 343 2369
1439 1865 1902
1865 1439 1902
1902 1439 1865
1844 308 409
308 409 1844
409 308 1844
2634 1470 2275
2275 1470 2634
1470 2275 2634
2462 2563 2749
2749 2462 2563
2563 2462 2749
2573 1274 1875
1875 1274 2573
1274 1875 2573
2221 732 890
732 890 2221
890 732 2221
1805 802 1986
1986 802 1805
802 1805 1986
862 399 1901
399 862 1901
1901 399 862
2542 743 1972
743 1972 2542
1972 743 2542
2202 1613 2053
2053 1613 2202
1613 2053 2202
116 2048 2937
2048 116 2937
2937 116 2048
2534 2834 2959
2834 2534 2959
2959 2534 2834
1937 87 2950
87 1937 2950
2950 87 1937
1562 670 2787
2787 670 1562
670 1562 2787
2069 731 2642
2642 731 2069
731 2069 2642
1648 1285 2358
2358 1285 1648
1285 1648 2358
939 386 1857
1857 386 939
386 939 1857
704 715 1595
1595 704 715
715 704 1595
2129 490 2726
2726 490 2129
490 2129 2726
1176 1570 1584
1570 1176 1584
1584 1176 1570
114 1633 2580
1633 114 2580
2580 114 1633
245 151 1132
151 245 1132
1132 151 245
1967 959 1181
1181 959 1967
959 1181 1967
2572 1802 2052
1802 2052 2572
2052 1802 2572
2807 2157 2772
2772 2157 2807
2157 2772 2807
1340 1834 2124
2124 1340 1834
1834 1340 2124
724 54 427
427 54 724
54 427 724
1665 1939 2071
1939 1665 2071
2071 1665 1939
2227 203 344
344 203 2227
203 344 2227
2680 2212 2984
2984 2212 2680
2212 2680 2984
2168 930 2061
930 2061 2168
2061 930 2168
707 2154 2269
2154 707 2269
2269 707 2154
2339 1244 1536
1536 1244 2339
1244 1536 2339
2662 509 1583
509 1583 2662
1583 509 2662
1113 850 1356
850 1113 1356
1356 850 1113
1122 2285 2810
2810 1122 2285
2285 1122 2810
2476 1265 1994
1265 1994 2476
1994 1265 2476
1180 397 2009
397 1180 2009
2009 397 1180
2342 762 1397
1397 762 2342
762 1397 2342
2793 186 2411
186 2411 2793
2411 186 2793
226 908 995
908 226 995
995 226 908
2278 1044 1170
1170 1044 2278
1044 1170 2278
2525 1478 2137
1478 2137 2525
2137 1478 2525
2289 234 690
690 234 2289
234 690 2289
1101 101 981
101 981 1101
981 101 1101
1813 104 1790
1790 104 1813
104 1790 1813
2220 1299 2688
2688 1299 2220
1299 2220 2688
2659 1485 1845
1845 1485 2659
1485 1845 2659
1403 1460 2854
2854 1403 1460
1460 1403 2854
2300 2530 2623
2623 2300 2530
2530 2300 2623
1493 1551 1968
1551 1493 1968
1968 1493 1551
1381 668 2664
2664 668 1381
668 1381 2664
2277 2099 2432
2099 2277 2432
2432 2099 2277
169 69 1940
69 169 1940
1940 69 169
1079 133 2764
133 1079 2764
2764 133 1079
1699 1421 2553
2553 1421 1699
1421 1699 2553
804 312 2933
312 804 2933
2933 312 804
2511 1419 1654
1654 1419 2511
1419 1654 2511
612 1382 2415
2415 612 1382
1382 612 2415
1913 591 1619
591 1619 1913
1619 591 1913
2086 1390 2708
1390 2086 2708
2708 1390 2086
937 1506 2919
1506 937 2919
2919 937 1506
2062 2152 2341
2152 2062 2341
2341 2062 2152
2040 1519 1783
1519 1783 2040
1783 1519 2040
1211 1056 1785
1056 1211 1785
1785 1056 1211
675 1057 1714
1714 675 1057
1057 675 1714
266 385 1907
385 266 1907
1907 266 385
1990 426 1623
426 1623 1990
1623 426 1990
1317 1657 2588
1657 1317 2588
2588 1317 1657
79 1042 2540
1042 79 2540
2540 79 1042
1927 1919 2138
1919 1927 2138
2138 1919 1927
2506 1513 2594
2594 1513 2506
1513 2506 2594
1468 1782 2092
2092 1468 1782
1782 1468 2092
1165 258 1618
1618 258 1165
258 1165 1618
790 864 2237
2237 790 864
864 790 2237
42 129 2493
129 42 2493
2493 42 129
322 331 2721
2721 322 331
331 322 2721
1141 425 2335
2335 425 1141
425 1141 2335
2648 747 1768
747 1768 2648
1768 747 2648
336 2439 2865
2439 336 2865
2865 336 2439
2944 1022 2504
1022 2504 2944
2504 1022 2944
65 393 1336
1336 65 393
393 65 1336
2454 1510 2930
2930 1510 2454
1510 2454 2930
1146 674 1445
674 1146 1445
1445 674 1146
2005 526 1452
1452 526 2005
526 1452 2005
1850 1749 2557
2557 1749 1850
1749 1850 2557
805 1428 1429
1429 805 1428
1428 805 1429
828 330 2717
330 828 2717
2717 330 828
2995 196 1139
196 1139 2995
1139 196 2995
2169 1659 2974
2974 1659 2169
1659 2169 2974
791 2349 2667
2349 791 2667
2667 791 2349
2250 411 1876
1876 411 2250
411 1876 2250
2587 440 667
667 440 2587
440 667 2587
1822 491 2164
2164 491 1822
491 1822 2164
1318 1109 1203
1109 1203 1318
1203 1109 1318
1205 2232 2719
2232 1205 2719
2719 1205 2232
605 963 2448
2448 605 963
963 605 2448
2695 1223 2443
2443 1223 2695
1223 2443 2695
2102 2554 2736
2554 2102 2736
2736 2102 2554
2703 946 2356
946 2356 2703
2356 946 2703
1297 1281 2966
2966 1281 1297
1281 1297 2966
574 520 2175
2175 520 574
520 574 2175
861 1144 2574
1144 861 2574
2574 861 1144
531 2297 2581
2297 531 2581
2581 531 2297
875 1879 2971
1879 875 2971
2971 875 1879
2315 1087 1454
1454 1087 2315
1087 1454 2315
251 809 2214
2214 251 809
809 251 2214
2986 1157 2755
1157 2755 2986
2755 1157 2986
2762 1563 1963
1963 1563 2762
1563 1963 2762
2641 90 708
708 90 2641
90 708 2641
2113 78 2916
2916 78 2113
78 2113 2916
1060 2754 2845
2845 1060 2754
2754 1060 2845
2801 911 1277
911 1277 2801
1277 911 2801
1740 2425 2858
2858 1740 2425
2425 1740 2858
2655 160 492
492 160 2655
160 492 2655
143 1386 1914
1386 143 1914
1914 143 1386
2393 10 474
10 474 2393
474 10 2393
2841 259 2394
2394 259 2841
259 2394 2841
2034 1125 2940
1125 2034 2940
2940 1125 2034
1529 316 792
316 792 1529
792 316 1529
2939 327 617
617 327 2939
327 617 2939
233 41 2235
41 233 2235
2235 41 233
2081 756 1811
756 1811 2081
1811 756 2081
992 972 1486
1486 972 992
972 992 1486
2913 1705 2750
2750 1705 2913
1705 2750 2913
2330 452 1849
452 1849 2330
1849 452 2330
2483 545 2728
545 2483 2728
2728 545 2483
602 806 1974
1974 602 806
806 602 1974
1684 681 1102
1102 681 1684
681 1102 1684
1108 127 2836
127 1108 2836
2836 127 1108
205 1872 2532
2532 205 1872
1872 205 2532
1534 1078 2191
1078 1534 2191
2191 1078 1534
1656 2046 2848
2848 1656 2046
2046 1656 2848
2463 720 1099
1099 720 2463
720 1099 2463
236 332 2038
2038 236 332
332 236 2038
6 728 2747
2747 6 728
728 6 2747
535 1291 2018
2018 535 1291
1291 535 2018
522 443 1465
1465 443 522
443 522 1465
370 781 2555
781 370 2555
2555 370 781
803 692 1118
692 803 1118
1118 692 803
2505 610 2805
610 2505 2805
2805 610 2505
1715 287 2323
287 1715 2323
2323 287 1715
919 1329 1838
1838 919 1329
1329 919 1838
2041 922 2345
922 2041 2345
2345 922 2041
1061 2007 2301
2301 1061 2007
2007 1061 2301
302 207 1741
207 302 1741
1741 207 302
125 1316 1795
1316 125 1795
1795 125 1316
1955 1073 2943
2943 1073 1955
1073 1955 2943
120 717 941
941 120 717
717 120 941
1278 588 2811
588 1278 2811
2811 588 1278
2296 2111 2866
2866 2111 2296
2111 2296 2866
1858 684 2699
684 1858 2699
2699 684 1858
357 1624 1756
1624 357 1756
1756 357 1624
1135 47 2513
47 1135 2513
2513 47 1135
144 646 2128
2128 144 646
646 144 2128
1945 927 1998
1998 927 1945
927 1945 1998
1147 1320 1405
1405 1147 1320
1320 1147 1405
853 29 38
38 29 853
29 38 853
2428 647 1196
647 1196 2428
1196 647 2428
857 1280 1922
1922 857 1280
1280 857 1922
2190 449 2603
449 2190 2603
2603 449 2190
2633 27 1208
1208 27 2633
27 1208 2633
2621 1484 1800
1484 1800 2621
1800 1484 2621
2225 639 686
686 639 2225
639 686 2225
314 638 2963
638 314 2963
2963 314 638
669 623 1899
623 669 1899
1899 623 669
2167 1150 1363
1363 1150 2167
1150 1363 2167
2538 377 2543
2543 377 2538
377 2538 2543
1331 2063 2630
2630 1331 2063
2063 1331 2630
738 842 2479
2479 738 842
842 738 2479
257 561 737
737 257 561
561 257 737
1352 678 2371
2371 678 1352
678 1352 2371
618 108 913
913 108 618
108 618 913
2387 1214 2571
1214 2387 2571
2571 1214 2387
1100 383 543
543 383 1100
383 543 1100
1797 44 1361
1361 44 1797
44 1361 1797
1678 685 2718
2718 685 1678
685 1678 2718
410 17 2763
2763 17 410
17 410 2763
601 2134 2280
2134 601 2280
2280 601 2134
166 77 835
835 77 166
77 166 835
582 324 643
324 582 643
643 324 582
2853 1077 2486
1077 2486 2853
2486 1077 2853
1516 2253 2558
2253 1516 2558
2558 1516 2253
1358 147 538
538 147 1358
147 538 1358
2955 632 2451
632 2451 2955
2451 632 2955
2862 1014 2660
1014 2660 2862
2660 1014 2862
868 607 663
663 607 868
607 663 868
1224 2064 2347
2064 1224 2347
2347 1224 2064
1322 1475 2975
1475 1322 2975
2975 1322 1475
1234 1229 2800
2800 1229 1234
1229 1234 2800
785 898 2980
898 785 2980
2980 785 898
2130 1893 2564
1893 2130 2564
2564 1893 2130
2055 596 1179
596 1179 2055
1179 596 2055
2628 19 1695
19 1695 2628
1695 19 2628
264 132 2605
132 264 2605
2605 132 264
378 884 1646
1646 378 884
884 378 1646
2898 107 1789
107 1789 2898
1789 107 2898
48 232 1138
232 48 1138
1138 48 232
1970 1051 2584
1051 1970 2584
2584 1051 1970
551 1287 1404
1287 551 1404
1404 551 1287
2970 1483 1793
1483 1793 2970
1793 1483 2970
2240 471 1004
471 1004 2240
1004 471 2240
49 706 1601
706 49 1601
1601 49 706
2127 999 2686
999 2127 2686
2686 999 2127
1111 945 2158
945 1111 2158
2158 945 1111
2068 1592 2629
2629 1592 2068
1592 2068 2629
2910 1036 1271
1271 1036 2910
1036 1271 2910
2729 1909 2216
1909 2216 2729
2216 1909 2729
1851 858 2452
858 1851 2452
2452 858 1851
666 748 1499
1499 666 748
748 666 1499
553 1952 2205
1952 553 2205
2205 553 1952
2350 1530 1869
1869 1530 2350
1530 1869 2350
892 878 2192
2192 878 892
878 892 2192
113 480 2114
480 113 2114
2114 113 480
1931 1598 2622
1598 1931 2622
2622 1598 1931
1399 770 1011
770 1011 1399
1011 770 1399
1065 1461 1545
1545 1065 1461
1461 1065 1545
208 2146 2812
2146 208 2812
2812 208 2146
2195 1694 2863
2863 1694 2195
1694 2195 2863
2520 1810 2941
2941 1810 2520
1810 2520 2941
1542 696 1915
696 1542 1915
1915 696 1542
752 71 291
71 291 752
291 71 752
1020 1248 1743
1743 1020 1248
1248 1020 1743
1580 1620 2122
2122 1580 1620
1620 1580 2122
2238 759 1606
759 1606 2238
1606 759 2238
2026 281 2883
281 2026 2883
2883 281 2026
434 1709 1818
1818 434 1709
1709 434 1818
918 1877 2273
2273 918 1877
1877 918 2273
735 2108 2741
2741 735 2108
2108 735 2741
494 2692 2704
2692 494 2704
2704 494 2692
2105 2329 2522
2329 2105 2522
2522 2105 2329
1693 967 1732
1732 967 1693
967 1693 1732
1236 903 1434
1434 903 1236
903 1236 1434
1891 1174 2176
1174 1891 2176
2176 1174 1891
894 2390 2650
2390 894 2650
2650 894 2390
1526 1243 1412
1243 1412 1526
1412 1243 1526
1367 1283 2322
1283 1367 2322
2322 1283 1367
1342 1720 2626
1720 1342 2626
2626 1342 1720
1383 2602 2867
2602 1383 2867
2867 1383 2602
2383 1464 2657
1464 2383 2657
2657 1464 2383
847 462 701
701 462 847
462 701 847
392 86 2367
2367 86 392
86 392 2367
412 193 1929
193 412 1929
1929 193 412
709 848 1926
848 709 1926
1926 709 848
2433 659 2914
659 2433 2914
2914 659 2433
303 1162 1190
1162 303 1190
1190 303 1162
1874 952 1591
1591 952 1874
952 1591 1874
222 557 866
866 222 557
557 222 866
2047 698 2403
698 2047 2403
2403 698 2047
2547 729 1771
1771 729 2547
729 1771 2547
1946 2496 2948
2948 1946 2496
2496 1946 2948
342 499 1991
499 342 1991
1991 342 499
1212 95 1292
95 1212 1292
1292 95 1212
2374 272 2268
272 2268 2374
2268 272 2374
1830 372 2094
2094 372 1830
372 1830 2094
782 1558 2074
1558 782 2074
2074 782 1558
484 2286 2533
2286 484 2533
2533 484 2286
2798 1088 2953
1088 2798 2953
2953 1088 2798
376 1688 2024
1688 376 2024
2024 376 1688
1517 2298 2646
2646 1517 2298
2298 1517 2646
1652 1476 2395
1476 1652 2395
2395 1476 1652
1521 628 965
965 628 1521
628 965 1521
951 2849 2982
2982 951 2849
2849 951 2982
1826 655 826
826 655 1826
655 826 1826
305 82 916
82 305 916
916 82 305
403 2010 2906
2906 403 2010
2010 403 2906
2325 1171 1400
1400 1171 2325
1171 1400 2325
2458 150 476
150 476 2458
476 150 2458
1683 328 645
645 328 1683
328 645 1683
1446 794 2261
794 1446 2261
2261 794 1446
779 388 2757
388 779 2757
2757 388 779
2591 1833 2423
1833 2423 2591
2423 1833 2591
218 1189 1593
1189 218 1593
1593 218 1189
2988 1829 1921
1921 1829 2988
1829 1921 2988
998 435 2979
2979 435 998
435 998 2979
2058 362 2363
362 2058 2363
2363 362 2058
1616 265 382
265 382 1616
382 265 1616
1809 1392 1406
1406 1392 1809
1392 1406 1809
297 896 2991
896 297 2991
2991 297 896
2263 299 1161
1161 299 2263
299 1161 2263
2577 651 2677
651 2577 2677
2677 651 2577
1272 799 905
799 905 1272
905 799 1272
367 182 1045
182 367 1045
1045 182 367
1177 2604 2730
2730 1177 2604
2604 1177 2730
2110 1207 1423
1207 1423 2110
1423 1207 2110
2302 1924 2593
1924 2302 2593
2593 1924 2302
415 467 1129
1129 415 467
467 415 1129
271 808 2561
2561 271 808
808 271 2561
1298 1053 2027
2027 1053 1298
1053 1298 2027
1286 1398 2251
1398 1286 2251
2251 1286 1398
2196 12 2875
12 2196 2875
2875 12 2196
2822 1515 2516
2516 1515 2822
1515 2516 2822
2354 1115 2170
2170 1115 2354
1115 2170 2354
2231 1319 1686
1686 1319 2231
1319 1686 2231
106 1321 1701
1701 106 1321
1321 106 1701
1149 1462 2380
1462 1149 2380
2380 1149 1462
2989 389 2931
389 2931 2989
2931 389 2989
1395 2431 2700
2431 1395 2700
2700 1395 2431
1105 1758 2690
1758 1105 2690
2690 1105 1758
2899 346 1187
346 1187 2899
1187 346 2899
1199 1369 2658
1369 1199 2658
2658 1199 1369
263 430 1576
430 263 1576
1576 263 430
2198 178 1781
178 1781 2198
1781 178 2198
123 1586 2385
2385 123 1586
1586 123 2385
162 292 2035
292 162 2035
2035 162 292
648 340 540
340 540 648
540 340 648
2734 221 1762
1762 221 2734
221 1762 2734
2049 1351 2802
1351 2049 2802
2802 1351 2049
1556 8 1653
8 1556 1653
1653 8 1556
2706 606 1894
1894 606 2706
606 1894 2706
374 448 2042
2042 374 448
448 374 2042
573 789 933
933 573 789
789 573 933
687 2671 2962
2962 687 2671
2671 687 2962
1933 705 811
811 705 1933
705 811 1933
814 2001 2915
2001 814 2915
2915 814 2001
2697 1724 2958
1724 2697 2958
2958 1724 2697
2368 702 921
702 921 2368
921 702 2368
2427 60 615
60 615 2427
615 60 2427
2745 730 2876
2876 730 2745
730 2745 2876
1881 1215 2778
1215 1881 2778
2778 1215 1881
1736 764 771
771 764 1736
764 771 1736
176 2199 2924
2199 176 2924
2924 176 2199
2391 210 1450
210 1450 2391
1450 210 2391
1823 1458 2379
2379 1458 1823
1458 1823 2379
2370 1825 2271
1825 2271 2370
2271 1825 2370
2211 523 978
523 978 2211
978 523 2211
1455 2044 2056
2044 1455 2056
2056 1455 2044
1293 988 2897
2897 988 1293
988 1293 2897
2820 886 1333
1333 886 2820
886 1333 2820
2389 2576 2682
2682 2389 2576
2576 2389 2682
1856 649 1167
649 1167 1856
1167 649 1856
2186 1080 1594
1594 1080 2186
1080 1594 2186
1728 900 2348
900 1728 2348
2348 900 1728
1467 1328 1737
1328 1467 1737
1737 1328 1467
2242 1817 2304
1817 2242 2304
2304 1817 2242
1568 438 2412
2412 438 1568
438 1568 2412
840 1006 2392
2392 840 1006
1006 840 2392
775 777 931
931 775 777
777 775 931
2239 40 1482
1482 40 2239
40 1482 2239
1523 940 2713
2713 940 1523
940 1523 2713
2000 1039 1742
1742 1039 2000
1039 1742 2000
1497 2606 2609
2609 1497 2606
2606 1497 2609
768 1878 1903
1878 768 1903
1903 768 1878
1812 135 2783
2783 135 1812
135 1812 2783
2625 1269 2546
1269 2546 2625
2546 1269 2625
1525 1827 2020
1827 1525 2020
2020 1525 1827
2465 110 2283
110 2283 2465
2283 110 2465
2156 1258 1934
1934 1258 2156
1258 1934 2156
534 2015 2236
2015 534 2236
2236 534 2015
1401 441 546
441 546 1401
546 441 1401
2895 676 795
676 795 2895
795 676 2895
2828 1744 2282
1744 2282 2828
2282 1744 2828
1064 1579 2078
1579 1064 2078
2078 1064 1579
1074 1308 1500
1308 1074 1500
1500 1074 1308
2649 445 2566
445 2566 2649
2566 445 2649
394 1453 1508
1508 394 1453
1453 394 1508
2408 1503 2399
1503 2399 2408
2399 1503 2408
1284 2174 2665
2174 1284 2665
2665 1284 2174
1152 1854 1918
1854 1152 1918
1918 1152 1854
1106 124 1426
1426 124 1106
124 1106 1426
91 925 2401
925 91 2401
2401 91 925
851 980 1384
1384 851 980
980 851 1384
514 159 824
824 159 514
159 514 824
131 2309 2346
2346 131 2309
2309 131 2346
2310 278 661
278 661 2310
661 278 2310
1645 517 2850
517 1645 2850
2850 517 1645
473 1524 1888
1888 473 1524
1524 473 1888
1779 583 888
888 583 1779
583 888 1779
1550 179 2115
179 1550 2115
2115 179 1550
1164 518 924
924 518 1164
518 924 1164
1424 1416 2739
2739 1416 1424
1416 1424 2739
2456 1906 2852
2852 1906 2456
1906 2456 2852
2507 1270 1692
1270 1692 2507
1692 1270 2507
2057 887 1242
887 1242 2057
1242 887 2057
2760 289 2908
289 2760 2908
2908 289 2760
979 1227 2255
1227 979 2255
2255 979 1227
2840 1268 2843
1268 2840 2843
2843 1268 2840
5 703 2087
703 5 2087
2087 5 703
1067 984 2871
2871 984 1067
984 1067 2871
1636 1669 2976
1669 1636 2976
2976 1636 1669
2193 964 1667
964 1667 2193
1667 964 2193
1348 137 140
140 137 1348
137 140 1348
1307 697 2517
2517 697 1307
697 1307 2517
2748 337 2097
337 2097 2748
2097 337 2748
255 500 1981
1981 255 500
500 255 1981
247 335 1030
335 247 1030
1030 247 335
1276 1153 2147
1153 1276 2147
2147 1153 1276
1815 187 1575
187 1575 1815
1575 187 1815
749 1544 2508
1544 749 2508
2508 749 1544
2740 744 2674
744 2674 2740
2674 744 2740
2978 950 2818
950 2818 2978
2818 950 2978
1908 1808 2382
1808 1908 2382
2382 1808 1908
578 1377 2635
2635 578 1377
1377 578 2635
554 369 1034
1034 369 554
369 554 1034
2331 783 2990
2990 783 2331
783 2331 2990
1585 51 1674
1674 51 1585
51 1585 1674
1168 1925 2873
1925 1168 2873
2873 1168 1925
279 1372 2779
1372 279 2779
2779 279 1372
977 198 2312
2312 198 977
198 977 2312
577 1999 2084
2084 577 1999
1999 577 2084
1374 276 2737
2737 276 1374
276 1374 2737
1905 1472 2162
2162 1472 1905
1472 1905 2162
1072 1880 2327
1880 1072 2327
2327 1072 1880
812 156 2901
156 812 2901
2901 156 812
1362 1463 2067
1463 1362 2067
2067 1362 1463
1354 1306 1326
1326 1306 1354
1306 1326 1354
2969 867 1625
1625 867 2969
867 1625 2969
1379 1172 2407
1172 1379 2407
2407 1172 1379
319 285 2611
285 319 2611
2611 285 319
2272 455 2416
455 2272 2416
2416 455 2272
2923 167 356
167 356 2923
356 167 2923
2265 1349 2693
2693 1349 2265
1349 2265 2693
2021 146 1010
146 1010 2021
1010 146 2021
997 604 725
604 725 997
725 604 997
917 413 1338
1338 413 917
413 917 1338
592 424 505
424 505 592
505 424 592
2171 284 2922
2922 284 2171
284 2171 2922
2796 300 2180
300 2180 2796
2180 300 2796
2181 658 822
658 822 2181
822 658 2181
1603 183 202
183 202 1603
202 183 1603
883 1532 1988
1532 883 1988
1988 883 1532
1495 269 1312
1312 269 1495
269 1312 1495
241 11 1958
11 241 1958
1958 11 241
2209 1081 1194
1081 1194 2209
1194 1081 2209
224 326 2256
2256 224 326
326 224 2256
138 1003 2258
1003 138 2258
2258 138 1003
1069 395 1104
1104 395 1069
395 1069 1104
721 657 1697
657 721 1697
1697 657 721
422 2090 2761
2090 422 2761
2761 422 2090
2881 341 2470
341 2470 2881
2470 341 2881
1505 268 1007
1007 268 1505
268 1007 1505
524 539 2313
539 524 2313
2313 524 539
2319 1130 1889
1130 1889 2319
1889 1130 2319
497 968 2909
968 497 2909
2909 497 968
2997 519 2288
519 2288 2997
2288 519 2997
716 525 1310
525 716 1310
1310 525 716
2376 1700 2724
1700 2376 2724
2724 1700 2376
723 1886 2388
1886 723 2388
2388 723 1886
815 856 996
996 815 856
856 815 996
566 633 2178
2178 566 633
633 566 2178
1910 948 1868
948 1868 1910
1868 948 1910
103 620 1535
620 103 1535
1535 103 620
1763 273 1440
273 1440 1763
1440 273 1763
2002 1365 1394
1365 1394 2002
1394 1365 2002
458 189 2351
189 458 2351
2351 189 458
485 366 379
379 366 485
366 379 485
2294 2003 2025
2025 2003 2294
2003 2025 2294
1378 679 1368
679 1368 1378
1368 679 1378
841 117 975
975 117 841
117 841 975
2912 1097 2994
1097 2912 2994
2994 1097 2912
1912 1418 1489
1418 1489 1912
1489 1418 1912
1710 53 1574
53 1574 1710
1574 53 1710
1323 62 1627
62 1323 1627
1627 62 1323
1425 2459 2669
2669 1425 2459
2459 1425 2669
901 225 626
626 225 901
225 626 901
2150 1314 2484
1314 2150 2484
2484 1314 2150
2473 1210 2830
2830 1210 2473
1210 2473 2830
80 1302 1751
1302 80 1751
1751 80 1302
1546 2141 2735
2735 1546 2141
2141 1546 2735
1442 470 1672
470 1442 1672
1672 470 1442
2985 2241 2636
2241 2636 2985
2636 2241 2985
2823 2907 2996
2996 2823 2907
2907 2823 2996
1718 306 2872
2872 306 1718
306 1718 2872
2552 1873 2521
2521 1873 2552
1873 2521 2552
1996 1218 1843
1843 1218 1996
1218 1843 1996
1670 318 2645
318 1670 2645
2645 318 1670
18 405 1707
1707 18 405
405 18 1707
2032 914 2596
914 2032 2596
2596 914 2032
61 1432 2230
2230 61 1432
1432 61 2230
993 915 2030
2030 915 993
915 993 2030
1839 1964 2417
1964 1839 2417
2417 1839 1964
2701 755 1600
1600 755 2701
755 1600 2701
483 172 1997
1997 172 483
172 483 1997
869 1086 2065
1086 869 2065
2065 869 1086
2266 414 2179
2179 414 2266
414 2179 2266
1407 301 1151
301 1151 1407
1151 301 1407
1577 194 1511
194 1511 1577
1511 194 1577
616 635 1049
635 616 1049
1049 616 635
260 813 834
813 260 834
834 260 813
2716 170 2502
170 2502 2716
2502 170 2716
1085 1890 2549
1890 1085 2549
2549 1085 1890
1604 935 2624
2624 935 1604
935 1604 2624
466 1882 1923
1923 466 1882
1882 466 1923
493 1114 2752
1114 493 2752
2752 493 1114
1048 585 1989
1989 585 1048
585 1048 1989
2638 384 1334
1334 384 2638
384 1334 2638
2103 2031 2059
2031 2059 2103
2059 2031 2103
1046 1290 2683
2683 1046 1290
1290 1046 2683
295 1581 2890
1581 295 2890
2890 295 1581
2977 1260 2208
1260 2208 2977
2208 1260 2977
406 381 1216
381 406 1216
1216 381 406
75 503 2436
503 75 2436
2436 75 503
1449 1734 2892
1734 1449 2892
2892 1449 1734
2784 954 1264
954 1264 2784
1264 954 2784
2445 1075 1370
1075 1370 2445
1370 1075 2445
1883 320 2121
320 1883 2121
2121 320 1883
2786 1304 1680
1680 1304 2786
1304 1680 2786
1615 230 2077
230 1615 2077
2077 230 1615
1095 2217 2967
2967 1095 2217
2217 1095 2967
1266 1490 2586
2586 1266 1490
1490 1266 2586
1892 1608 1630
1630 1608 1892
1608 1630 1892
906 1163 1767
1163 906 1767
1767 906 1163
1935 1427 2825
1427 1935 2825
2825 1427 1935
2460 1254 2419
1254 2419 2460
2419 1254 2460
2676 2160 2384
2384 2160 2676
2160 2384 2676
2705 239 1466
1466 239 2705
239 1466 2705
1663 2435 2815
2815 1663 2435
2435 1663 2815
1943 1729 1753
1753 1729 1943
1729 1753 1943
568 495 1043
495 568 1043
1043 495 568
1617 1982 2405
1982 1617 2405
2405 1617 1982
1522 35 2375
2375 35 1522
35 1522 2375
2485 1518 1602
1602 1518 2485
1518 1602 2485
1335 13 2782
2782 13 1335
13 1335 2782
2080 1231 1438
1438 1231 2080
1231 1438 2080
2088 1557 2132
1557 2088 2132
2132 1557 2088
1159 1668 2829
2829 1159 1668
1668 1159 2829
544 754 2386
2386 544 754
754 544 2386
1642 345 1727
1727 345 1642
345 1642 1727
863 1564 2303
2303 863 1564
1564 863 2303
1975 437 2119
2119 437 1975
437 1975 2119
1540 845 1803
1803 845 1540
845 1540 1803
2900 2023 2839
2839 2023 2900
2023 2839 2900
817 907 1548
1548 817 907
907 817 1548
1632 710 1932
710 1632 1932
1932 710 1632
2510 88 1005
88 1005 2510
1005 88 2510
2595 126 2043
2043 126 2595
126 2043 2595
1639 288 1846
288 1639 1846
1846 288 1639
672 421 982
421 672 982
982 421 672
1228 450 2352
450 1228 2352
2352 450 1228
1021 719 1702
719 1021 1702
1702 719 1021
1746 1017 2361
1017 1746 2361
2361 1017 1746
1681 1240 2244
2244 1240 1681
1240 1681 2244
1614 317 1410
317 1410 1614
1410 317 1614
2598 1089 1213
1089 1213 2598
1213 1089 2598
936 631 2893
2893 631 936
631 936 2893
482 130 2149
2149 130 482
130 482 2149
860 1547 2856
2856 860 1547
1547 860 2856
94 1437 2131
1437 94 2131
2131 94 1437
1965 444 2200
444 1965 2200
2200 444 1965
2791 1552 2293
2293 1552 2791
1552 2293 2791
1103 1201 2689
1201 1103 2689
2689 1103 1201
2870 1219 2927
1219 2870 2927
2927 1219 2870
1962 608 1611
1611 608 1962
608 1611 1962
2524 408 1554
408 1554 2524
1554 408 2524
1787 1420 2756
2756 1420 1787
1420 1787 2756
1784 1671 2842
2842 1671 1784
1671 1784 2842
2753 99 2321
2321 99 2753
99 2321 2753
926 1188 1343
1188 926 1343
1343 926 1188
2773 1433 1887
1887 1433 2773
1433 1887 2773
14 844 1459
844 14 1459
1459 14 844
1895 2879 2973
2973 1895 2879
2879 1895 2973
63 902 2714
902 63 2714
2714 63 902
745 158 2536
158 745 2536
2536 158 745
1002 248 2295
2295 248 1002
248 1002 2295
2698 1691 2503
1691 2503 2698
2503 1691 2698
949 662 1757
1757 662 949
662 949 1757
580 1346 2290
2290 580 1346
1346 580 2290
2234 1282 1959
1959 1282 2234
1282 1959 2234
983 478 2305
2305 478 983
478 983 2305
1473 401 1774
1774 401 1473
401 1473 1774
621 1474 1778
1474 621 1778
1778 621 1474
270 136 2434
136 270 2434
2434 136 270
180 1928 2942
2942 180 1928
1928 180 2942
1451 1371 1832
1371 1451 1832
1832 1371 1451
2694 501 1992
1992 501 2694
501 1992 2694
2653 321 487
321 487 2653
487 321 2653
1479 1313 2949
1313 1479 2949
2949 1313 1479
1364 1096 1098
1096 1098 1364
1098 1096 1364
843 237 2426
2426 237 843
237 843 2426
1206 240 1013
1013 240 1206
240 1013 1206
2011 846 1471
1471 846 2011
846 1471 2011
797 1029 2960
2960 797 1029
1029 797 2960
2480 673 956
956 673 2480
673 956 2480
1380 190 212
190 212 1380
212 190 1380
2362 1871 2832
1871 2362 2832
2832 1871 2362
2444 1345 1884
1345 1884 2444
1884 1345 2444
1950 1553 2089
1553 1950 2089
2089 1553 1950
753 428 893
893 428 753
428 753 893
1597 1076 1431
1431 1076 1597
1076 1431 1597
2166 390 1332
1332 390 2166
390 1332 2166
1288 417 1957
1957 417 1288
417 1288 1957
1252 1083 2670
2670 1083 1252
1083 1252 2670
2766 767 2864
767 2766 2864
2864 767 2766
530 1512 2491
2491 530 1512
1512 530 2491
1066 889 1706
1706 889 1066
889 1066 1706
2846 1840 2247
1840 2247 2846
2247 1840 2846
185 93 1094
93 185 1094
1094 93 185
1796 736 2482
2482 736 1796
736 1796 2482
712 1769 2803
1769 712 2803
2803 712 1769
2014 1644 2098
1644 2014 2098
2098 1644 2014
895 1305 2353
1305 895 2353
2353 895 1305
2357 2326 2614
2326 2357 2614
2614 2326 2357
2437 2274 2792
2274 2437 2792
2792 2274 2437
2607 1748 2569
1748 2569 2607
2569 1748 2607
2711 1131 2568
1131 2568 2711
2568 1131 2711
549 1722 2905
2905 549 1722
1722 549 2905
351 571 877
877 351 571
571 351 877
2925 157 2107
2107 157 2925
157 2107 2925
989 139 1337
1337 139 989
139 989 1337
1831 2684 2945
2684 1831 2945
2945 1831 2684
885 1566 1859
1859 885 1566
1566 885 1859
2267 567 584
584 567 2267
567 584 2267
1448 97 1930
1930 97 1448
97 1448 1930
1031 798 2896
798 1031 2896
2896 798 1031
1764 461 1409
1409 461 1764
461 1409 1764
2213 2589 2946
2589 2213 2946
2946 2213 2589
100 819 2317
819 100 2317
2317 100 819
1488 2904 2965
2965 1488 2904
2904 1488 2965
2091 1220 1241
1220 1241 2091
1241 1220 2091
70 163 304
304 70 163
163 70 304
2928 2541 2833
2541 2833 2928
2833 2541 2928
2453 89 1233
1233 89 2453
89 1233 2453
1120 261 2715
261 1120 2715
2715 261 1120
2194 761 2366
761 2194 2366
2366 761 2194
105 742 2494
742 105 2494
2494 105 742
1262 2592 2601
2592 1262 2601
2601 1262 2592
350 2207 2308
2308 350 2207
2207 350 2308
611 311 2559
2559 311 611
311 611 2559
527 211 727
727 211 527
211 527 727
1897 1376 2894
1376 1897 2894
2894 1376 1897
1567 45 2468
45 1567 2468
2468 45 1567
1112 2073 2663
2663 1112 2073
2073 1112 2663
2835 854 1388
854 1388 2835
1388 854 2835
2291 897 1245
897 1245 2291
1245 897 2291
2316 34 2775
34 2316 2775
2775 34 2316
2475 355 2155
2155 355 2475
355 2155 2475
1755 2050 2364
2050 1755 2364
2364 1755 2050
1225 447 2343
2343 447 1225
447 1225 2343
472 1726 2219
1726 472 2219
2219 472 1726
36 849 2567
849 36 2567
2567 36 849
1983 1658 1941
1658 1941 1983
1941 1658 1983
2821 512 1311
512 1311 2821
1311 512 2821
2617 1675 2999
1675 2617 2999
2999 1675 2617
1867 282 504
282 504 1867
504 282 1867
1936 1731 2116
1731 1936 2116
2116 1731 1936
174 197 2254
197 174 2254
2254 174 197
1973 313 1628
1628 313 1973
313 1628 1973
1032 859 1373
1373 859 1032
859 1032 1373
2582 2276 2744
2744 2276 2582
2276 2582 2744
2337 465 2882
465 2337 2882
2882 465 2337
1502 298 1725
1725 298 1502
298 1502 1725
2201 325 431
325 431 2201
431 325 2201
1119 778 874
778 874 1119
874 778 1119
1054 1047 1092
1047 1054 1092
1092 1047 1054
2151 1966 2109
2109 1966 2151
1966 2109 2151
446 1198 1730
1198 446 1730
1730 446 1198
1251 1239 2616
1239 1251 2616
2616 1239 1251
1396 1186 2143
2143 1186 1396
1186 1396 2143
52 627 2418
627 52 2418
2418 52 627
2544 1861 2512
1861 2512 2544
2512 1861 2544
944 691 2123
2123 691 944
691 944 2123
2488 463 2189
463 2189 2488
2189 463 2488
1257 1496 2681
2681 1257 1496
1496 1257 2681
1649 879 1944
1944 879 1649
879 1649 1944
1090 398 1666
1666 398 1090
398 1090 1666
1629 2224 2732
2732 1629 2224
2224 1629 2732
629 506 1184
506 629 1184
1184 506 629
2777 456 2183
2183 456 2777
456 2183 2777
502 836 2373
836 502 2373
2373 502 836
1289 1155 2652
1155 1289 2652
2652 1155 1289
2100 1295 1414
1295 1414 2100
1414 1295 2100
83 1677 1837
1837 83 1677
1677 83 1837
2565 213 734
213 734 2565
734 213 2565
2500 459 2070
459 2070 2500
2070 459 2500
2210 1110 2499
1110 2210 2499
2499 1110 2210
67 165 2197
2197 67 165
165 67 2197
1772 1916 2259
1916 1772 2259
2259 1772 1916
587 2153 2287
2287 587 2153
2153 587 2287
2187 2472 2869
2472 2187 2869
2869 2187 2472
1621 1626 2770
2770 1621 1626
1626 1621 2770
695 928 1107
1107 695 928
928 695 1107
1315 469 2685
2685 469 1315
469 1315 2685
2725 1920 2673
1920 2673 2725
2673 1920 2725
1673 994 1000
1000 994 1673
994 1000 1673
2409 119 1641
119 1641 2409
1641 119 2409
315 1589 2013
2013 315 1589
1589 315 2013
1807 1504 2575
1504 1807 2575
2575 1504 1807
2320 1169 1175
1175 1169 2320
1169 1175 2320
1791 976 1578
1578 976 1791
976 1578 1791
2528 290 2029
290 2029 2528
2029 290 2528
220 613 2632
613 220 2632
2632 220 613
973 283 1509
283 973 1509
1509 283 973
102 1195 2675
2675 102 1195
1195 102 2675
1443 121 477
477 121 1443
121 477 1443
496 1192 2956
2956 496 1192
1192 496 2956
1019 2203 2466
2466 1019 2203
2203 1019 2466
827 204 420
420 204 827
204 420 827
2206 1430 2827
1430 2206 2827
2827 1430 2206
576 1799 2661
1799 576 2661
2661 576 1799
650 1191 1780
1191 650 1780
1780 650 1191
1828 1300 1408
1408 1300 1828
1300 1408 1828
1759 96 1631
1631 96 1759
96 1631 1759
2746 714 2813
2813 714 2746
714 2746 2813
2365 1145 1422
1145 1422 2365
1422 1145 2365
277 2112 2467
2112 277 2467
2467 277 2112
2918 1237 2400
1237 2400 2918
2400 1237 2918
177 1777 2449
1777 177 2449
2449 177 1777
2215 1848 1938
1938 1848 2215
1848 1938 2215
66 244 2378
244 66 2378
2378 66 244
581 957 2808
957 581 2808
2808 581 957
820 195 2501
2501 195 820
195 820 2501
2666 821 2340
821 2340 2666
2340 821 2666
2722 498 1870
498 1870 2722
1870 498 2722
2771 1531 2993
1531 2771 2993
2993 1531 2771
1456 671 1716
1716 671 1456
671 1456 1716
2785 15 2797
15 2785 2797
2797 15 2785
1050 2381 2396
2396 1050 2381
2381 1050 2396
2414 419 810
419 810 2414
810 419 2414
788 2562 2826
2562 788 2826
2826 788 2562
1301 338 579
338 579 1301
579 338 1301
793 852 1309
1309 793 852
852 793 1309
1985 958 2095
958 1985 2095
2095 958 1985
2935 387 1158
1158 387 2935
387 1158 2935
1217 1037 2229
1037 1217 2229
2229 1037 1217
1961 1582 1956
1582 1956 1961
1956 1582 1961
966 85 932
85 932 966
932 85 966
622 532 1979
1979 532 622
532 622 1979
2743 249 2583
2583 249 2743
249 2583 2743
2036 1230 2334
2334 1230 2036
1230 2036 2334
2527 1255 1588
1588 1255 2527
1255 1588 2527
1123 1480 1643
1643 1123 1480
1480 1123 1643
1651 128 2085
128 1651 2085
2085 128 1651
1664 28 141
141 28 1664
28 141 1664
72 528 1971
528 72 1971
1971 72 528
2981 769 2260
769 2260 2981
2260 769 2981
274 1391 1436
1391 274 1436
1436 274 1391
2336 2051 2788
2788 2051 2336
2051 2336 2788
593 349 1389
349 593 1389
1389 349 593
1752 1765 2987
1765 1752 2987
2987 1752 1765
1776 201 855
201 855 1776
855 201 1776
586 1140 2413
1140 586 2413
2413 586 1140
57 2457 2794
2457 57 2794
2794 57 2457
1717 511 891
511 891 1717
891 511 1717
570 155 2903
155 570 2903
2903 155 570
2817 536 1052
1052 536 2817
536 1052 2817
1173 1330 2442
1330 1173 2442
2442 1173 1330
1750 547 1573
1573 547 1750
547 1573 1750
2880 1711 2359
2359 1711 2880
1711 2359 2880
418 1862 2851
2851 418 1862
1862 418 2851
550 1527 2656
1527 550 2656
2656 550 1527
2006 1841 2795
1841 2006 2795
2795 1841 2006
1324 323 1954
323 1324 1954
1954 323 1324
837 149 2421
2421 149 837
149 837 2421
2600 1185 2185
1185 2185 2600
2185 1185 2600
352 953 1393
1393 352 953
953 352 1393
2054 184 1721
184 1721 2054
1721 184 2054
1296 429 741
741 429 1296
429 741 1296
1008 142 560
142 560 1008
560 142 1008
2045 215 2284
215 2045 2284
2284 215 2045
451 2125 2264
2264 451 2125
2125 451 2264
489 358 1498
1498 358 489
358 489 1498
1143 262 1357
262 1143 1357
1357 262 1143
2855 1561 1612
1561 1612 2855
1612 1561 2855
348 614 1325
1325 348 614
614 348 1325
787 223 677
223 677 787
677 223 787
839 200 1976
1976 200 839
200 839 1976
2619 833 2610
2610 833 2619
833 2610 2619
2570 32 37
32 37 2570
37 32 2570
2710 2306 2627
2627 2306 2710
2306 2627 2710
81 1024 2514
1024 81 2514
2514 81 1024
2720 1571 2498
2498 1571 2720
1571 2498 2720
2307 227 694
694 227 2307
227 694 2307
2332 453 2218
2218 453 2332
453 2218 2332
333 909 1565
909 333 1565
1565 333 909
772 818 1676
818 772 1676
1676 772 818
1193 148 1267
148 1193 1267
1267 148 1193
98 1814 2022
2022 98 1814
1814 98 2022
22 726 1366
726 22 1366
1366 22 726
1650 2404 2687
2404 1650 2687
2687 1650 2404
513 1350 2161
1350 513 2161
2161 513 1350
934 870 1713
870 934 1713
1713 870 934
1801 1481 1786
1786 1481 1801
1481 1786 1801
339 1637 1775
1775 339 1637
1637 339 1775
402 254 1221
1221 254 402
254 402 1221
987 2765 2911
2911 987 2765
2765 987 2911
942 1543 2934
2934 942 1543
1543 942 2934
680 1183 1599
1183 680 1599
1599 680 1183
642 1250 1256
1250 642 1256
1256 642 1250
1773 347 1537
1537 347 1773
347 1537 1773
1860 652 1091
652 1091 1860
1091 652 1860
171 43 1038
1038 43 171
43 171 1038
1127 457 2165
457 1127 2165
2165 457 1127
758 16 2355
2355 16 758
16 758 2355
1788 970 2929
970 1788 2929
2929 970 1788
971 1703 2204
2204 971 1703
1703 971 2204
2884 589 637
637 589 2884
589 637 2884
2076 1660 2133
2133 1660 2076
1660 2076 2133
825 115 1494
115 825 1494
1494 115 825
713 1016 2477
2477 713 1016
1016 713 2477
2702 1156 2723
1156 2702 2723
2723 1156 2702
2972 2072 2947
2072 2947 2972
2947 2072 2972
2012 521 1025
521 1025 2012
1025 521 2012
1018 2518 2556
2556 1018 2518
2518 1018 2556
2246 122 214
214 122 2246
122 214 2246
1559 660 2612
2612 660 1559
660 1559 2612
380 733 2921
2921 380 733
733 380 2921
2406 600 882
882 600 2406
600 882 2406
1735 25 2889
2889 25 1735
25 1735 2889
191 1572 2917
2917 191 1572
1572 191 2917
541 831 2424
2424 541 831
831 541 2424
2759 334 1134
1134 334 2759
334 1134 2759
1055 2471 2751
2471 1055 2751
2751 1055 2471
2983 533 1855
1855 533 2983
533 1855 2983
784 1754 2075
1754 784 2075
2075 784 1754
1904 1023 1917
1023 1904 1917
1917 1023 1904
1698 773 2668
2668 773 1698
773 1698 2668
2877 359 2245
359 2245 2877
2245 359 2877
1058 830 929
929 830 1058
830 929 1058
371 1026 2891
1026 371 2891
2891 371 1026
1154 2509 2992
2992 1154 2509
2509 1154 2992
1084 161 1690
1690 161 1084
161 1084 1690
2017 2066 2731
2731 2017 2066
2066 2017 2731
816 1411 2515
1411 816 2515
2515 816 1411
1766 280 2440
2440 280 1766
280 1766 2440
2529 920 2789
2789 920 2529
920 2529 2789
1341 1836 2961
1836 1341 2961
2961 1341 1836
2184 991 1951
1951 991 2184
991 1951 2184
2560 796 2497
2497 796 2560
796 2497 2560
217 2647 2790
2790 217 2647
2647 217 2790
433 1733 2640
2640 433 1733
1733 433 2640
2637 636 2654
2654 636 2637
636 2637 2654
624 1984 2712
2712 624 1984
1984 624 2712
2270 442 1387
442 1387 2270
1387 442 2270
1303 766 1093
1093 766 1303
766 1093 1303
2780 699 1261
1261 699 2780
699 1261 2780
253 2422 2487
2487 253 2422
2422 253 2487
2101 1202 1541
1541 1202 2101
1202 1541 2101
84 154 1487
154 84 1487
1487 84 154
2252 1647 2539
2539 1647 2252
1647 2252 2539
307 2148 2228
2228 307 2148
2148 307 2228
1001 219 1980
1980 219 1001
219 1001 1980
746 2177 2402
2402 746 2177
2177 746 2402
1745 1253 2733
2733 1253 1745
1253 1745 2733
2938 76 246
246 76 2938
76 246 2938
823 829 1279
1279 823 829
829 823 1279
1148 757 880
880 757 1148
757 880 1148
375 2118 2707
2118 375 2707
