300 78 268
268 78 300
78 268 300
150 196 286
196 150 286
286 150 196
185 105 282
105 185 282
282 105 185
40 119 278
119 40 278
278 40 119
284 264 295
264 284 295
295 264 284
1 64 93
64 1 93
93 1 64
297 167 170
167 170 297
170 167 297
290 65 197
197 65 290
65 197 290
174 81 192
81 174 192
192 81 174
68 141 171
171 68 141
141 68 171
215 112 134
134 112 215
112 134 215
26 32 182
182 26 32
32 26 182
258 48 156
48 156 258
156 48 258
270 27 291
291 27 270
27 270 291
143 187 201
201 143 187
187 143 201
86 61 204
61 86 204
204 61 86
149 140 276
140 149 276
276 140 149
118 261 288
288 118 261
261 118 288
83 189 262
262 83 189
189 83 262
123 180 183
180 123 183
183 123 180
17 161 257
257 17 161
161 17 257
181 132 285
132 181 285
285 132 181
28 97 231
97 28 231
231 28 97
9 13 274
274 9 13
13 9 274
135 148 164
164 135 148
148 135 164
133 99 213
213 99 133
99 133 213
144 190 259
190 144 259
259 144 190
104 173 216
216 104 173
173 104 216
153 35 39
39 35 153
35 39 153
160 37 199
37 160 199
199 37 160
177 21 279
21 177 279
279 21 177
7 33 234
33 7 234
234 7 33
195 34 289
289 34 195
34 195 289
281 151 269
269 151 281
151 269 281
244 94 212
212 94 244
94 212 244
224 87 271
271 87 224
87 224 271
128 43 114
43 114 128
114 43 128
85 155 193
193 85 155
155 85 193
18 58 225
225 18 58
58 18 225
49 11 211
11 49 211
211 11 49
294 55 125
125 55 294
55 125 294
223 101 136
101 136 223
136 101 223
293 16 283
16 283 293
283 16 293
233 237 239
237 233 239
239 233 237
292 102 280
280 102 292
102 280 292
217 210 236
210 217 236
236 210 217
31 77 124
77 31 124
124 31 77
70 109 165
165 70 109
109 70 165
72 22 176
22 72 176
176 22 72
152 23 130
130 23 152
23 130 152
266 221 296
221 266 296
296 221 266
117 194 220
220 117 194
194 117 220
62 147 249
249 62 147
147 62 249
126 63 163
63 126 163
163 63 126
209 98 139
139 98 209
98 139 209
184 106 115
115 106 184
106 115 184
226 253 272
272 226 253
253 226 272
19 29 74
74 19 29
29 19 74
138 8 53
53 8 138
8 53 138
255 127 238
127 238 255
238 127 255
208 82 103
103 82 208
82 103 208
191 30 92
92 30 191
30 92 191
42 111 142
142 42 111
111 42 142
45 186 267
186 45 267
267 45 186
79 254 298
298 79 254
254 79 298
44 57 299
57 44 299
299 44 57
166 178 241
241 166 178
178 166 241
24 50 227
50 24 227
227 24 50
41 36 203
203 36 41
36 41 203
265 60 240
240 60 265
60 240 265
88 146 169
169 88 146
146 88 169
159 5 10
10 5 159
5 10 159
76 15 110
15 76 110
110 15 76
263 91 154
91 154 263
154 91 263
162 54 235
54 162 235
235 54 162
245 95 251
95 245 251
251 95 245
113 56 277
56 113 277
277 56 113
243 69 121
121 69 243
69 121 243
96 6 12
12 6 96
6 12 96
89 46 47
47 46 89
46 47 89
218 75 122
122 75 218
75 122 218
120 229 230
229 120 230
230 120 229
252 14 228
14 228 252
228 14 252
172 107 188
188 107 172
107 172 188
66 108 202
108 66 202
202 66 108
51 20 100
20 51 100
100 20 51
2 219 246
219 2 246
246 2 219
67 80 247
80 67 247
247 67 80
137 4 205
4 137 205
205 4 137
71 214 222
214 71 222
222 71 214
200 3 248
3 200 248
248 3 200
179 52 145
52 145 179
145 52 179
38 90 198
198 38 90
90 38 198
256 131 275
131 256 275
275 131 256
287 59 207
207 59 287
59 207 287
232 158 242
158 232 242
242 158 232
260 116 175
175 116 260
116 175 260
25 84 168
168 25 84
84 25 168
73 157 273
157 73 273
273 73 157
129 206 250
250 129 206
206 129 250
