22929 17964 25127
25127 17964 22929
17964 22929 25127
24687 14479 25866
14479 24687 25866
25866 14479 24687
11891 15549 20972
20972 11891 15549
15549 11891 20972
12204 8573 18353
18353 8573 12204
8573 12204 18353
14459 7550 19510
7550 14459 19510
19510 7550 14459
14020 10274 15736
10274 14020 15736
15736 10274 14020
27444 16833 19422
16833 19422 27444
19422 16833 27444
27520 15999 26444
26444 15999 27520
15999 26444 27520
6698 19270 27534
19270 6698 27534
27534 6698 19270
26759 970 21186
970 21186 26759
21186 970 26759
13487 14945 22464
14945 13487 22464
22464 13487 14945
25664 1558 19690
1558 19690 25664
19690 1558 25664
27892 18998 20199
20199 18998 27892
18998 20199 27892
15567 2278 7291
7291 2278 15567
2278 7291 15567
6560 6240 19557
6240 6560 19557
19557 6240 6560
19024 5646 19677
19677 5646 19024
5646 19024 19677
13692 6795 27136
27136 6795 13692
6795 13692 27136
28587 22014 23369
22014 23369 28587
23369 22014 28587
8464 16332 22734
22734 8464 16332
16332 8464 22734
17836 5890 18507
5890 17836 18507
18507 5890 17836
23521 124 28731
124 23521 28731
28731 124 23521
6059 15428 21988
15428 6059 21988
21988 6059 15428
49 2608 29670
29670 49 2608
2608 49 29670
26487 18295 29305
29305 18295 26487
18295 26487 29305
16790 12359 14877
14877 12359 16790
12359 14877 16790
8974 1729 29235
1729 8974 29235
29235 1729 8974
6659 13546 28620
28620 6659 13546
13546 6659 28620
17754 705 18214
18214 705 17754
705 17754 18214
23505 12038 28565
12038 23505 28565
28565 12038 23505
19561 1309 28013
1309 19561 28013
28013 1309 19561
14415 15419 24595
15419 14415 24595
24595 14415 15419
1137 15405 28969
28969 1137 15405
15405 1137 28969
7355 3230 13930
13930 3230 7355
3230 7355 13930
18856 9103 25756
25756 9103 18856
9103 18856 25756
801 9145 15843
9145 801 15843
15843 801 9145
23127 20375 24395
24395 20375 23127
20375 23127 24395
4789 1944 3250
1944 3250 4789
3250 1944 4789
10230 8022 11490
8022 10230 11490
11490 8022 10230
17238 9192 23429
23429 9192 17238
9192 17238 23429
1624 5516 10982
10982 1624 5516
5516 1624 10982
2752 25397 27066
27066 2752 25397
25397 2752 27066
23250 10261 21226
21226 10261 23250
10261 21226 23250
23824 18874 20700
20700 18874 23824
18874 20700 23824
22359 4710 19391
4710 19391 22359
19391 4710 22359
1276 9993 23955
23955 1276 9993
9993 1276 23955
28371 767 6360
767 6360 28371
6360 767 28371
2891 15942 28495
28495 2891 15942
15942 2891 28495
5547 17587 23227
23227 5547 17587
17587 5547 23227
15040 10128 19840
19840 10128 15040
10128 15040 19840
4358 405 21266
21266 405 4358
405 4358 21266
1428 2616 22582
2616 1428 22582
22582 1428 2616
26690 15685 25302
25302 15685 26690
15685 25302 26690
381 12554 15845
12554 381 15845
15845 381 12554
23275 16450 22230
16450 22230 23275
22230 16450 23275
21345 11647 16454
16454 11647 21345
11647 16454 21345
10989 1326 10413
1326 10413 10989
10413 1326 10989
14294 15073 26224
26224 14294 15073
15073 14294 26224
917 2978 25222
2978 917 25222
25222 917 2978
19394 6549 24531
24531 6549 19394
6549 19394 24531
8387 1313 20603
1313 8387 20603
20603 1313 8387
4403 13607 29946
13607 4403 29946
29946 4403 13607
24196 8888 21003
21003 8888 24196
8888 21003 24196
3812 3867 5671
3867 3812 5671
5671 3812 3867
455 12218 21798
12218 455 21798
21798 455 12218
1712 17908 27713
17908 1712 27713
27713 1712 17908
7393 27992 28937
28937 7393 27992
27992 7393 28937
23727 6946 20891
6946 20891 23727
20891 6946 23727
8842 12935 18238
18238 8842 12935
12935 8842 18238
29450 1467 23778
1467 23778 29450
23778 1467 29450
14412 2797 22920
22920 2797 14412
2797 14412 22920
22475 4923 23484
4923 22475 23484
23484 4923 22475
28283 8256 11181
11181 8256 28283
8256 11181 28283
17451 4886 22258
4886 17451 22258
22258 4886 17451
9705 18511 22579
18511 9705 22579
22579 9705 18511
19321 7408 12407
7408 12407 19321
12407 7408 19321
9893 15408 23105
15408 9893 23105
23105 9893 15408
16136 11191 28746
28746 11191 16136
11191 16136 28746
12621 24121 26387
26387 12621 24121
24121 12621 26387
14313 131 4077
4077 131 14313
131 4077 14313
10573 19546 28095
28095 10573 19546
19546 10573 28095
13491 2491 27780
2491 13491 27780
27780 2491 13491
26004 14157 24652
14157 24652 26004
24652 14157 26004
3157 2955 17254
2955 3157 17254
17254 2955 3157
9253 11525 21356
21356 9253 11525
11525 9253 21356
38 2626 21792
21792 38 2626
2626 38 21792
14013 2122 9255
2122 9255 14013
9255 2122 14013
18058 7331 22199
7331 18058 22199
22199 7331 18058
23817 2267 22105
2267 22105 23817
22105 2267 23817
1339 7974 16918
16918 1339 7974
7974 1339 16918
27039 9567 24785
9567 24785 27039
24785 9567 27039
14042 25500 28929
28929 14042 25500
25500 14042 28929
22181 5927 22217
5927 22181 22217
22217 5927 22181
15088 7562 12889
12889 7562 15088
7562 12889 15088
17124 12710 29945
12710 17124 29945
29945 12710 17124
962 6512 22933
6512 962 22933
22933 962 6512
15568 7533 20985
20985 7533 15568
7533 15568 20985
20312 5469 28244
5469 20312 28244
28244 5469 20312
8304 352 20293
20293 352 8304
352 8304 20293
22662 859 2749
2749 859 22662
859 2749 22662
9505 4138 7261
7261 4138 9505
4138 7261 9505
5241 27400 29888
29888 5241 27400
27400 5241 29888
23601 21318 25355
25355 21318 23601
21318 23601 25355
23516 10304 24673
10304 23516 24673
24673 10304 23516
13903 3654 28404
28404 3654 13903
3654 13903 28404
2193 14059 19317
19317 2193 14059
14059 2193 19317
7686 6545 17828
17828 6545 7686
6545 7686 17828
12500 237 1113
237 1113 12500
1113 237 12500
29855 2102 17287
17287 2102 29855
2102 17287 29855
15423 9792 22859
9792 15423 22859
22859 9792 15423
4774 16109 19720
16109 4774 19720
19720 4774 16109
6537 15959 21883
15959 6537 21883
21883 6537 15959
9088 7736 22334
7736 9088 22334
22334 7736 9088
24331 7508 11159
7508 11159 24331
11159 7508 24331
1586 1262 12414
12414 1262 1586
1262 1586 12414
1818 7319 16612
16612 1818 7319
7319 1818 16612
25439 13644 26040
13644 25439 26040
26040 13644 25439
26363 6154 6206
6206 6154 26363
6154 6206 26363
8356 5039 14472
14472 5039 8356
5039 8356 14472
11553 6071 21469
6071 11553 21469
21469 6071 11553
5806 20356 27455
20356 5806 27455
27455 5806 20356
22002 5588 26975
26975 5588 22002
5588 22002 26975
16927 7111 13856
7111 13856 16927
13856 7111 16927
24058 23628 26579
26579 23628 24058
23628 24058 26579
7851 1861 22133
22133 1861 7851
1861 7851 22133
18147 7509 12610
12610 7509 18147
7509 12610 18147
12075 5691 9515
9515 5691 12075
5691 9515 12075
6047 5126 9201
5126 6047 9201
9201 5126 6047
24720 1534 23995
1534 23995 24720
23995 1534 24720
5443 27156 27209
27209 5443 27156
27156 5443 27209
28119 15154 28447
15154 28119 28447
28447 15154 28119
17896 61 1216
61 1216 17896
1216 61 17896
16738 21793 27116
27116 16738 21793
21793 16738 27116
8944 116 23571
23571 116 8944
116 8944 23571
3394 1178 19096
19096 1178 3394
1178 3394 19096
4544 10073 18796
10073 4544 18796
18796 4544 10073
28970 14786 14901
14901 14786 28970
14786 14901 28970
29228 13826 29515
29515 13826 29228
13826 29228 29515
19972 7062 17751
7062 17751 19972
17751 7062 19972
26910 3066 7715
3066 7715 26910
7715 3066 26910
29113 468 19474
468 19474 29113
19474 468 29113
9651 8955 28506
8955 9651 28506
28506 8955 9651
350 521 1527
1527 350 521
521 350 1527
29569 3050 15775
3050 15775 29569
15775 3050 29569
20709 10990 23368
23368 10990 20709
10990 20709 23368
11089 8490 24345
24345 8490 11089
8490 11089 24345
14872 16966 23699
16966 14872 23699
23699 14872 16966
10327 1169 22731
22731 1169 10327
1169 10327 22731
24396 341 10074
10074 341 24396
341 10074 24396
1020 9031 25036
25036 1020 9031
9031 1020 25036
24558 3933 8894
8894 3933 24558
3933 8894 24558
19998 5503 6188
5503 6188 19998
6188 5503 19998
19118 5050 27554
27554 5050 19118
5050 19118 27554
1013 24527 27248
24527 1013 27248
27248 1013 24527
23554 2649 8278
2649 8278 23554
8278 2649 23554
6900 18418 21203
21203 6900 18418
18418 6900 21203
24631 4717 25410
4717 24631 25410
25410 4717 24631
549 13529 16477
16477 549 13529
13529 549 16477
1365 10635 28348
28348 1365 10635
10635 1365 28348
2896 20338 23234
23234 2896 20338
20338 2896 23234
18257 8996 26320
8996 18257 26320
26320 8996 18257
7482 7489 16172
16172 7482 7489
7489 7482 16172
27935 5571 29447
5571 27935 29447
29447 5571 27935
10313 10392 28216
10392 10313 28216
28216 10313 10392
24269 15300 25350
25350 15300 24269
15300 24269 25350
29128 3619 23841
23841 3619 29128
3619 23841 29128
23602 13340 25790
25790 13340 23602
13340 23602 25790
11571 13618 19178
19178 11571 13618
13618 11571 19178
26472 14381 23027
14381 23027 26472
23027 14381 26472
29029 8363 13879
13879 8363 29029
8363 13879 29029
10787 959 3966
959 3966 10787
3966 959 10787
5909 8318 10159
8318 5909 10159
10159 5909 8318
8430 16279 18985
16279 8430 18985
18985 8430 16279
11505 11767 24654
11767 11505 24654
24654 11505 11767
24885 5084 17048
17048 5084 24885
5084 17048 24885
600 7861 17799
7861 600 17799
17799 600 7861
12425 2486 10080
2486 10080 12425
10080 2486 12425
12318 1764 6412
6412 1764 12318
1764 6412 12318
20717 9704 10888
9704 10888 20717
10888 9704 20717
2433 14258 22823
22823 2433 14258
14258 2433 22823
17233 14885 26176
14885 17233 26176
26176 14885 17233
4539 8261 25721
8261 4539 25721
25721 4539 8261
4012 17592 20148
17592 4012 20148
20148 4012 17592
3002 3025 27858
3025 3002 27858
27858 3002 3025
10629 21833 28974
28974 10629 21833
21833 10629 28974
9375 26090 29201
26090 9375 29201
29201 9375 26090
3089 9900 19626
19626 3089 9900
9900 3089 19626
9211 4326 7877
7877 4326 9211
4326 7877 9211
21535 14211 24746
24746 14211 21535
14211 21535 24746
2060 9843 23374
23374 2060 9843
9843 2060 23374
15280 20503 22084
22084 15280 20503
20503 15280 22084
8862 11175 19239
19239 8862 11175
11175 8862 19239
25317 4058 8244
4058 8244 25317
8244 4058 25317
14493 8297 22897
22897 8297 14493
8297 14493 22897
28761 11816 13379
13379 11816 28761
11816 13379 28761
25497 1759 26081
1759 25497 26081
26081 1759 25497
10168 12392 18785
18785 10168 12392
12392 10168 18785
3996 6169 27622
27622 3996 6169
6169 3996 27622
11154 9053 10940
9053 10940 11154
10940 9053 11154
20790 4092 21776
21776 4092 20790
4092 20790 21776
4082 9798 12477
12477 4082 9798
9798 4082 12477
2622 9963 27725
9963 2622 27725
27725 2622 9963
23356 4670 15346
15346 4670 23356
4670 15346 23356
7525 21088 22652
21088 7525 22652
22652 7525 21088
16647 15559 22391
15559 16647 22391
22391 15559 16647
16853 763 25619
25619 763 16853
763 16853 25619
12952 22661 25121
22661 12952 25121
25121 12952 22661
10564 5768 19699
5768 10564 19699
19699 5768 10564
14334 13372 24122
13372 14334 24122
24122 13372 14334
26267 7310 16551
16551 7310 26267
7310 16551 26267
27237 3042 24420
24420 3042 27237
3042 24420 27237
23100 5006 26055
5006 23100 26055
26055 5006 23100
27149 17397 17720
17720 17397 27149
17397 17720 27149
8448 15748 23940
23940 8448 15748
15748 8448 23940
24281 18192 28838
18192 24281 28838
28838 18192 24281
16085 3527 18916
18916 3527 16085
3527 16085 18916
19800 2181 25675
25675 2181 19800
2181 19800 25675
21429 5600 16037
5600 16037 21429
16037 5600 21429
22444 4847 23997
23997 4847 22444
4847 22444 23997
25882 10179 19990
19990 10179 25882
10179 19990 25882
27471 6105 12665
12665 6105 27471
6105 12665 27471
20002 2671 24156
24156 2671 20002
2671 20002 24156
8103 18412 28346
18412 8103 28346
28346 8103 18412
26266 8334 25211
25211 8334 26266
8334 25211 26266
12772 19951 21258
19951 12772 21258
21258 12772 19951
13073 8523 16866
8523 13073 16866
16866 8523 13073
16964 13933 16124
16124 13933 16964
13933 16124 16964
27193 10541 18267
18267 10541 27193
10541 18267 27193
7772 27835 28499
28499 7772 27835
27835 7772 28499
23255 4626 14125
14125 4626 23255
4626 14125 23255
20179 2183 29093
2183 20179 29093
29093 2183 20179
4694 664 9238
9238 664 4694
664 4694 9238
17513 1892 25368
1892 17513 25368
25368 1892 17513
28281 7313 19430
7313 19430 28281
19430 7313 28281
25030 12172 27481
27481 12172 25030
12172 25030 27481
27371 1303 16248
16248 1303 27371
1303 16248 27371
27346 20323 25051
20323 25051 27346
25051 20323 27346
11125 9007 27881
9007 11125 27881
27881 9007 11125
19697 9069 17470
17470 9069 19697
9069 17470 19697
22385 2460 15365
2460 15365 22385
15365 2460 22385
28318 6791 9102
6791 9102 28318
9102 6791 28318
7887 8049 12049
8049 7887 12049
12049 7887 8049
25261 17383 29412
17383 25261 29412
29412 17383 25261
3094 12800 28588
12800 3094 28588
28588 3094 12800
6862 15880 26972
26972 6862 15880
15880 6862 26972
13910 13244 21443
13244 13910 21443
21443 13244 13910
5330 1980 4628
4628 1980 5330
1980 4628 5330
23026 20348 21789
20348 21789 23026
21789 20348 23026
8106 5656 21332
5656 8106 21332
21332 5656 8106
14016 11320 28825
28825 11320 14016
11320 14016 28825
29315 8321 27530
8321 27530 29315
27530 8321 29315
2079 5880 13461
5880 2079 13461
13461 2079 5880
10294 5208 14754
5208 10294 14754
14754 5208 10294
15728 2606 6726
6726 2606 15728
2606 6726 15728
24047 13304 23002
13304 23002 24047
23002 13304 24047
10522 8206 29409
29409 8206 10522
8206 10522 29409
20443 11657 21819
21819 11657 20443
11657 20443 21819
5529 22183 28395
28395 5529 22183
22183 5529 28395
19530 6850 17670
17670 6850 19530
6850 17670 19530
15087 7810 9180
9180 7810 15087
7810 9180 15087
8967 10158 21544
21544 8967 10158
10158 8967 21544
11857 8887 11162
11162 8887 11857
8887 11162 11857
3063 18254 20129
20129 3063 18254
18254 3063 20129
15879 23822 25899
23822 15879 25899
25899 15879 23822
11863 10998 29139
29139 10998 11863
10998 11863 29139
10897 10745 24781
24781 10745 10897
10745 10897 24781
16659 15574 29442
29442 15574 16659
15574 16659 29442
14441 461 9433
461 9433 14441
9433 461 14441
232 14476 18636
18636 232 14476
14476 232 18636
14375 3091 19234
3091 14375 19234
19234 3091 14375
13642 9121 27094
27094 9121 13642
9121 13642 27094
6695 3057 18690
3057 6695 18690
18690 3057 6695
13769 15924 28178
28178 13769 15924
15924 13769 28178
1627 5704 26191
5704 1627 26191
26191 1627 5704
12905 20172 22740
22740 12905 20172
20172 12905 22740
8664 22286 26924
22286 8664 26924
26924 8664 22286
1024 15234 25236
15234 1024 25236
25236 1024 15234
2301 12873 26209
12873 2301 26209
26209 2301 12873
19847 15270 27718
15270 19847 27718
27718 15270 19847
24110 7891 21982
7891 21982 24110
21982 7891 24110
17856 6853 11602
6853 11602 17856
11602 6853 17856
26992 1563 14411
14411 1563 26992
1563 14411 26992
9004 8925 12728
12728 8925 9004
8925 9004 12728
11609 8725 28644
8725 11609 28644
28644 8725 11609
15884 8311 21172
21172 8311 15884
8311 15884 21172
19476 13772 28978
28978 13772 19476
13772 19476 28978
7353 9824 22337
22337 7353 9824
9824 7353 22337
26821 8126 25668
8126 25668 26821
25668 8126 26821
21492 8357 25963
8357 21492 25963
25963 8357 21492
27549 1238 10098
10098 1238 27549
1238 10098 27549
7173 10674 12897
10674 7173 12897
12897 7173 10674
12729 8913 17114
8913 12729 17114
17114 8913 12729
19009 15053 26833
26833 15053 19009
15053 19009 26833
895 25909 28808
28808 895 25909
25909 895 28808
28310 6733 27859
6733 27859 28310
27859 6733 28310
2813 4767 5382
5382 2813 4767
4767 2813 5382
3516 18180 27505
18180 3516 27505
27505 3516 18180
12818 9082 19923
9082 12818 19923
19923 9082 12818
12015 5343 14186
14186 5343 12015
5343 12015 14186
29481 576 9764
9764 576 29481
576 9764 29481
23807 16036 16937
16036 16937 23807
16937 16036 23807
18870 7803 27440
7803 18870 27440
27440 7803 18870
15304 9581 14698
9581 14698 15304
14698 9581 15304
7101 1340 15089
15089 1340 7101
1340 7101 15089
10439 8586 16286
16286 8586 10439
8586 10439 16286
12817 18210 27512
27512 12817 18210
18210 12817 27512
19970 10654 29077
29077 10654 19970
10654 19970 29077
17188 7988 14145
14145 7988 17188
7988 14145 17188
27650 15860 17493
15860 17493 27650
17493 15860 27650
6939 25366 27503
25366 6939 27503
27503 6939 25366
14737 9228 9434
9434 9228 14737
9228 9434 14737
29700 13089 22692
13089 22692 29700
22692 13089 29700
5905 8476 8838
8838 5905 8476
8476 5905 8838
20726 6683 23576
6683 20726 23576
23576 6683 20726
18268 15509 29009
29009 15509 18268
15509 18268 29009
16028 15846 19756
15846 16028 19756
19756 15846 16028
21047 580 7788
7788 580 21047
580 7788 21047
14299 7228 11296
7228 11296 14299
11296 7228 14299
23943 2384 10545
2384 10545 23943
10545 2384 23943
14575 14027 27984
27984 14027 14575
14027 14575 27984
18441 12956 24808
24808 12956 18441
12956 18441 24808
20842 9776 25697
9776 20842 25697
25697 9776 20842
16159 14165 23307
14165 16159 23307
23307 14165 16159
2007 19686 28556
28556 2007 19686
19686 2007 28556
18233 428 20321
428 18233 20321
20321 428 18233
28887 18205 23549
18205 23549 28887
23549 18205 28887
12736 2704 7708
7708 2704 12736
2704 7708 12736
1203 3564 25754
25754 1203 3564
3564 1203 25754
6527 10723 21110
21110 6527 10723
10723 6527 21110
12680 20792 26717
20792 12680 26717
26717 12680 20792
12945 8376 8585
8376 8585 12945
8585 8376 12945
28742 1540 27933
27933 1540 28742
1540 27933 28742
16402 5693 5863
5693 5863 16402
5863 5693 16402
791 2759 27236
2759 791 27236
27236 791 2759
6794 14869 21814
21814 6794 14869
14869 6794 21814
21959 27938 28810
27938 21959 28810
28810 21959 27938
22725 10 13477
10 13477 22725
13477 10 22725
25451 12999 25239
25239 12999 25451
12999 25239 25451
11646 8129 8983
8129 8983 11646
8983 8129 11646
1329 5062 19593
19593 1329 5062
5062 1329 19593
27230 4007 20114
20114 4007 27230
4007 20114 27230
3065 13621 15696
13621 3065 15696
15696 3065 13621
517 10692 15965
10692 517 15965
15965 517 10692
26336 6734 7145
6734 7145 26336
7145 6734 26336
7396 5811 21751
21751 5811 7396
5811 7396 21751
8097 994 21777
994 8097 21777
21777 994 8097
10957 22323 24040
22323 10957 24040
24040 10957 22323
16823 16685 21511
21511 16685 16823
16685 16823 21511
18403 1425 26951
1425 18403 26951
26951 1425 18403
10202 10218 13434
13434 10202 10218
10218 10202 13434
20999 2369 26733
26733 2369 20999
2369 20999 26733
17449 5888 18706
5888 17449 18706
18706 5888 17449
18557 14272 26498
26498 14272 18557
14272 18557 26498
17059 1809 27069
1809 17059 27069
27069 1809 17059
27746 20362 25597
20362 25597 27746
25597 20362 27746
8064 1154 20404
1154 8064 20404
20404 1154 8064
18704 10735 13526
13526 10735 18704
10735 13526 18704
7985 10193 25956
25956 7985 10193
10193 7985 25956
18640 9873 26544
26544 9873 18640
9873 18640 26544
12469 3866 18549
18549 3866 12469
3866 12469 18549
3925 1681 22844
22844 1681 3925
1681 3925 22844
10986 10234 23353
23353 10234 10986
10234 10986 23353
4737 20379 23034
23034 4737 20379
20379 4737 23034
28574 6450 20116
6450 20116 28574
20116 6450 28574
20493 175 11597
11597 175 20493
175 11597 20493
4318 6267 12738
6267 4318 12738
12738 4318 6267
8471 988 9791
988 8471 9791
9791 988 8471
388 3180 12849
12849 388 3180
3180 388 12849
24367 8770 18951
18951 8770 24367
8770 18951 24367
29804 13229 27891
27891 13229 29804
13229 27891 29804
5743 3898 25316
25316 3898 5743
3898 5743 25316
5404 20482 29913
20482 5404 29913
29913 5404 20482
29724 3349 10542
3349 10542 29724
10542 3349 29724
15012 5353 5574
5353 5574 15012
5574 5353 15012
2525 3444 8905
3444 2525 8905
8905 2525 3444
3884 5104 21194
5104 3884 21194
21194 3884 5104
1492 7825 16351
16351 1492 7825
7825 1492 16351
1859 593 16071
593 1859 16071
16071 593 1859
27279 8587 13609
8587 13609 27279
13609 8587 27279
6353 3964 6279
6279 3964 6353
3964 6279 6353
3497 11241 17745
11241 3497 17745
17745 3497 11241
6484 10172 12972
12972 6484 10172
10172 6484 12972
21732 26681 29598
26681 21732 29598
29598 21732 26681
4378 20873 27518
27518 4378 20873
20873 4378 27518
229 16686 25453
25453 229 16686
16686 229 25453
12206 18556 27380
18556 12206 27380
27380 12206 18556
20018 16785 21109
21109 16785 20018
16785 20018 21109
25760 9352 13880
13880 9352 25760
9352 13880 25760
21571 3376 27422
3376 21571 27422
27422 3376 21571
16272 20057 24181
20057 16272 24181
24181 16272 20057
19443 3372 10973
3372 10973 19443
10973 3372 19443
16195 12870 24008
24008 12870 16195
12870 16195 24008
17805 11438 17879
17879 11438 17805
11438 17805 17879
25528 9415 14841
14841 9415 25528
9415 14841 25528
19616 7446 14616
14616 7446 19616
7446 14616 19616
7764 4915 23663
23663 4915 7764
4915 7764 23663
11908 1210 2368
2368 1210 11908
1210 2368 11908
6248 6246 18635
18635 6246 6248
6246 6248 18635
15391 27124 28738
28738 15391 27124
27124 15391 28738
20205 15490 23827
15490 20205 23827
23827 15490 20205
12856 13510 17591
13510 12856 17591
17591 12856 13510
12704 23228 25711
25711 12704 23228
23228 12704 25711
13824 6096 26837
26837 6096 13824
6096 13824 26837
27093 16570 29990
16570 27093 29990
29990 16570 27093
21687 10064 21062
10064 21062 21687
21062 10064 21687
25805 25915 26815
26815 25805 25915
25915 25805 26815
26621 10278 12867
10278 12867 26621
12867 10278 26621
14455 7499 15367
15367 7499 14455
7499 14455 15367
2213 5726 19416
19416 2213 5726
5726 2213 19416
10818 12645 20463
20463 10818 12645
12645 10818 20463
13201 4286 17953
17953 4286 13201
4286 13201 17953
8856 7652 18475
7652 8856 18475
18475 7652 8856
23540 2072 11246
11246 2072 23540
2072 11246 23540
25778 848 26256
848 25778 26256
26256 848 25778
28405 14198 27806
27806 14198 28405
14198 27806 28405
28434 11653 27314
11653 27314 28434
27314 11653 28434
20194 249 26695
249 20194 26695
26695 249 20194
10730 14214 19276
19276 10730 14214
14214 10730 19276
28230 22853 24015
24015 22853 28230
22853 24015 28230
22460 13235 29414
13235 22460 29414
29414 13235 22460
12804 8035 19088
19088 8035 12804
8035 12804 19088
4530 4751 8096
8096 4530 4751
4751 4530 8096
25071 361 24503
24503 361 25071
361 24503 25071
6963 3217 24691
24691 3217 6963
3217 6963 24691
3941 16203 25348
16203 3941 25348
25348 3941 16203
25246 26294 28192
26294 25246 28192
28192 25246 26294
13368 14940 15018
15018 13368 14940
14940 13368 15018
16277 19146 19667
19667 16277 19146
19146 16277 19667
15250 13236 21392
13236 15250 21392
21392 13236 15250
20658 8201 18461
18461 8201 20658
8201 18461 20658
6848 17825 27411
27411 6848 17825
17825 6848 27411
584 4377 22135
22135 584 4377
4377 584 22135
27272 10045 13118
13118 10045 27272
10045 13118 27272
1381 11764 19500
19500 1381 11764
11764 1381 19500
14771 18930 27926
18930 14771 27926
27926 14771 18930
6478 511 3827
3827 511 6478
511 3827 6478
3410 3027 10741
3027 3410 10741
10741 3027 3410
5796 12845 27680
27680 5796 12845
12845 5796 27680
27677 14686 17331
14686 17331 27677
17331 14686 27677
1398 6777 25078
25078 1398 6777
6777 1398 25078
3175 10836 22490
22490 3175 10836
10836 3175 22490
22580 19052 24534
19052 22580 24534
24534 19052 22580
22153 1266 12770
1266 12770 22153
12770 1266 22153
18423 18567 22107
18567 18423 22107
22107 18423 18567
23834 17728 18359
17728 18359 23834
18359 17728 23834
23480 19602 28490
19602 23480 28490
28490 19602 23480
27771 10137 23518
10137 23518 27771
23518 10137 27771
2733 1724 23164
23164 1724 2733
1724 2733 23164
22683 2590 6815
2590 6815 22683
6815 2590 22683
6247 5858 9502
5858 6247 9502
9502 5858 6247
6239 4696 7385
4696 6239 7385
7385 4696 6239
22037 2030 11224
11224 2030 22037
2030 11224 22037
23256 18860 26168
18860 23256 26168
26168 18860 23256
14831 10624 24912
24912 10624 14831
10624 14831 24912
19888 5460 26060
26060 5460 19888
5460 19888 26060
8136 13859 27480
13859 8136 27480
27480 8136 13859
26722 21721 22024
21721 22024 26722
22024 21721 26722
26504 2853 5539
5539 2853 26504
2853 5539 26504
6201 7315 7648
7315 6201 7648
7648 6201 7315
27523 4412 21994
4412 21994 27523
21994 4412 27523
14090 12996 29850
12996 14090 29850
29850 12996 14090
14406 8348 20073
8348 14406 20073
20073 8348 14406
23351 13635 17544
17544 13635 23351
13635 17544 23351
14615 11965 19008
11965 14615 19008
19008 11965 14615
16061 22966 27381
22966 16061 27381
27381 16061 22966
19668 10839 29335
10839 19668 29335
29335 10839 19668
4316 8621 15515
15515 4316 8621
8621 4316 15515
4350 4912 15247
4912 4350 15247
15247 4350 4912
19140 1914 19299
19299 1914 19140
1914 19140 19299
4646 11519 25272
11519 4646 25272
25272 4646 11519
18003 2930 9181
2930 9181 18003
9181 2930 18003
26400 7146 21210
7146 21210 26400
21210 7146 26400
20439 8353 25367
25367 8353 20439
8353 20439 25367
12306 8172 23492
23492 8172 12306
8172 12306 23492
14867 6637 26587
6637 14867 26587
26587 6637 14867
4036 17490 28020
28020 4036 17490
17490 4036 28020
18454 14690 18800
18800 14690 18454
14690 18454 18800
8214 2648 23398
23398 2648 8214
2648 8214 23398
15612 2906 19718
2906 15612 19718
19718 2906 15612
28401 4826 5798
5798 4826 28401
4826 5798 28401
7703 21242 22213
21242 7703 22213
22213 7703 21242
12986 3053 10496
3053 10496 12986
10496 3053 12986
8276 23849 24325
23849 8276 24325
24325 8276 23849
27337 944 12239
944 12239 27337
12239 944 27337
29701 17122 27325
17122 27325 29701
27325 17122 29701
1018 11952 26071
26071 1018 11952
11952 1018 26071
29799 3264 3328
3264 3328 29799
3328 3264 29799
2570 8207 23117
23117 2570 8207
8207 2570 23117
24850 11788 24993
24993 11788 24850
11788 24850 24993
1959 25058 27693
27693 1959 25058
25058 1959 27693
15242 7209 29753
29753 7209 15242
7209 15242 29753
19442 861 6091
861 6091 19442
6091 861 19442
14271 18035 19545
19545 14271 18035
18035 14271 19545
12787 15976 16895
16895 12787 15976
15976 12787 16895
12921 15779 26639
26639 12921 15779
15779 12921 26639
22785 6889 13180
6889 13180 22785
13180 6889 22785
29436 12006 28233
28233 12006 29436
12006 28233 29436
6577 2176 29840
29840 2176 6577
2176 6577 29840
11572 13787 16427
16427 11572 13787
13787 11572 16427
3453 12076 21661
12076 3453 21661
21661 3453 12076
18827 20078 29240
20078 18827 29240
29240 18827 20078
10329 19578 25163
25163 10329 19578
19578 10329 25163
17511 3611 21507
3611 17511 21507
21507 3611 17511
19010 4732 9698
4732 9698 19010
9698 4732 19010
12934 8427 13582
13582 8427 12934
8427 12934 13582
24057 1235 25825
1235 24057 25825
25825 1235 24057
1504 9992 11265
11265 1504 9992
9992 1504 11265
22724 13595 23911
23911 13595 22724
13595 22724 23911
11762 11648 21811
21811 11648 11762
11648 11762 21811
4997 10479 21532
10479 4997 21532
21532 4997 10479
1058 14503 20814
14503 1058 20814
20814 1058 14503
6452 6092 23246
6092 6452 23246
23246 6092 6452
27909 15599 21496
21496 15599 27909
15599 21496 27909
16197 4034 18668
18668 4034 16197
4034 16197 18668
6987 13472 22521
13472 6987 22521
22521 6987 13472
10744 13807 18561
13807 10744 18561
18561 10744 13807
26041 9404 13645
13645 9404 26041
9404 13645 26041
12564 820 18360
18360 820 12564
820 12564 18360
22346 11117 20780
20780 11117 22346
11117 20780 22346
393 13104 22021
13104 393 22021
22021 393 13104
12753 2359 8116
2359 8116 12753
8116 2359 12753
10572 4818 20895
4818 10572 20895
20895 4818 10572
21729 9802 11332
11332 9802 21729
9802 11332 21729
5581 6600 20563
6600 5581 20563
20563 5581 6600
524 2859 13703
13703 524 2859
2859 524 13703
26495 5111 22679
5111 22679 26495
22679 5111 26495
233 8336 22503
8336 233 22503
22503 233 8336
18651 1482 27969
27969 1482 18651
1482 18651 27969
2986 16404 25670
16404 2986 25670
25670 2986 16404
15424 1061 13270
13270 1061 15424
1061 13270 15424
5790 1433 21245
21245 1433 5790
1433 5790 21245
17664 5030 11149
11149 5030 17664
5030 11149 17664
12637 16844 28938
28938 12637 16844
16844 12637 28938
4410 16881 20102
16881 4410 20102
20102 4410 16881
17402 5308 26703
5308 17402 26703
26703 5308 17402
19250 12290 14009
14009 12290 19250
12290 14009 19250
29344 10643 27516
27516 10643 29344
10643 27516 29344
4456 10243 14495
10243 4456 14495
14495 4456 10243
13324 19806 25483
25483 13324 19806
19806 13324 25483
24722 16933 29889
16933 24722 29889
29889 16933 24722
7844 1617 24423
24423 1617 7844
1617 7844 24423
10538 15908 19941
15908 10538 19941
19941 10538 15908
12481 6828 16362
16362 6828 12481
6828 12481 16362
11852 11492 18724
11492 11852 18724
18724 11492 11852
5920 16515 20140
20140 5920 16515
16515 5920 20140
28655 8466 29071
8466 28655 29071
29071 8466 28655
3643 13456 28055
13456 3643 28055
28055 3643 13456
28604 25735 29508
29508 25735 28604
25735 28604 29508
6868 4277 21790
21790 4277 6868
4277 6868 21790
19680 13131 15090
13131 15090 19680
15090 13131 19680
27854 4385 23545
23545 4385 27854
4385 23545 27854
17111 8455 14878
14878 8455 17111
8455 14878 17111
24920 23957 27522
23957 24920 27522
27522 23957 24920
17052 7818 28977
7818 17052 28977
28977 7818 17052
21358 10444 28397
10444 21358 28397
28397 10444 21358
24 12074 28743
12074 24 28743
28743 24 12074
13928 15160 29531
29531 13928 15160
15160 13928 29531
6487 29326 29525
29525 6487 29326
29326 6487 29525
22588 3809 7047
3809 7047 22588
7047 3809 22588
10798 13302 19354
19354 10798 13302
13302 10798 19354
16988 12659 18089
18089 12659 16988
12659 16988 18089
10679 11439 28299
11439 10679 28299
28299 10679 11439
5038 15639 29725
15639 5038 29725
29725 5038 15639
14297 3113 7416
7416 3113 14297
3113 7416 14297
29119 8322 17267
17267 8322 29119
8322 17267 29119
18895 3386 5635
3386 5635 18895
5635 3386 18895
12575 3511 24018
24018 3511 12575
3511 12575 24018
13797 15316 19890
19890 13797 15316
15316 13797 19890
16784 18467 23828
23828 16784 18467
18467 16784 23828
28756 4902 28839
4902 28756 28839
28839 4902 28756
18888 13706 26477
13706 18888 26477
26477 13706 18888
22962 1969 4919
1969 4919 22962
4919 1969 22962
21710 1827 11444
1827 11444 21710
11444 1827 21710
8723 1496 20577
1496 8723 20577
20577 1496 8723
1487 3276 6194
3276 1487 6194
6194 1487 3276
8864 10419 29033
29033 8864 10419
10419 8864 29033
23237 27283 29432
29432 23237 27283
27283 23237 29432
28939 9959 18838
9959 18838 28939
18838 9959 28939
11886 16500 29906
29906 11886 16500
16500 11886 29906
21224 16300 29603
29603 16300 21224
16300 21224 29603
3425 18552 26350
18552 3425 26350
26350 3425 18552
22739 11974 15812
11974 15812 22739
15812 11974 22739
1257 17950 19769
19769 1257 17950
17950 1257 19769
19915 3731 14028
14028 3731 19915
3731 14028 19915
27900 666 8332
8332 666 27900
666 8332 27900
19075 6232 14492
6232 14492 19075
14492 6232 19075
23128 15385 18610
18610 15385 23128
15385 18610 23128
2857 17566 19101
17566 2857 19101
19101 2857 17566
20556 7061 28811
7061 20556 28811
28811 7061 20556
3182 18445 29507
29507 3182 18445
18445 3182 29507
6143 4784 7051
4784 6143 7051
7051 4784 6143
1089 17963 19981
19981 1089 17963
17963 1089 19981
11485 6589 11017
6589 11017 11485
11017 6589 11485
29800 6851 11773
6851 11773 29800
11773 6851 29800
7122 3202 14716
3202 7122 14716
14716 3202 7122
9748 10638 27339
27339 9748 10638
10638 9748 27339
27767 25258 26427
25258 26427 27767
26427 25258 27767
15031 5068 12133
12133 5068 15031
5068 12133 15031
11099 11437 17227
17227 11099 11437
11437 11099 17227
2985 2158 4995
4995 2158 2985
2158 2985 4995
15598 19290 21294
19290 15598 21294
21294 15598 19290
19264 12161 14130
12161 14130 19264
14130 12161 19264
28445 5073 29461
5073 28445 29461
29461 5073 28445
23098 21835 25730
21835 23098 25730
25730 21835 23098
6640 2447 4006
2447 4006 6640
4006 2447 6640
12741 22904 28457
28457 12741 22904
22904 12741 28457
14868 15708 20971
15708 14868 20971
20971 14868 15708
24906 5416 26745
5416 24906 26745
26745 5416 24906
17434 13277 23196
23196 13277 17434
13277 17434 23196
17897 6967 23533
23533 6967 17897
6967 17897 23533
4901 9828 15013
9828 4901 15013
15013 4901 9828
14694 1799 11345
11345 1799 14694
1799 11345 14694
3612 7359 13414
7359 3612 13414
13414 3612 7359
2317 5682 6367
5682 2317 6367
6367 2317 5682
3140 6112 6114
6112 3140 6114
6114 3140 6112
969 18551 25295
25295 969 18551
18551 969 25295
4907 10354 21427
10354 4907 21427
21427 4907 10354
8371 1775 10915
10915 1775 8371
1775 8371 10915
17131 3412 25168
3412 17131 25168
25168 3412 17131
9068 3119 10609
3119 9068 10609
10609 3119 9068
27750 5414 16752
16752 5414 27750
5414 16752 27750
23917 10669 16201
16201 10669 23917
10669 16201 23917
10474 8003 11356
8003 10474 11356
11356 8003 10474
14864 7136 29102
7136 14864 29102
29102 7136 14864
8949 3431 21623
3431 8949 21623
21623 3431 8949
29697 3128 8055
3128 8055 29697
8055 3128 29697
22748 6746 8602
6746 8602 22748
8602 6746 22748
6356 2184 24393
24393 2184 6356
2184 6356 24393
19664 14889 24804
14889 19664 24804
24804 14889 19664
24966 7863 15136
7863 15136 24966
15136 7863 24966
25662 1421 12979
12979 1421 25662
1421 12979 25662
1099 14905 28521
14905 1099 28521
28521 1099 14905
27062 9179 14417
14417 9179 27062
9179 14417 27062
25568 25232 25421
25232 25421 25568
25421 25232 25568
3801 9148 28066
28066 3801 9148
9148 3801 28066
12792 8634 18229
18229 8634 12792
8634 12792 18229
10228 22926 24341
24341 10228 22926
22926 10228 24341
11761 15577 21682
21682 11761 15577
15577 11761 21682
2894 6644 23998
6644 2894 23998
23998 2894 6644
18109 8173 23726
8173 18109 23726
23726 8173 18109
5971 16044 26373
16044 5971 26373
26373 5971 16044
26195 3947 15230
3947 15230 26195
15230 3947 26195
17393 2440 27250
27250 2440 17393
2440 17393 27250
1830 1590 13095
13095 1590 1830
1590 1830 13095
24681 19132 25359
25359 19132 24681
19132 24681 25359
27613 5461 15443
15443 5461 27613
5461 15443 27613
21146 23486 28174
23486 21146 28174
28174 21146 23486
1410 16328 18251
18251 1410 16328
16328 1410 18251
28345 22792 23337
23337 22792 28345
22792 23337 28345
8993 7108 28341
7108 8993 28341
28341 7108 8993
24322 19837 28862
28862 19837 24322
19837 24322 28862
19271 10704 15847
10704 15847 19271
15847 10704 19271
18755 6309 21818
21818 6309 18755
6309 18755 21818
1657 5673 12874
12874 1657 5673
5673 1657 12874
487 429 9812
9812 429 487
429 487 9812
21506 20490 29454
29454 20490 21506
20490 21506 29454
17263 10271 26404
26404 10271 17263
10271 17263 26404
5902 15875 21208
15875 5902 21208
21208 5902 15875
6447 669 16755
669 6447 16755
16755 669 6447
11477 9591 10469
10469 9591 11477
9591 10469 11477
770 25049 28061
28061 770 25049
25049 770 28061
25229 24087 27770
27770 24087 25229
24087 25229 27770
14162 1459 20635
20635 1459 14162
1459 14162 20635
4985 412 26698
26698 412 4985
412 4985 26698
3554 8060 22073
22073 3554 8060
8060 3554 22073
15202 430 7677
430 7677 15202
7677 430 15202
24511 6530 9218
9218 6530 24511
6530 9218 24511
23527 14201 16238
14201 16238 23527
16238 14201 23527
1187 2260 7369
2260 1187 7369
7369 1187 2260
21754 4472 6163
4472 6163 21754
6163 4472 21754
20244 2729 19338
19338 2729 20244
2729 19338 20244
17574 10739 29964
29964 10739 17574
10739 17574 29964
15706 11084 11871
11871 11084 15706
11084 11871 15706
13779 15725 20314
15725 13779 20314
20314 13779 15725
11184 1129 15953
15953 1129 11184
1129 11184 15953
12001 8157 23208
8157 12001 23208
23208 8157 12001
4208 9789 28694
28694 4208 9789
9789 4208 28694
26879 9759 26554
26554 9759 26879
9759 26554 26879
28399 5366 22525
5366 22525 28399
22525 5366 28399
22868 14403 24097
14403 22868 24097
24097 14403 22868
867 26807 28146
26807 867 28146
28146 867 26807
5485 3326 17838
3326 5485 17838
17838 3326 5485
16250 11890 26927
11890 16250 26927
26927 11890 16250
4740 12678 16878
16878 4740 12678
12678 4740 16878
14327 6790 11568
11568 6790 14327
6790 11568 14327
23581 5186 15017
15017 5186 23581
5186 15017 23581
27367 4891 26843
4891 26843 27367
26843 4891 27367
14146 910 21534
21534 910 14146
910 14146 21534
15588 5125 25286
5125 15588 25286
25286 5125 15588
14105 14122 29557
14122 14105 29557
29557 14105 14122
24034 16099 20515
20515 16099 24034
16099 20515 24034
11861 17378 22157
22157 11861 17378
17378 11861 22157
16998 3020 13520
13520 3020 16998
3020 13520 16998
22504 23569 27573
27573 22504 23569
23569 22504 27573
23140 1936 10676
1936 10676 23140
10676 1936 23140
6854 7401 23672
7401 6854 23672
23672 6854 7401
26739 4038 26701
26701 4038 26739
4038 26701 26739
22204 1851 24671
24671 1851 22204
1851 22204 24671
18696 8807 25548
8807 18696 25548
25548 8807 18696
10224 7795 22247
7795 10224 22247
22247 7795 10224
15557 6807 22822
22822 6807 15557
6807 15557 22822
16370 1507 26196
26196 1507 16370
1507 16370 26196
27978 28450 29157
29157 27978 28450
28450 27978 29157
8283 9563 16392
16392 8283 9563
9563 8283 16392
2564 4656 6579
4656 2564 6579
6579 2564 4656
398 9431 21439
9431 398 21439
21439 398 9431
19886 21043 26601
21043 19886 26601
26601 19886 21043
21760 3268 9967
9967 3268 21760
3268 9967 21760
6293 6066 27185
27185 6066 6293
6066 6293 27185
490 3454 25763
3454 490 25763
25763 490 3454
12325 18814 25875
25875 12325 18814
18814 12325 25875
2357 17370 25931
17370 2357 25931
25931 2357 17370
6121 21656 24533
24533 6121 21656
21656 6121 24533
27884 7522 20800
7522 20800 27884
20800 7522 27884
16949 6464 14438
6464 14438 16949
14438 6464 16949
24081 18891 27728
18891 24081 27728
27728 18891 24081
5752 15745 19544
19544 5752 15745
15745 5752 19544
3790 14539 28867
28867 3790 14539
14539 3790 28867
4080 24186 25779
25779 4080 24186
24186 4080 25779
6396 3300 20455
3300 6396 20455
20455 3300 6396
26311 1641 21767
1641 21767 26311
21767 1641 26311
25468 8702 16713
16713 8702 25468
8702 16713 25468
14687 13157 17499
13157 14687 17499
17499 13157 14687
17790 15659 24522
24522 15659 17790
15659 17790 24522
20558 6100 9261
6100 9261 20558
9261 6100 20558
978 12462 15468
12462 978 15468
15468 978 12462
18351 3981 5090
5090 3981 18351
3981 5090 18351
5836 8828 12860
12860 5836 8828
8828 5836 12860
20591 10800 13459
13459 10800 20591
10800 13459 20591
7282 15439 24807
15439 7282 24807
24807 7282 15439
15798 5471 18300
18300 5471 15798
5471 15798 18300
20345 23950 26252
26252 20345 23950
23950 20345 26252
11430 2947 28582
28582 2947 11430
2947 11430 28582
1029 19525 27333
27333 1029 19525
19525 1029 27333
6517 12690 25063
25063 6517 12690
12690 6517 25063
22032 25489 27947
25489 22032 27947
27947 22032 25489
22754 16603 28727
28727 16603 22754
16603 22754 28727
8558 2916 25118
2916 8558 25118
25118 2916 8558
6010 5025 11371
5025 6010 11371
11371 5025 6010
24714 4178 12087
4178 12087 24714
12087 4178 24714
22624 16340 23063
23063 16340 22624
16340 22624 23063
11087 20584 26800
20584 11087 26800
26800 11087 20584
5301 6142 16271
16271 5301 6142
6142 5301 16271
10407 3668 25132
3668 10407 25132
25132 3668 10407
234 17193 24265
17193 234 24265
24265 234 17193
29511 17795 22893
22893 17795 29511
17795 22893 29511
25186 10089 17099
10089 17099 25186
17099 10089 25186
23006 8823 20209
8823 20209 23006
20209 8823 23006
5659 16764 24965
16764 5659 24965
24965 5659 16764
10533 6440 7230
7230 6440 10533
6440 7230 10533
9461 13535 27002
27002 9461 13535
13535 9461 27002
18425 2279 3227
3227 2279 18425
2279 3227 18425
14916 6445 16954
16954 6445 14916
6445 14916 16954
29421 9394 22113
22113 9394 29421
9394 22113 29421
1895 4279 27018
27018 1895 4279
4279 1895 27018
16048 12785 15133
12785 15133 16048
15133 12785 16048
17415 3114 11819
3114 11819 17415
11819 3114 17415
6055 14537 22266
14537 6055 22266
22266 6055 14537
29343 5100 26608
26608 5100 29343
5100 26608 29343
18973 15050 17571
17571 15050 18973
15050 17571 18973
11208 9098 10596
9098 10596 11208
10596 9098 11208
28239 12314 14542
12314 14542 28239
14542 12314 28239
18065 18340 19727
18340 18065 19727
19727 18065 18340
8058 5275 20220
5275 8058 20220
20220 5275 8058
16750 10059 27383
10059 16750 27383
27383 10059 16750
6821 12050 27707
12050 6821 27707
27707 6821 12050
21875 3709 6893
6893 3709 21875
3709 6893 21875
19332 15237 25954
15237 19332 25954
25954 15237 19332
14959 4797 29195
4797 14959 29195
29195 4797 14959
24557 21196 26225
21196 24557 26225
26225 21196 24557
18472 4317 17906
4317 17906 18472
17906 4317 18472
22511 17698 23370
17698 22511 23370
23370 17698 22511
1503 6186 8485
8485 1503 6186
6186 1503 8485
21501 11679 15224
11679 15224 21501
15224 11679 21501
11365 1314 4029
1314 4029 11365
4029 1314 11365
15083 2077 28032
2077 15083 28032
28032 2077 15083
28039 8135 28683
28683 8135 28039
8135 28039 28683
14976 2609 3963
3963 2609 14976
2609 3963 14976
17654 1543 7934
7934 1543 17654
1543 7934 17654
27952 16736 24900
24900 16736 27952
16736 24900 27952
13040 4659 15597
15597 4659 13040
4659 13040 15597
2028 7249 14505
7249 2028 14505
14505 2028 7249
13467 7623 9596
7623 9596 13467
9596 7623 13467
5572 10953 18713
10953 5572 18713
18713 5572 10953
3589 9122 12120
9122 3589 12120
12120 3589 9122
24249 4070 5432
5432 4070 24249
4070 5432 24249
9138 7197 7555
7197 7555 9138
7555 7197 9138
22242 2255 22215
22215 2255 22242
2255 22215 22242
24546 10414 26319
26319 10414 24546
10414 24546 26319
18626 5727 7210
