7096 4257 29939
4257 7096 29939
29939 4257 7096
25197 9892 20160
9892 20160 25197
20160 9892 25197
11638 7949 15414
7949 11638 15414
15414 7949 11638
24301 137 8919
137 8919 24301
8919 137 24301
22496 7471 26528
7471 22496 26528
26528 7471 22496
23242 988 26333
26333 988 23242
988 23242 26333
4342 4044 14929
14929 4044 4342
4044 4342 14929
27538 11939 18235
11939 18235 27538
18235 11939 27538
10962 19885 23738
23738 10962 19885
19885 10962 23738
2381 17741 22890
22890 2381 17741
17741 2381 22890
14276 8617 16822
8617 14276 16822
16822 8617 14276
22468 16942 22128
22128 16942 22468
16942 22128 22468
16618 4489 16837
16837 4489 16618
4489 16618 16837
28278 1699 24725
1699 24725 28278
24725 1699 28278
10141 5976 24449
24449 5976 10141
5976 10141 24449
3034 10393 27799
10393 3034 27799
27799 3034 10393
28552 12368 29028
29028 12368 28552
12368 28552 29028
23624 8297 10694
10694 8297 23624
8297 10694 23624
15281 19587 20961
20961 15281 19587
19587 15281 20961
20861 5370 5441
5441 5370 20861
5370 5441 20861
9731 4273 5402
4273 5402 9731
5402 4273 9731
18519 19567 23823
19567 18519 23823
23823 18519 19567
14332 9847 24715
24715 9847 14332
9847 14332 24715
15636 4863 14076
4863 14076 15636
14076 4863 15636
20383 26330 29361
26330 20383 29361
29361 20383 26330
16104 2510 9929
2510 9929 16104
9929 2510 16104
17467 1919 25055
1919 17467 25055
25055 1919 17467
12755 21993 28042
28042 12755 21993
21993 12755 28042
4892 16579 19634
16579 4892 19634
19634 4892 16579
6815 4608 11780
11780 4608 6815
4608 6815 11780
19398 11401 26165
11401 19398 26165
26165 11401 19398
12544 23156 26273
26273 12544 23156
23156 12544 26273
26644 10978 25044
10978 25044 26644
25044 10978 26644
19722 18116 26188
26188 18116 19722
18116 19722 26188
846 4275 27718
27718 846 4275
4275 846 27718
14371 17109 21834
17109 14371 21834
21834 14371 17109
6217 14993 15107
14993 6217 15107
15107 6217 14993
12339 12704 18836
18836 12339 12704
12704 12339 18836
18703 10264 20706
10264 18703 20706
20706 10264 18703
1605 969 18871
18871 969 1605
969 1605 18871
29261 2578 24783
2578 24783 29261
24783 2578 29261
479 4217 12897
4217 479 12897
12897 479 4217
4682 11321 19090
11321 4682 19090
19090 4682 11321
12700 21529 28400
21529 12700 28400
28400 12700 21529
13026 575 24347
575 13026 24347
24347 575 13026
15754 7687 14877
14877 7687 15754
7687 14877 15754
27844 5357 18572
5357 18572 27844
18572 5357 27844
23479 3615 3982
3982 3615 23479
3615 3982 23479
18455 705 6644
6644 705 18455
705 6644 18455
12943 12813 18317
18317 12813 12943
12813 12943 18317
21278 6263 22044
22044 6263 21278
6263 21278 22044
15998 1873 13266
1873 13266 15998
13266 1873 15998
25392 3692 18045
3692 18045 25392
18045 3692 25392
6010 3490 12888
3490 6010 12888
12888 3490 6010
6123 4089 22894
22894 4089 6123
4089 6123 22894
6050 4329 14072
4329 6050 14072
14072 4329 6050
6106 8058 21875
21875 6106 8058
8058 6106 21875
25531 1581 3587
3587 1581 25531
1581 3587 25531
3483 11774 14572
11774 3483 14572
14572 3483 11774
5887 23332 23930
23930 5887 23332
23332 5887 23930
15512 47 18001
47 15512 18001
18001 47 15512
12050 14045 22494
22494 12050 14045
14045 12050 22494
9155 21107 25271
25271 9155 21107
21107 9155 25271
2275 9300 19263
9300 2275 19263
19263 2275 9300
22103 3995 20404
20404 3995 22103
3995 20404 22103
6274 12860 15270
15270 6274 12860
12860 6274 15270
29746 5577 9202
5577 9202 29746
9202 5577 29746
4569 6670 19815
6670 4569 19815
19815 4569 6670
11987 20054 24353
20054 11987 24353
24353 11987 20054
21934 1081 29710
29710 1081 21934
1081 21934 29710
6402 16340 23502
16340 6402 23502
23502 6402 16340
10536 22681 28455
28455 10536 22681
22681 10536 28455
27662 14317 18418
18418 14317 27662
14317 18418 27662
16440 3433 8781
3433 8781 16440
8781 3433 16440
11371 13083 21586
13083 11371 21586
21586 11371 13083
1905 8172 28885
8172 1905 28885
28885 1905 8172
23537 1035 1808
1808 1035 23537
1035 1808 23537
23861 17198 26875
26875 17198 23861
17198 23861 26875
4532 20680 27571
20680 4532 27571
27571 4532 20680
24252 5450 23459
5450 23459 24252
23459 5450 24252
11269 23297 26812
26812 11269 23297
23297 11269 26812
28265 11330 14621
14621 11330 28265
11330 14621 28265
17504 802 1666
1666 802 17504
802 1666 17504
24524 630 1159
630 1159 24524
1159 630 24524
17019 5194 28532
28532 5194 17019
5194 17019 28532
24503 4060 17187
4060 17187 24503
17187 4060 24503
18312 18021 25804
18021 18312 25804
25804 18021 18312
7278 15221 28216
15221 7278 28216
28216 7278 15221
25940 7144 8849
7144 8849 25940
8849 7144 25940
13854 8060 23674
8060 13854 23674
23674 8060 13854
24991 7394 7479
7394 7479 24991
7479 7394 24991
1453 2446 3836
2446 1453 3836
3836 1453 2446
13119 17979 27514
27514 13119 17979
17979 13119 27514
3819 9542 29376
29376 3819 9542
9542 3819 29376
8816 292 8848
292 8816 8848
8848 292 8816
13805 11316 14490
11316 13805 14490
14490 11316 13805
23518 6562 19821
6562 19821 23518
19821 6562 23518
19024 15181 16005
15181 16005 19024
16005 15181 19024
4894 1777 12855
12855 1777 4894
1777 4894 12855
24728 23702 29783
29783 23702 24728
23702 24728 29783
2673 16504 26267
16504 2673 26267
26267 2673 16504
11481 11074 17892
11074 11481 17892
17892 11074 11481
28729 894 7703
894 7703 28729
7703 894 28729
2114 13699 24933
13699 2114 24933
24933 2114 13699
28623 3194 8902
8902 3194 28623
3194 8902 28623
27227 2342 17450
2342 17450 27227
17450 2342 27227
14910 670 28061
670 14910 28061
28061 670 14910
13444 12635 24166
12635 13444 24166
24166 12635 13444
12291 4922 7754
7754 4922 12291
4922 7754 12291
19984 1723 29961
1723 19984 29961
29961 1723 19984
16674 565 16516
565 16516 16674
16516 565 16674
25521 12844 18903
12844 18903 25521
18903 12844 25521
1165 2514 23522
2514 1165 23522
23522 1165 2514
14591 4292 21340
21340 4292 14591
4292 14591 21340
8691 1485 28801
1485 8691 28801
28801 1485 8691
6224 24994 28208
28208 6224 24994
24994 6224 28208
29940 11610 16292
11610 16292 29940
16292 11610 29940
15415 8073 23187
8073 15415 23187
23187 8073 15415
20607 1065 13792
13792 1065 20607
1065 13792 20607
23549 12849 24314
12849 23549 24314
24314 12849 23549
8635 12348 18100
18100 8635 12348
12348 8635 18100
16274 19101 26666
19101 16274 26666
26666 16274 19101
16870 2439 29969
29969 2439 16870
2439 16870 29969
16884 5995 27620
5995 16884 27620
27620 5995 16884
11470 11468 12575
11468 11470 12575
12575 11468 11470
17105 1591 17256
17256 1591 17105
1591 17105 17256
13506 5407 28039
28039 5407 13506
5407 13506 28039
17272 16780 28196
28196 16780 17272
16780 17272 28196
7092 5270 19006
19006 5270 7092
5270 7092 19006
6949 3979 15466
15466 3979 6949
3979 6949 15466
29279 6763 7571
7571 6763 29279
6763 7571 29279
10490 11024 15510
11024 10490 15510
15510 10490 11024
16902 13173 23791
13173 16902 23791
23791 13173 16902
5954 4128 9979
4128 5954 9979
9979 4128 5954
22972 11076 15144
11076 15144 22972
15144 11076 22972
29308 600 28741
600 28741 29308
28741 600 29308
19257 2932 8113
2932 8113 19257
8113 2932 19257
20041 4335 15188
15188 4335 20041
4335 15188 20041
13513 6540 22646
6540 13513 22646
22646 6540 13513
26263 10097 20212
20212 10097 26263
10097 20212 26263
21248 27512 29339
29339 21248 27512
27512 21248 29339
13817 23083 25079
23083 13817 25079
25079 13817 23083
5870 18038 20739
20739 5870 18038
18038 5870 20739
596 14745 23499
23499 596 14745
14745 596 23499
17998 8437 15877
8437 15877 17998
15877 8437 17998
4079 4023 5298
5298 4023 4079
4023 4079 5298
20647 2372 12003
2372 12003 20647
12003 2372 20647
27358 19579 22866
19579 22866 27358
22866 19579 27358
2620 12922 12984
12922 2620 12984
12984 2620 12922
17625 4914 4950
4950 4914 17625
4914 4950 17625
17814 12338 14316
12338 14316 17814
14316 12338 17814
5097 8801 14970
8801 5097 14970
14970 5097 8801
10811 11397 15783
11397 10811 15783
15783 10811 11397
25970 5139 24827
24827 5139 25970
5139 24827 25970
29466 5588 23701
5588 23701 29466
23701 5588 29466
22946 15089 20548
15089 20548 22946
20548 15089 22946
21868 7808 20001
7808 20001 21868
20001 7808 21868
4657 10980 28557
10980 4657 28557
28557 4657 10980
26228 3955 20949
20949 3955 26228
3955 20949 26228
26527 9436 28666
9436 26527 28666
28666 9436 26527
18464 18592 23404
23404 18464 18592
18592 18464 23404
25998 338 16972
338 16972 25998
16972 338 25998
7013 7507 9620
7507 7013 9620
9620 7013 7507
15425 1288 12143
1288 12143 15425
12143 1288 15425
6265 280 26668
280 6265 26668
26668 280 6265
7974 9238 13897
13897 7974 9238
9238 7974 13897
23382 2416 20199
2416 20199 23382
20199 2416 23382
25896 10188 11799
11799 10188 25896
10188 11799 25896
21277 5684 25928
25928 5684 21277
5684 21277 25928
19133 5245 10364
5245 10364 19133
10364 5245 19133
1933 20091 20299
20299 1933 20091
20091 1933 20299
13825 6347 28961
28961 6347 13825
6347 13825 28961
22577 5542 28192
28192 5542 22577
5542 22577 28192
17063 19847 26676
26676 17063 19847
19847 17063 26676
29652 456 9192
9192 456 29652
456 9192 29652
24824 13284 24863
24863 13284 24824
13284 24824 24863
25018 4300 12705
12705 4300 25018
4300 12705 25018
9378 27308 28066
27308 9378 28066
28066 9378 27308
20323 18139 18859
18139 18859 20323
18859 18139 20323
24593 2080 10740
2080 10740 24593
10740 2080 24593
25196 21386 27612
21386 25196 27612
27612 21386 25196
16126 25935 29991
29991 16126 25935
25935 16126 29991
4016 2542 17078
17078 2542 4016
2542 4016 17078
21916 6162 18882
18882 6162 21916
6162 18882 21916
25713 14034 25989
25989 14034 25713
14034 25713 25989
5991 1704 20045
20045 1704 5991
1704 5991 20045
14704 2033 17556
2033 14704 17556
17556 2033 14704
15369 10567 28662
10567 15369 28662
28662 10567 15369
8862 4227 14525
4227 8862 14525
14525 4227 8862
23267 22313 28327
28327 22313 23267
22313 23267 28327
5768 19594 21201
19594 5768 21201
21201 5768 19594
11542 4196 27490
4196 11542 27490
27490 4196 11542
20204 697 20778
697 20204 20778
20778 697 20204
4241 20363 26026
20363 4241 26026
26026 4241 20363
10327 5619 14037
5619 10327 14037
14037 5619 10327
13742 5324 27820
5324 13742 27820
27820 5324 13742
8644 6278 27854
27854 6278 8644
6278 8644 27854
27923 17803 22087
17803 22087 27923
22087 17803 27923
28211 25934 28298
28298 25934 28211
25934 28211 28298
5040 7473 13053
13053 5040 7473
7473 5040 13053
15536 9582 19370
9582 15536 19370
19370 9582 15536
1878 10869 22367
22367 1878 10869
10869 1878 22367
22298 168 2399
2399 168 22298
168 2399 22298
13172 19293 28080
28080 13172 19293
19293 13172 28080
15957 505 6959
505 6959 15957
6959 505 15957
13962 10133 16718
10133 13962 16718
16718 10133 13962
15762 7517 22584
7517 15762 22584
22584 7517 15762
541 17147 28057
17147 541 28057
28057 541 17147
23171 10321 29073
10321 23171 29073
29073 10321 23171
22188 7364 8540
7364 8540 22188
8540 7364 22188
14445 9243 29459
29459 9243 14445
9243 14445 29459
10091 9996 14639
14639 9996 10091
9996 10091 14639
7860 6362 24313
6362 7860 24313
24313 6362 7860
9800 5130 20590
5130 9800 20590
20590 5130 9800
13455 3661 9228
3661 9228 13455
9228 3661 13455
24117 6671 29997
6671 24117 29997
29997 6671 24117
25016 2648 7588
2648 7588 25016
7588 2648 25016
3359 20257 27592
20257 3359 27592
27592 3359 20257
25772 2186 7851
2186 7851 25772
7851 2186 25772
10122 15017 20605
15017 10122 20605
20605 10122 15017
4114 5883 11116
5883 4114 11116
11116 4114 5883
21691 2512 17615
2512 17615 21691
17615 2512 21691
3156 18585 26729
18585 3156 26729
26729 3156 18585
13767 15678 18196
18196 13767 15678
15678 13767 18196
1105 12745 25872
12745 1105 25872
25872 1105 12745
3627 21699 24140
21699 3627 24140
24140 3627 21699
12663 16642 25821
16642 12663 25821
25821 12663 16642
14145 2262 14686
2262 14145 14686
14686 2262 14145
23125 13930 16066
16066 13930 23125
13930 16066 23125
27001 14017 20532
14017 20532 27001
20532 14017 27001
29280 110 5416
5416 110 29280
110 5416 29280
21598 6370 29877
6370 21598 29877
29877 6370 21598
23457 23261 29668
29668 23261 23457
23261 23457 29668
16224 2254 18124
18124 2254 16224
2254 16224 18124
702 8308 23340
23340 702 8308
8308 702 23340
10808 10698 27599
10698 10808 27599
27599 10698 10808
10024 9762 17902
9762 10024 17902
17902 9762 10024
10004 14453 26960
14453 10004 26960
26960 10004 14453
14344 22781 25651
25651 14344 22781
22781 14344 25651
1937 1308 13762
13762 1308 1937
1308 1937 13762
24707 4743 4809
4743 4809 24707
4809 4743 24707
7848 10437 26830
10437 7848 26830
26830 7848 10437
15528 6496 13150
6496 13150 15528
13150 6496 15528
22439 17226 29385
29385 17226 22439
17226 22439 29385
19444 16055 18304
18304 16055 19444
16055 18304 19444
16756 16544 26994
16544 16756 26994
26994 16544 16756
7004 13610 16967
13610 7004 16967
16967 7004 13610
6646 3508 10700
10700 3508 6646
3508 6646 10700
17383 19001 25769
19001 17383 25769
25769 17383 19001
22722 17981 21675
17981 21675 22722
21675 17981 22722
10937 5054 12983
12983 5054 10937
5054 10937 12983
23659 21670 25564
25564 21670 23659
21670 23659 25564
7644 13857 16035
16035 7644 13857
13857 7644 16035
20113 13914 15302
15302 13914 20113
13914 15302 20113
24423 20096 28919
28919 20096 24423
20096 24423 28919
19533 2785 13437
13437 2785 19533
2785 13437 19533
12218 7055 7450
7450 7055 12218
7055 7450 12218
5906 11655 23028
23028 5906 11655
11655 5906 23028
29270 15904 16915
15904 16915 29270
16915 15904 29270
2279 3594 4692
3594 2279 4692
4692 2279 3594
659 21162 21348
21348 659 21162
21162 659 21348
21171 20986 21307
20986 21171 21307
21307 20986 21171
308 10095 19621
10095 308 19621
19621 308 10095
5355 4152 13488
4152 5355 13488
13488 4152 5355
27084 5186 18772
5186 18772 27084
18772 5186 27084
24978 17963 21812
21812 17963 24978
17963 21812 24978
3511 2677 4190
4190 2677 3511
2677 3511 4190
1922 4824 11292
4824 1922 11292
11292 1922 4824
20834 11444 20280
20280 11444 20834
11444 20280 20834
2618 4541 18052
4541 2618 18052
18052 2618 4541
6705 27499 29434
27499 6705 29434
29434 6705 27499
26605 4398 27588
27588 4398 26605
4398 26605 27588
21616 18589 24662
18589 21616 24662
24662 18589 21616
17415 8320 14950
8320 14950 17415
14950 8320 17415
12740 21531 21595
21531 12740 21595
21595 12740 21531
12781 1113 4063
4063 1113 12781
1113 4063 12781
15489 627 17039
17039 627 15489
627 15489 17039
26257 12454 21989
12454 21989 26257
21989 12454 26257
15216 1623 26181
26181 1623 15216
1623 15216 26181
1295 220 10385
220 1295 10385
10385 220 1295
4353 3275 25341
25341 3275 4353
3275 4353 25341
8017 1828 10250
1828 8017 10250
10250 1828 8017
1631 9829 12192
9829 1631 12192
12192 1631 9829
2155 2670 21763
21763 2155 2670
2670 2155 21763
24723 6683 22379
6683 22379 24723
22379 6683 24723
12226 1658 21477
21477 1658 12226
1658 12226 21477
13335 6297 27779
27779 6297 13335
6297 13335 27779
20387 2391 15176
15176 2391 20387
2391 15176 20387
17401 3288 9832
3288 9832 17401
9832 3288 17401
10042 21660 25751
25751 10042 21660
21660 10042 25751
19254 21895 29635
21895 19254 29635
29635 19254 21895
19116 4901 18769
18769 4901 19116
4901 18769 19116
5536 2356 6464
2356 5536 6464
6464 2356 5536
11206 5614 7998
7998 5614 11206
5614 7998 11206
27584 14870 27547
14870 27547 27584
27547 14870 27584
10210 11672 17485
17485 10210 11672
11672 10210 17485
6445 19166 23442
23442 6445 19166
19166 6445 23442
13530 20574 27187
27187 13530 20574
20574 13530 27187
11771 3868 13269
3868 11771 13269
13269 3868 11771
12673 7638 25913
7638 12673 25913
25913 7638 12673
18265 8856 26771
8856 18265 26771
26771 8856 18265
10094 4993 23011
23011 4993 10094
4993 10094 23011
24469 8508 27062
27062 8508 24469
8508 24469 27062
27248 13042 19371
19371 13042 27248
13042 19371 27248
4100 2558 26781
2558 4100 26781
26781 2558 4100
19907 7404 26342
7404 19907 26342
26342 7404 19907
15995 19234 26279
26279 15995 19234
19234 15995 26279
2172 400 18195
18195 400 2172
400 2172 18195
29770 17713 18484
17713 18484 29770
18484 17713 29770
18532 7584 22741
7584 18532 22741
22741 7584 18532
19998 6179 29822
29822 6179 19998
6179 19998 29822
14980 611 25056
25056 611 14980
611 14980 25056
842 11502 22057
11502 842 22057
22057 842 11502
3111 12026 27587
12026 3111 27587
27587 3111 12026
23853 20526 23525
20526 23525 23853
23525 20526 23853
4013 1566 6019
1566 4013 6019
6019 1566 4013
10270 3068 13517
13517 3068 10270
3068 10270 13517
14187 12520 16786
12520 14187 16786
16786 12520 14187
20242 5524 22804
22804 5524 20242
5524 20242 22804
9844 26487 27159
27159 9844 26487
26487 9844 27159
27673 16764 28311
16764 27673 28311
28311 16764 27673
6630 1194 21391
1194 6630 21391
21391 1194 6630
21424 16903 20419
16903 20419 21424
20419 16903 21424
3003 1769 24478
24478 1769 3003
1769 3003 24478
3173 15478 20538
15478 3173 20538
20538 3173 15478
21157 18669 29378
29378 18669 21157
18669 21157 29378
20813 23635 27933
27933 20813 23635
23635 20813 27933
13451 17390 28116
28116 13451 17390
17390 13451 28116
26141 2047 26383
26383 2047 26141
2047 26141 26383
26698 11968 19529
19529 11968 26698
11968 19529 26698
4201 3291 21382
3291 4201 21382
21382 3291 4201
13233 10794 29924
29924 10794 13233
10794 13233 29924
20232 11741 20786
20786 11741 20232
11741 20232 20786
19776 14683 21597
21597 14683 19776
14683 19776 21597
29461 20635 25857
20635 25857 29461
25857 20635 29461
8694 18416 26976
18416 8694 26976
26976 8694 18416
23747 9625 29880
29880 9625 23747
9625 23747 29880
23509 24859 24875
24859 23509 24875
24875 23509 24859
16906 7830 24821
24821 7830 16906
7830 16906 24821
12804 11893 26607
26607 11893 12804
11893 12804 26607
15271 11382 19608
11382 15271 19608
19608 11382 15271
9593 13010 25182
13010 9593 25182
25182 9593 13010
19319 17151 22677
17151 19319 22677
22677 17151 19319
29663 1495 21784
21784 1495 29663
1495 21784 29663
16222 9123 29070
29070 9123 16222
9123 16222 29070
25674 17915 20400
20400 17915 25674
17915 20400 25674
13268 19040 20844
20844 13268 19040
19040 13268 20844
21846 8189 28554
28554 8189 21846
8189 21846 28554
234 7265 29472
29472 234 7265
7265 234 29472
26618 11113 29209
29209 11113 26618
11113 26618 29209
19053 23520 25819
25819 19053 23520
23520 19053 25819
20919 4962 19426
19426 4962 20919
4962 19426 20919
15951 17990 28933
28933 15951 17990
17990 15951 28933
27877 3892 15820
3892 15820 27877
15820 3892 27877
14049 19812 27631
27631 14049 19812
19812 14049 27631
20690 9156 19019
9156 19019 20690
19019 9156 20690
14675 5211 18672
5211 14675 18672
18672 5211 14675
13642 4678 10979
4678 10979 13642
10979 4678 13642
16451 6785 19833
19833 6785 16451
6785 16451 19833
18182 6838 16069
6838 16069 18182
16069 6838 18182
7863 7858 10763
10763 7858 7863
7858 7863 10763
15633 16225 18447
18447 15633 16225
16225 15633 18447
8946 5131 24666
24666 5131 8946
5131 8946 24666
2329 10520 17412
10520 2329 17412
17412 2329 10520
21430 6688 22490
22490 6688 21430
6688 21430 22490
28902 14912 22832
14912 22832 28902
22832 14912 28902
956 13034 13321
13321 956 13034
13034 956 13321
2823 11669 24648
11669 2823 24648
24648 2823 11669
26734 5173 22350
5173 22350 26734
22350 5173 26734
5430 6963 11489
11489 5430 6963
6963 5430 11489
16804 23890 28183
28183 16804 23890
23890 16804 28183
5391 12914 26113
12914 5391 26113
26113 5391 12914
5396 6025 26979
26979 5396 6025
6025 5396 26979
410 3597 8106
3597 410 8106
8106 410 3597
12018 14395 16086
14395 12018 16086
16086 12018 14395
25716 21463 24015
21463 24015 25716
24015 21463 25716
6662 12352 16839
16839 6662 12352
12352 6662 16839
13040 17391 18709
18709 13040 17391
17391 13040 18709
7745 2891 13558
2891 7745 13558
13558 2891 7745
6975 2276 9491
9491 2276 6975
2276 6975 9491
21811 8151 9462
9462 8151 21811
8151 9462 21811
11009 1401 13354
13354 1401 11009
1401 11009 13354
7961 6244 8821
6244 7961 8821
8821 6244 7961
2945 2485 9656
9656 2485 2945
2485 2945 9656
8379 9182 23521
9182 8379 23521
23521 8379 9182
2545 6578 23531
6578 2545 23531
23531 2545 6578
16735 8050 21526
21526 8050 16735
8050 16735 21526
17582 9887 20864
9887 17582 20864
20864 9887 17582
19087 488 24375
24375 488 19087
488 19087 24375
25011 2099 16721
2099 16721 25011
16721 2099 25011
29836 5108 17392
5108 17392 29836
17392 5108 29836
16210 2289 25202
25202 2289 16210
2289 16210 25202
21541 10701 23727
23727 10701 21541
10701 21541 23727
25028 16134 24858
24858 16134 25028
16134 24858 25028
7514 17311 21991
17311 7514 21991
21991 7514 17311
17937 11763 20769
20769 11763 17937
11763 17937 20769
6238 15065 22085
15065 6238 22085
22085 6238 15065
2125 3711 3802
3802 2125 3711
3711 2125 3802
19231 1309 29779
29779 1309 19231
1309 19231 29779
11862 829 3864
829 3864 11862
3864 829 11862
12203 500 17928
17928 500 12203
500 12203 17928
5085 5438 23977
5438 5085 23977
23977 5085 5438
20222 24439 26961
24439 20222 26961
26961 20222 24439
11082 16811 18429
18429 11082 16811
16811 11082 18429
19473 23640 24579
23640 19473 24579
24579 19473 23640
19731 12014 27446
27446 12014 19731
12014 19731 27446
8393 352 22538
22538 352 8393
352 8393 22538
1995 4232 21490
21490 1995 4232
4232 1995 21490
20703 4413 5414
5414 4413 20703
4413 5414 20703
14430 24181 29928
29928 14430 24181
24181 14430 29928
17300 1422 13501
13501 1422 17300
1422 13501 17300
22960 17086 17968
17086 17968 22960
17968 17086 22960
10631 9839 14744
9839 10631 14744
14744 9839 10631
8403 8140 12106
12106 8140 8403
8140 8403 12106
17554 2145 5538
2145 5538 17554
5538 2145 17554
9350 22330 25796
25796 9350 22330
22330 9350 25796
8358 4375 11314
4375 8358 11314
11314 4375 8358
12407 15653 19273
15653 12407 19273
19273 12407 15653
21743 6783 27108
6783 21743 27108
27108 6783 21743
24186 12500 27851
27851 12500 24186
12500 24186 27851
9096 20187 29120
29120 9096 20187
20187 9096 29120
78 7148 27268
7148 78 27268
27268 78 7148
13619 19105 21753
19105 13619 21753
21753 13619 19105
23661 2002 26507
2002 23661 26507
26507 2002 23661
18392 18355 28670
18355 18392 28670
28670 18355 18392
24309 5051 24276
24276 5051 24309
5051 24276 24309
23716 17809 24105
17809 23716 24105
24105 17809 23716
22310 16554 28307
16554 22310 28307
28307 16554 22310
13562 5280 11972
11972 5280 13562
5280 11972 13562
25841 8670 14401
8670 14401 25841
14401 8670 25841
25688 6932 24624
24624 6932 25688
6932 24624 25688
28095 9854 22590
9854 22590 28095
22590 9854 28095
26443 1289 6476
1289 6476 26443
6476 1289 26443
29414 6488 7204
6488 7204 29414
7204 6488 29414
14239 5267 5708
5708 5267 14239
5267 5708 14239
14885 1304 16676
16676 1304 14885
1304 14885 16676
3253 4746 25287
4746 3253 25287
25287 3253 4746
26759 1057 26799
26799 1057 26759
1057 26759 26799
17608 17904 20660
17904 17608 20660
20660 17608 17904
22692 2127 12679
12679 2127 22692
2127 12679 22692
6267 6490 16143
16143 6267 6490
6490 6267 16143
23397 1492 12285
1492 12285 23397
12285 1492 23397
27142 4759 11287
11287 4759 27142
4759 11287 27142
27857 25589 27706
25589 27706 27857
27706 25589 27857
27735 5817 20033
5817 20033 27735
20033 5817 27735
16206 4391 10904
10904 4391 16206
4391 10904 16206
9941 6808 26962
26962 6808 9941
6808 9941 26962
21478 11836 17832
11836 17832 21478
17832 11836 21478
16601 13757 23927
13757 16601 23927
23927 13757 16601
11532 11540 23254
11540 11532 23254
23254 11532 11540
28578 7669 27668
7669 27668 28578
27668 7669 28578
7877 5642 20974
20974 5642 7877
5642 7877 20974
9601 10543 15576
10543 9601 15576
15576 9601 10543
17338 17375 28765
17375 17338 28765
28765 17338 17375
10359 26387 29532
26387 10359 29532
29532 10359 26387
15126 9903 23369
23369 9903 15126
9903 15126 23369
11168 4525 24355
4525 11168 24355
24355 4525 11168
18422 6928 23864
23864 6928 18422
6928 18422 23864
3905 12397 26825
12397 3905 26825
26825 3905 12397
12398 20669 22891
22891 12398 20669
20669 12398 22891
21262 16092 19287
16092 19287 21262
19287 16092 21262
17585 8822 21358
21358 8822 17585
8822 17585 21358
13886 7178 15175
7178 13886 15175
15175 7178 13886
11970 4583 13983
4583 11970 13983
13983 4583 11970
13252 13726 23937
23937 13252 13726
13726 13252 23937
24040 9571 15925
9571 15925 24040
15925 9571 24040
18084 3666 23922
3666 18084 23922
23922 3666 18084
5696 11931 28005
11931 5696 28005
28005 5696 11931
10171 9969 24319
9969 10171 24319
24319 9969 10171
28309 2931 21711
2931 21711 28309
21711 2931 28309
19056 1747 1774
1747 1774 19056
1774 1747 19056
16523 19725 22898
22898 16523 19725
19725 16523 22898
21458 13759 21031
13759 21031 21458
21031 13759 21458
14175 1852 25830
1852 14175 25830
25830 1852 14175
8253 5728 25304
5728 8253 25304
25304 5728 8253
29801 20005 28996
20005 28996 29801
28996 20005 29801
14696 10119 28325
28325 10119 14696
10119 14696 28325
1911 648 3523
3523 648 1911
648 1911 3523
12744 4572 19865
19865 4572 12744
4572 12744 19865
23139 19750 25729
19750 23139 25729
25729 19750 23139
8591 10559 28894
10559 8591 28894
28894 8591 10559
7323 23225 28351
28351 7323 23225
23225 7323 28351
14710 22039 24552
22039 14710 24552
24552 14710 22039
3294 19178 28613
28613 3294 19178
19178 3294 28613
22213 13229 17386
17386 13229 22213
13229 17386 22213
1496 19526 27790
27790 1496 19526
19526 1496 27790
19041 10659 15651
10659 15651 19041
15651 10659 19041
5800 717 2098
2098 717 5800
717 2098 5800
26339 7368 9222
7368 9222 26339
9222 7368 26339
25777 354 20454
20454 354 25777
354 20454 25777
23924 16287 21120
16287 21120 23924
21120 16287 23924
10765 5608 20345
20345 5608 10765
5608 10765 20345
24771 3431 27427
3431 24771 27427
27427 3431 24771
24380 19772 29277
29277 19772 24380
19772 24380 29277
19503 5587 26305
26305 5587 19503
5587 19503 26305
29499 13758 16112
16112 13758 29499
13758 16112 29499
17870 17243 29936
29936 17243 17870
17243 17870 29936
2951 7428 28632
7428 2951 28632
28632 2951 7428
28860 4685 13855
13855 4685 28860
4685 13855 28860
28874 1572 2730
2730 1572 28874
1572 2730 28874
22217 7992 9740
7992 9740 22217
9740 7992 22217
12199 9437 24765
9437 12199 24765
24765 9437 12199
16513 19827 29624
29624 16513 19827
19827 16513 29624
1151 471 29427
29427 471 1151
471 1151 29427
20924 362 7151
362 7151 20924
7151 362 20924
12287 1748 11612
11612 1748 12287
1748 11612 12287
19577 555 3208
3208 555 19577
555 3208 19577
9297 798 18738
18738 798 9297
798 9297 18738
4797 15952 16939
15952 4797 16939
16939 4797 15952
10783 1493 20554
1493 10783 20554
20554 1493 10783
15630 293 6650
293 6650 15630
6650 293 15630
7654 6033 13191
6033 7654 13191
13191 6033 7654
13002 8688 11910
11910 8688 13002
8688 11910 13002
11702 2086 13232
13232 2086 11702
2086 11702 13232
3944 13277 18096
18096 3944 13277
13277 3944 18096
17095 15635 26065
15635 17095 26065
26065 15635 17095
7512 112 18276
112 7512 18276
18276 112 7512
29630 23574 24773
24773 23574 29630
23574 24773 29630
28463 116 26714
116 26714 28463
26714 116 28463
10041 669 11030
669 10041 11030
11030 669 10041
28177 4767 11690
11690 4767 28177
4767 11690 28177
4255 13811 29539
29539 4255 13811
13811 4255 29539
3341 4040 24750
4040 3341 24750
24750 3341 4040
19148 4453 25992
25992 4453 19148
4453 19148 25992
10523 10850 13784
10850 10523 13784
13784 10523 10850
16237 6508 19785
6508 16237 19785
19785 6508 16237
9585 24440 29276
24440 9585 29276
29276 9585 24440
18327 14642 27466
14642 18327 27466
27466 14642 18327
19928 3186 12341
12341 3186 19928
3186 12341 19928
24289 21943 26901
21943 24289 26901
26901 21943 24289
28007 15184 19187
19187 15184 28007
15184 19187 28007
23560 14075 23185
23185 14075 23560
14075 23185 23560
9589 15632 18353
15632 9589 18353
18353 9589 15632
29918 928 7320
928 7320 29918
7320 928 29918
1112 1711 6699
1711 1112 6699
6699 1112 1711
16241 20817 23969
20817 16241 23969
23969 16241 20817
1508 2918 18448
2918 1508 18448
18448 1508 2918
29147 20287 23036
23036 20287 29147
20287 23036 29147
13474 3250 18469
3250 13474 18469
18469 3250 13474
8861 7999 20840
20840 7999 8861
7999 8861 20840
23062 12871 14904
12871 14904 23062
14904 12871 23062
25379 12821 14499
14499 12821 25379
12821 14499 25379
19721 8210 10450
10450 8210 19721
8210 10450 19721
19217 6273 10680
10680 6273 19217
6273 10680 19217
6215 1298 26286
1298 6215 26286
26286 1298 6215
4932 553 7915
7915 553 4932
553 4932 7915
18140 21841 29333
29333 18140 21841
21841 18140 29333
23345 15773 27040
27040 15773 23345
15773 23345 27040
14514 1009 7559
7559 1009 14514
1009 7559 14514
23799 24230 24488
24230 23799 24488
24488 23799 24230
14359 6373 20369
6373 14359 20369
20369 6373 14359
7795 14152 22631
22631 7795 14152
14152 7795 22631
1441 236 19366
19366 236 1441
236 1441 19366
9704 24036 29809
24036 9704 29809
29809 9704 24036
22971 8054 26929
26929 8054 22971
8054 22971 26929
622 9685 20374
9685 622 20374
20374 622 9685
21492 14661 29130
29130 14661 21492
14661 21492 29130
4964 8438 28182
28182 4964 8438
8438 4964 28182
3837 8155 18872
18872 3837 8155
8155 3837 18872
25434 16165 18445
16165 18445 25434
18445 16165 25434
14777 16009 21313
16009 14777 21313
21313 14777 16009
16604 7523 22684
22684 7523 16604
7523 16604 22684
17517 10844 13951
10844 13951 17517
13951 10844 17517
19597 3701 15487
3701 15487 19597
15487 3701 19597
3835 11519 22568
11519 3835 22568
22568 3835 11519
22873 6428 22922
22922 6428 22873
6428 22873 22922
11860 14784 16732
14784 11860 16732
16732 11860 14784
18591 3444 3918
3444 3918 18591
3918 3444 18591
17030 1340 17954
1340 17030 17954
17954 1340 17030
8622 5533 21963
5533 8622 21963
21963 5533 8622
18204 3262 28833
28833 3262 18204
3262 18204 28833
17396 20183 25174
20183 17396 25174
25174 17396 20183
20139 6200 19490
19490 6200 20139
6200 19490 20139
21414 11902 13782
13782 11902 21414
11902 13782 21414
10449 6784 13701
6784 10449 13701
13701 6784 10449
29944 17698 29776
17698 29776 29944
29776 17698 29944
15704 15154 22573
15154 15704 22573
22573 15154 15704
21766 11187 17538
11187 17538 21766
17538 11187 21766
13307 5719 16684
16684 5719 13307
5719 13307 16684
16352 77 23714
77 16352 23714
23714 77 16352
23914 19601 29819
29819 19601 23914
19601 23914 29819
12373 7883 16722
7883 12373 16722
16722 7883 12373
16323 3124 21723
3124 16323 21723
21723 3124 16323
25761 4565 28985
28985 4565 25761
4565 25761 28985
2272 4191 12714
4191 2272 12714
12714 2272 4191
24726 9092 21781
9092 21781 24726
21781 9092 24726
28434 17487 27428
27428 17487 28434
17487 27428 28434
27716 5227 21116
21116 5227 27716
5227 21116 27716
8978 11460 24520
11460 8978 24520
24520 8978 11460
7454 6569 26449
26449 6569 7454
6569 7454 26449
7115 858 11245
11245 858 7115
858 7115 11245
17296 27602 27894
27602 17296 27894
27894 17296 27602
10189 20988 23655
23655 10189 20988
20988 10189 23655
4133 14247 21146
21146 4133 14247
14247 4133 21146
15768 11367 18477
18477 11367 15768
11367 15768 18477
10389 6055 25343
6055 10389 25343
25343 6055 10389
19701 19412 20290
20290 19412 19701
19412 19701 20290
19707 546 11961
546 11961 19707
11961 546 19707
13325 26399 27400
27400 13325 26399
26399 13325 27400
22667 3970 13372
13372 3970 22667
3970 13372 22667
10590 1102 25534
25534 1102 10590
1102 10590 25534
22412 5425 13112
13112 5425 22412
5425 13112 22412
10071 1703 15683
1703 10071 15683
15683 1703 10071
19428 21761 25010
25010 19428 21761
21761 19428 25010
3234 17854 29436
29436 3234 17854
17854 3234 29436
29154 4018 5956
5956 4018 29154
4018 5956 29154
19902 6348 21168
21168 6348 19902
6348 19902 21168
23294 13027 25032
13027 23294 25032
25032 13027 23294
13283 2968 28584
2968 13283 28584
28584 2968 13283
6945 3618 4121
4121 3618 6945
3618 4121 6945
2954 7956 22668
22668 2954 7956
7956 2954 22668
16130 20138 23796
23796 16130 20138
20138 16130 23796
23327 8572 10382
10382 8572 23327
8572 10382 23327
11439 3921 20514
3921 11439 20514
20514 3921 11439
12240 1693 24306
24306 1693 12240
1693 12240 24306
3774 7894 26285
26285 3774 7894
7894 3774 26285
11574 9196 22521
22521 9196 11574
9196 11574 22521
17810 18393 20580
20580 17810 18393
18393 17810 20580
11572 856 12366
12366 856 11572
856 11572 12366
21244 8788 16201
8788 16201 21244
16201 8788 21244
10217 15373 18218
15373 10217 18218
18218 10217 15373
23621 19617 27441
27441 19617 23621
19617 23621 27441
22402 28424 28988
28988 22402 28424
28424 22402 28988
20530 5399 14612
5399 14612 20530
14612 5399 20530
29931 16600 29151
16600 29151 29931
29151 16600 29931
5482 15558 27585
15558 5482 27585
27585 5482 15558
22162 22219 29820
29820 22162 22219
22219 22162 29820
25257 5952 18043
5952 18043 25257
18043 5952 25257
5886 8426 24168
8426 5886 24168
24168 5886 8426
20822 20279 24976
24976 20279 20822
20279 20822 24976
13908 3305 14046
3305 13908 14046
14046 3305 13908
20958 4298 6465
4298 6465 20958
6465 4298 20958
1446 10365 13198
13198 1446 10365
10365 1446 13198
21759 4837 7637
4837 7637 21759
7637 4837 21759
5677 389 7084
389 5677 7084
7084 389 5677
29365 623 9617
623 9617 29365
9617 623 29365
23601 3978 8414
3978 8414 23601
8414 3978 23601
18268 5095 29606
29606 5095 18268
5095 18268 29606
21932 114 26577
114 21932 26577
26577 114 21932
6566 16954 26439
16954 6566 26439
26439 6566 16954
13822 13380 20993
20993 13380 13822
13380 13822 20993
10925 18759 29190
18759 10925 29190
29190 10925 18759
1301 17674 18831
17674 1301 18831
18831 1301 17674
8441 14669 16264
14669 8441 16264
16264 8441 14669
11909 1226 18405
1226 11909 18405
18405 1226 11909
24018 9988 22973
9988 22973 24018
22973 9988 24018
11758 2491 20340
2491 11758 20340
20340 2491 11758
29999 6570 28587
6570 28587 29999
28587 6570 29999
20468 5822 20463
20463 5822 20468
5822 20463 20468
14353 6843 8529
8529 6843 14353
6843 8529 14353
13833 18983 29603
18983 13833 29603
29603 13833 18983
17497 207 5796
207 5796 17497
5796 207 17497
18016 4595 15493
15493 4595 18016
4595 15493 18016
6781 4260 4396
4260 4396 6781
4396 4260 6781
11845 1883 3281
1883 3281 11845
3281 1883 11845
7499 14838 17826
14838 7499 17826
17826 7499 14838
29158 16981 26212
26212 16981 29158
16981 26212 29158
26674 2131 22601
2131 22601 26674
22601 2131 26674
16476 788 24523
788 16476 24523
24523 788 16476
5733 5752 19247
5752 5733 19247
19247 5733 5752
16716 6115 24816
24816 6115 16716
6115 16716 24816
14202 16041 24936
24936 14202 16041
16041 14202 24936
13839 8096 8894
8096 8894 13839
8894 8096 13839
7673 16270 18450
16270 7673 18450
18450 7673 16270
25054 4248 25502
25502 4248 25054
4248 25054 25502
1577 5737 16784
16784 1577 5737
5737 1577 16784
19687 21 15266
15266 21 19687
21 15266 19687
28380 17632 20724
20724 17632 28380
17632 20724 28380
15517 24330 28123
24330 15517 28123
28123 15517 24330
24422 2589 2860
2860 2589 24422
2589 2860 24422
21096 2667 21998
21998 2667 21096
2667 21096 21998
22990 8373 28154
8373 22990 28154
28154 8373 22990
444 4845 7850
4845 444 7850
7850 444 4845
6176 17240 24918
24918 6176 17240
17240 6176 24918
13797 9614 13217
9614 13217 13797
13217 9614 13797
23326 11847 24588
24588 11847 23326
11847 23326 24588
14323 15261 25262
15261 14323 25262
25262 14323 15261
3303 15860 23952
15860 3303 23952
23952 3303 15860
25326 22416 29907
29907 22416 25326
22416 25326 29907
4855 7653 9705
7653 4855 9705
9705 4855 7653
25556 20933 28997
28997 20933 25556
20933 25556 28997
9777 5652 8384
5652 8384 9777
8384 5652 9777
24906 18786 27161
27161 18786 24906
18786 24906 27161
4805 20776 24165
24165 4805 20776
20776 4805 24165
15975 1430 15268
15268 1430 15975
1430 15268 15975
21568 17684 29200
29200 17684 21568
17684 21568 29200
24722 13544 25190
25190 13544 24722
13544 24722 25190
586 5781 24869
5781 586 24869
24869 586 5781
21453 5798 17995
17995 5798 21453
5798 17995 21453
26943 9081 23433
9081 23433 26943
23433 9081 26943
29696 13633 18681
13633 18681 29696
18681 13633 29696
5486 15748 24032
24032 5486 15748
15748 5486 24032
27335 3363 3885
3363 3885 27335
3885 3363 27335
4467 12668 28223
12668 4467 28223
28223 4467 12668
4373 4516 16168
4516 4373 16168
16168 4373 4516
2806 27897 27939
27897 2806 27939
27939 2806 27897
29020 2846 27426
27426 2846 29020
2846 27426 29020
5560 6901 22414
22414 5560 6901
6901 5560 22414
6042 14725 19059
14725 6042 19059
19059 6042 14725
7098 19062 19792
19062 7098 19792
19792 7098 19062
3022 12625 27700
12625 3022 27700
27700 3022 12625
16541 3599 10419
3599 10419 16541
10419 3599 16541
18873 6336 19492
19492 6336 18873
6336 18873 19492
29981 18663 28303
18663 28303 29981
28303 18663 29981
19856 7135 15054
7135 15054 19856
15054 7135 19856
13538 9071 22301
9071 13538 22301
22301 9071 13538
14830 23361 23554
23361 14830 23554
23554 14830 23361
10169 12236 27613
12236 10169 27613
27613 10169 12236
6018 4267 26536
4267 6018 26536
26536 4267 6018
6228 900 28594
28594 900 6228
900 6228 28594
864 848 24432
848 864 24432
24432 848 864
2336 23619 26673
23619 2336 26673
26673 2336 23619
9426 2647 16325
16325 2647 9426
2647 9426 16325
3912 75 19582
19582 75 3912
75 3912 19582
18019 7220 29855
7220 18019 29855
29855 7220 18019
2176 3113 17117
17117 2176 3113
3113 2176 17117
25227 11151 11169
11151 11169 25227
11169 11151 25227
13952 4529 7163
4529 7163 13952
7163 4529 13952
21353 2818 13290
2818 13290 21353
13290 2818 21353
2501 10420 25269
25269 2501 10420
10420 2501 25269
17008 2034 27826
27826 2034 17008
2034 17008 27826
9737 2845 10985
10985 2845 9737
2845 9737 10985
25298 6006 21703
21703 6006 25298
6006 21703 25298
14064 8611 18541
18541 8611 14064
8611 14064 18541
3370 22438 26905
22438 3370 26905
26905 3370 22438
18590 16880 20214
20214 16880 18590
16880 18590 20214
22574 2571 14631
2571 14631 22574
14631 2571 22574
26587 5034 12918
12918 5034 26587
5034 12918 26587
12196 11000 20362
11000 12196 20362
20362 11000 12196
19076 16687 19628
19628 16687 19076
16687 19076 19628
16553 10826 15146
10826 15146 16553
15146 10826 16553
10983 8727 18742
8727 10983 18742
18742 8727 10983
16982 26313 29785
26313 16982 29785
29785 16982 26313
2392 7884 12126
12126 2392 7884
7884 2392 12126
1005 9395 22948
9395 1005 22948
22948 1005 9395
24500 3621 18145
18145 3621 24500
3621 18145 24500
21357 1004 5895
5895 1004 21357
1004 5895 21357
13796 14742 25858
25858 13796 14742
14742 13796 25858
13351 1569 23980
1569 13351 23980
23980 1569 13351
1734 3016 5531
3016 1734 5531
5531 1734 3016
6858 7657 27411
7657 6858 27411
27411 6858 7657
24010 3856 4710
4710 3856 24010
3856 4710 24010
13554 5453 13706
5453 13554 13706
13706 5453 13554
12646 22929 29810
29810 12646 22929
22929 12646 29810
21192 5574 17220
17220 5574 21192
5574 17220 21192
9459 24399 28922
24399 9459 28922
28922 9459 24399
6684 2083 13180
2083 6684 13180
13180 2083 6684
21224 131 2827
131 2827 21224
2827 131 21224
8188 4997 10372
10372 4997 8188
4997 8188 10372
9535 4520 21907
4520 9535 21907
21907 4520 9535
18910 4021 14933
14933 4021 18910
4021 14933 18910
3557 3362 4566
3362 3557 4566
4566 3362 3557
15928 8752 19229
8752 15928 19229
19229 8752 15928
11571 231 6762
6762 231 11571
231 6762 11571
24504 13076 16435
16435 13076 24504
13076 16435 24504
21775 20700 29405
29405 20700 21775
20700 21775 29405
4412 3790 20677
20677 3790 4412
3790 4412 20677
18792 10207 21792
21792 10207 18792
10207 18792 21792
7519 13764 13945
13945 7519 13764
13764 7519 13945
4774 13503 28823
28823 4774 13503
13503 4774 28823
206 23774 29041
29041 206 23774
23774 206 29041
23582 5137 11949
11949 5137 23582
5137 11949 23582
28892 1365 28690
28690 1365 28892
1365 28690 28892
12408 2579 19804
2579 12408 19804
19804 2579 12408
5268 15253 17216
17216 5268 15253
15253 5268 17216
1847 14641 23545
14641 1847 23545
23545 1847 14641
22425 8306 14305
8306 14305 22425
14305 8306 22425
21889 5871 27678
27678 5871 21889
5871 21889 27678
26452 2727 22903
2727 22903 26452
22903 2727 26452
24679 6239 22666
6239 22666 24679
22666 6239 24679
18153 3391 10082
3391 10082 18153
10082 3391 18153
9226 6251 27493
27493 6251 9226
6251 9226 27493
8112 1451 27616
1451 8112 27616
27616 1451 8112
94 18514 23880
23880 94 18514
18514 94 23880
281 5827 19118
19118 281 5827
5827 281 19118
703 18779 25573
18779 703 25573
25573 703 18779
26760 14338 14365
14365 14338 26760
14338 14365 26760
26132 2473 17621
17621 2473 26132
2473 17621 26132
431 107 26131
107 431 26131
26131 107 431
20312 2815 18453
18453 2815 20312
2815 18453 20312
12204 6437 11348
11348 6437 12204
6437 11348 12204
20172 9866 14271
9866 14271 20172
14271 9866 20172
22033 1196 7907
7907 1196 22033
1196 7907 22033
10632 816 26493
816 10632 26493
26493 816 10632
1400 10519 24825
24825 1400 10519
10519 1400 24825
1640 18471 26766
18471 1640 26766
26766 1640 18471
12109 15571 24745
24745 12109 15571
15571 12109 24745
1757 675 29854
29854 675 1757
675 1757 29854
2408 1609 28441
1609 2408 28441
28441 1609 2408
