677 899 2645
899 677 2645
2645 677 899
2749 1371 1895
1895 1371 2749
1371 1895 2749
819 338 660
660 338 819
338 660 819
1437 1351 1548
1548 1351 1437
1351 1437 1548
419 688 1562
688 419 1562
1562 419 688
189 1308 1968
1968 189 1308
1308 189 1968
1484 1467 2604
1467 1484 2604
2604 1467 1484
2215 1413 2592
1413 2215 2592
2592 1413 2215
1089 42 2690
42 1089 2690
2690 42 1089
2405 863 2694
863 2405 2694
2694 863 2405
923 580 2710
580 923 2710
2710 580 923
1588 176 1992
176 1588 1992
1992 176 1588
2679 477 1054
1054 477 2679
477 1054 2679
1697 400 1657
1657 400 1697
400 1657 1697
2011 1639 1852
1639 1852 2011
1852 1639 2011
158 405 1537
1537 158 405
405 158 1537
1137 977 2806
977 1137 2806
2806 977 1137
1161 1291 2208
1291 1161 2208
2208 1161 1291
707 255 418
418 255 707
255 418 707
1108 662 1725
662 1108 1725
1725 662 1108
2718 44 1146
44 1146 2718
1146 44 2718
2202 93 238
238 93 2202
93 238 2202
554 761 2031
2031 554 761
761 554 2031
2554 865 1432
865 1432 2554
1432 865 2554
2751 1255 2449
2449 1255 2751
1255 2449 2751
348 68 2700
68 348 2700
2700 68 348
1074 1112 2760
2760 1074 1112
1112 1074 2760
1781 1655 2242
2242 1655 1781
1655 1781 2242
1033 1487 2676
1487 1033 2676
2676 1033 1487
156 893 1508
893 156 1508
1508 156 893
1345 501 1859
1859 501 1345
501 1345 1859
2768 1410 1557
1557 1410 2768
1410 1557 2768
139 444 1996
444 139 1996
1996 139 444
945 2385 2630
2385 945 2630
2630 945 2385
995 1175 2663
2663 995 1175
1175 995 2663
937 2370 2407
2370 937 2407
2407 937 2370
75 650 1408
650 75 1408
1408 75 650
1350 2304 2517
2304 1350 2517
2517 1350 2304
2102 244 2287
2287 244 2102
244 2102 2287
765 396 1711
1711 396 765
396 765 1711
2253 2469 2611
2611 2253 2469
2469 2253 2611
2486 1828 2250
2250 1828 2486
1828 2250 2486
394 649 1093
1093 394 649
649 394 1093
1581 1566 2633
1566 1581 2633
2633 1566 1581
600 1604 2832
2832 600 1604
1604 600 2832
2801 16 1086
16 1086 2801
1086 16 2801
2860 33 447
447 33 2860
33 447 2860
2120 312 2977
2977 312 2120
312 2120 2977
126 62 1717
62 126 1717
1717 62 126
2803 1510 1780
1780 1510 2803
1510 1780 2803
2820 2308 2816
2816 2308 2820
2308 2816 2820
2968 1795 2284
1795 2284 2968
2284 1795 2968
1008 112 2174
112 1008 2174
2174 112 1008
1913 1519 1730
1519 1730 1913
1730 1519 1913
2515 174 2872
2872 174 2515
174 2515 2872
236 248 3000
3000 236 248
248 236 3000
1211 733 2793
2793 733 1211
733 1211 2793
951 111 2470
111 951 2470
2470 111 951
1619 1691 1806
1806 1619 1691
1691 1619 1806
355 340 855
340 355 855
855 340 355
901 1899 2857
1899 901 2857
2857 901 1899
1900 1662 1804
1804 1662 1900
1662 1804 1900
2892 1529 2997
2997 1529 2892
1529 2892 2997
2195 892 1748
1748 892 2195
892 1748 2195
2934 13 2665
2665 13 2934
13 2665 2934
2623 1098 2903
2903 1098 2623
1098 2623 2903
1742 1209 2927
1209 1742 2927
2927 1209 1742
2914 127 2739
127 2739 2914
2739 127 2914
86 1055 2890
2890 86 1055
1055 86 2890
579 1807 2345
1807 579 2345
2345 579 1807
1565 113 2960
2960 113 1565
113 1565 2960
2248 1079 1550
1550 1079 2248
1079 1550 2248
2212 918 1874
1874 918 2212
918 1874 2212
2023 859 2080
859 2023 2080
2080 859 2023
2789 159 1769
1769 159 2789
159 1769 2789
384 994 1847
994 384 1847
1847 384 994
2719 639 1877
639 1877 2719
1877 639 2719
1380 2418 2485
2485 1380 2418
2418 1380 2485
1520 203 2595
203 1520 2595
2595 203 1520
1179 1988 2773
2773 1179 1988
1988 1179 2773
1110 597 2875
2875 597 1110
597 1110 2875
1991 781 2168
2168 781 1991
781 1991 2168
1545 114 502
502 114 1545
114 502 1545
2188 1572 2738
2738 1572 2188
1572 2188 2738
1180 2408 2505
2505 1180 2408
2408 1180 2505
493 888 2143
2143 493 888
888 493 2143
1624 41 2609
41 1624 2609
2609 41 1624
2673 310 1819
1819 310 2673
310 1819 2673
2508 599 2655
599 2508 2655
2655 599 2508
2479 393 2118
393 2118 2479
2118 393 2479
2356 1337 1526
1526 1337 2356
1337 1526 2356
2056 342 1544
1544 342 2056
342 1544 2056
2019 1367 2974
1367 2019 2974
2974 1367 2019
1356 724 1713
1713 724 1356
724 1356 1713
1039 1290 2520
2520 1039 1290
1290 1039 2520
2327 959 1061
1061 959 2327
959 1061 2327
536 433 1066
1066 433 536
433 536 1066
835 615 2206
2206 615 835
615 835 2206
1749 818 2097
818 1749 2097
2097 818 1749
548 693 1687
1687 548 693
693 548 1687
1182 675 1815
675 1182 1815
1815 675 1182
1073 2420 2821
2420 1073 2821
2821 1073 2420
2003 1397 2639
2639 1397 2003
1397 2003 2639
2318 887 1147
887 1147 2318
1147 887 2318
371 373 1649
1649 371 373
373 371 1649
942 729 2909
2909 729 942
729 942 2909
292 1870 2687
2687 292 1870
1870 292 2687
2012 1659 1970
1659 1970 2012
1970 1659 2012
2158 1160 2557
2557 1160 2158
1160 2158 2557
1735 2569 2659
2659 1735 2569
2569 1735 2659
2684 517 2317
2317 517 2684
517 2317 2684
1994 1185 2142
1185 1994 2142
2142 1185 1994
769 1260 2148
2148 769 1260
1260 769 2148
2018 2240 2626
2240 2018 2626
2626 2018 2240
1901 372 2297
2297 372 1901
372 1901 2297
1343 516 2290
2290 516 1343
516 1343 2290
1044 676 1732
676 1044 1732
1732 676 1044
602 965 1660
965 602 1660
1660 602 965
841 1104 1665
1104 841 1665
1665 841 1104
590 1575 2293
1575 590 2293
2293 590 1575
11 21 2216
21 11 2216
2216 11 21
1403 1471 2723
1471 1403 2723
2723 1403 1471
390 1672 1678
1672 390 1678
1678 390 1672
223 180 2374
2374 180 223
180 223 2374
2532 260 1439
260 1439 2532
1439 260 2532
2032 1002 1420
1420 1002 2032
1002 1420 2032
878 1051 2668
2668 878 1051
1051 878 2668
247 881 1963
1963 247 881
881 247 1963
2994 227 605
227 605 2994
605 227 2994
593 1196 1416
1196 593 1416
1416 593 1196
1569 1101 1956
1956 1101 1569
1101 1569 1956
2971 251 2669
2669 251 2971
251 2669 2971
1141 1078 2606
1078 1141 2606
2606 1078 1141
458 472 2513
2513 458 472
472 458 2513
2555 2137 2523
2523 2137 2555
2137 2523 2555
1719 1313 1821
1313 1719 1821
1821 1313 1719
2191 2383 2680
2383 2191 2680
2680 2191 2383
2913 193 287
287 193 2913
193 287 2913
76 123 202
123 76 202
202 76 123
2898 2146 2713
2146 2713 2898
2713 2146 2898
1894 482 542
482 542 1894
542 482 1894
1018 2162 2268
2268 1018 2162
2162 1018 2268
2786 291 413
413 291 2786
291 413 2786
410 850 2597
2597 410 850
850 410 2597
1381 1546 1558
1546 1381 1558
1558 1381 1546
2004 181 1554
181 1554 2004
1554 181 2004
1006 911 2895
911 1006 2895
2895 911 1006
595 264 910
910 264 595
264 595 910
1075 1919 2236
1919 1075 2236
2236 1075 1919
2172 1349 1576
1349 1576 2172
1576 1349 2172
2110 808 1082
1082 808 2110
808 1082 2110
1857 526 1763
526 1763 1857
1763 526 1857
2016 1068 1231
1068 1231 2016
1231 1068 2016
870 1966 1978
1966 870 1978
1978 870 1966
2033 2279 2316
2316 2033 2279
2279 2033 2316
306 583 652
652 306 583
583 306 652
2493 976 1979
1979 976 2493
976 1979 2493
1428 640 924
640 924 1428
924 640 1428
1478 1751 2237
2237 1478 1751
1751 1478 2237
831 578 768
578 768 831
768 578 831
263 1235 1984
1235 263 1984
1984 263 1235
170 1035 1076
1035 170 1076
1076 170 1035
2755 970 2944
970 2755 2944
2944 970 2755
1547 1119 1906
1906 1119 1547
1119 1547 1906
335 706 734
706 335 734
734 335 706
979 352 1106
352 979 1106
1106 352 979
2017 812 1064
1064 812 2017
812 1064 2017
562 459 745
459 562 745
745 459 562
847 362 1433
362 847 1433
1433 362 847
1140 358 958
358 958 1140
958 358 1140
245 1764 2923
1764 245 2923
2923 245 1764
1595 1614 1825
1614 1595 1825
1825 1595 1614
967 497 2561
497 967 2561
2561 497 967
814 234 1216
234 814 1216
1216 234 814
2335 250 760
760 250 2335
250 760 2335
2127 1676 2226
1676 2127 2226
2226 1676 2127
1837 34 2986
34 1837 2986
2986 34 1837
2510 989 1142
989 1142 2510
1142 989 2510
2122 10 2331
2331 10 2122
10 2122 2331
991 1352 2230
2230 991 1352
1352 991 2230
435 191 940
191 435 940
940 191 435
48 2750 2899
2899 48 2750
2750 48 2899
1871 1302 2953
1302 1871 2953
2953 1302 1871
1860 821 983
821 983 1860
983 821 1860
331 60 826
826 60 331
60 331 826
401 256 1786
1786 256 401
256 401 1786
1843 2164 2990
2990 1843 2164
2164 1843 2990
2052 957 1378
1378 957 2052
957 1378 2052
1250 32 2114
2114 32 1250
32 1250 2114
494 47 2189
47 494 2189
2189 47 494
65 422 603
422 65 603
603 65 422
1143 664 1998
1998 664 1143
664 1143 1998
2223 328 1155
328 1155 2223
1155 328 2223
52 416 2897
416 52 2897
2897 52 416
1862 1722 2959
2959 1722 1862
1722 1862 2959
2991 213 522
213 522 2991
522 213 2991
543 1836 2967
2967 543 1836
1836 543 2967
31 1118 2130
1118 31 2130
2130 31 1118
2716 1541 2369
1541 2369 2716
2369 1541 2716
1729 5 2932
5 1729 2932
2932 5 1729
1435 2521 2545
2545 1435 2521
2521 1435 2545
1897 1701 2805
2805 1701 1897
1701 1897 2805
2009 658 2355
658 2009 2355
2355 658 2009
1775 1777 2599
1777 1775 2599
2599 1775 1777
1826 999 1400
999 1400 1826
1400 999 1826
950 2445 2714
2714 950 2445
2445 950 2714
1203 897 1938
1938 897 1203
897 1203 1938
1743 984 2204
2204 984 1743
984 1743 2204
2177 816 1596
816 1596 2177
1596 816 2177
319 1513 2536
1513 319 2536
2536 319 1513
2323 162 1793
1793 162 2323
162 1793 2323
2705 1985 2885
2885 1985 2705
1985 2705 2885
2928 289 2918
289 2918 2928
2918 289 2928
1811 2152 2829
2152 1811 2829
2829 1811 2152
2855 1621 2558
2558 1621 2855
1621 2558 2855
1300 717 2794
2794 717 1300
717 1300 2794
2406 97 904
97 904 2406
904 97 2406
1333 142 1495
1495 142 1333
142 1333 1495
109 665 1999
665 109 1999
1999 109 665
723 277 387
387 277 723
277 387 723
2061 845 956
845 956 2061
956 845 2061
1961 1375 2170
2170 1375 1961
1375 1961 2170
2463 790 2613
790 2463 2613
2613 790 2463
1394 283 2862
2862 283 1394
283 1394 2862
1935 18 2551
18 1935 2551
2551 18 1935
2332 1171 1589
1171 1589 2332
1589 1171 2332
588 1202 2496
1202 588 2496
2496 588 1202
2575 299 2144
2144 299 2575
299 2144 2575
824 907 2836
2836 824 907
907 824 2836
2368 262 2949
2949 262 2368
262 2368 2949
2503 2887 2998
2887 2503 2998
2998 2503 2887
521 1007 2186
1007 521 2186
2186 521 1007
735 1727 1740
1740 735 1727
1727 735 1740
1661 839 1622
1622 839 1661
839 1622 1661
852 555 1336
1336 555 852
555 852 1336
1139 1710 2002
1710 1139 2002
2002 1139 1710
2603 220 1001
1001 220 2603
220 1001 2603
1564 478 1198
1198 478 1564
478 1198 1564
1755 1758 2612
2612 1755 1758
1758 1755 2612
1656 797 2457
797 1656 2457
2457 797 1656
188 851 2931
2931 188 851
851 188 2931
302 99 913
913 99 302
99 302 913
1136 1287 2962
1287 1136 2962
2962 1136 1287
2787 1635 2999
1635 2787 2999
2999 1635 2787
1298 499 2300
2300 499 1298
499 1298 2300
125 1542 1667
1542 125 1667
1667 125 1542
2446 235 2489
235 2446 2489
2489 235 2446
568 106 1332
1332 106 568
106 568 1332
327 828 2006
2006 327 828
828 327 2006
1927 90 2360
2360 90 1927
90 1927 2360
2119 279 1989
1989 279 2119
279 1989 2119
436 365 2939
2939 365 436
365 436 2939
651 49 2049
2049 49 651
49 651 2049
2444 623 719
719 623 2444
623 719 2444
2500 752 1270
752 1270 2500
1270 752 2500
2534 1063 2878
1063 2534 2878
2878 1063 2534
1506 259 2556
259 1506 2556
2556 259 1506
1974 1011 1808
1808 1011 1974
1011 1808 1974
1038 1483 2737
2737 1038 1483
1483 1038 2737
2748 943 1320
943 1320 2748
1320 943 2748
1187 1625 2948
2948 1187 1625
1625 1187 2948
1215 1242 2657
1242 1215 2657
2657 1215 1242
2492 1236 1914
1914 1236 2492
1236 1914 2492
425 462 1264
462 425 1264
1264 425 462
231 253 1062
1062 231 253
253 231 1062
2198 2116 2586
2586 2116 2198
2116 2198 2586
1207 475 1058
475 1058 1207
1058 475 1207
2471 354 2937
2937 354 2471
354 2471 2937
955 403 800
800 403 955
403 800 955
1714 1060 2098
2098 1060 1714
1060 1714 2098
1651 619 834
834 619 1651
619 834 1651
1102 2506 2697
2697 1102 2506
2506 1102 2697
624 449 541
541 449 624
449 541 624
2150 1606 2696
2696 1606 2150
1606 2150 2696
443 1878 1975
1975 443 1878
1878 443 1975
169 480 514
514 169 480
480 169 514
1431 573 960
573 960 1431
960 573 1431
2614 1592 2048
1592 2048 2614
2048 1592 2614
946 1681 2211
2211 946 1681
1681 946 2211
2854 872 2027
872 2027 2854
2027 872 2854
45 1269 2565
1269 45 2565
2565 45 1269
2689 1778 1867
1867 1778 2689
1778 1867 2689
1929 290 2072
2072 290 1929
290 1929 2072
1377 166 1880
166 1377 1880
1880 166 1377
1070 909 1986
909 1070 1986
1986 909 1070
837 103 2584
103 837 2584
2584 103 837
1671 496 2933
496 1671 2933
2933 496 1671
23 2106 2263
2263 23 2106
2106 23 2263
981 515 728
515 728 981
728 515 981
1125 2792 2850
2792 1125 2850
2850 1125 2792
2400 194 1267
1267 194 2400
194 1267 2400
1445 1222 1279
1222 1279 1445
1279 1222 1445
879 448 1770
448 879 1770
1770 448 879
295 1213 2941
2941 295 1213
1213 295 2941
614 518 572
572 518 614
518 572 614
2201 1268 2610
2610 1268 2201
1268 2201 2610
1629 1704 2996
1704 1629 2996
2996 1629 1704
1586 73 2835
73 1586 2835
2835 73 1586
58 779 926
779 58 926
926 58 779
351 1000 1126
1126 351 1000
1000 351 1126
986 634 695
695 634 986
634 695 986
178 2547 2651
2547 178 2651
2651 178 2547
1936 973 2026
973 1936 2026
2026 973 1936
782 2079 2220
2220 782 2079
2079 782 2220
985 525 947
525 947 985
947 525 985
1611 715 2970
2970 715 1611
715 1611 2970
424 369 1494
1494 369 424
369 424 1494
1105 2 1409
2 1105 1409
1409 2 1105
1504 1200 2029
1200 1504 2029
2029 1200 1504
1809 538 1385
538 1385 1809
1385 538 1809
2880 1330 1549
1330 1549 2880
1549 1330 2880
2448 1080 2590
1080 2448 2590
2590 1080 2448
637 1964 2329
1964 637 2329
2329 637 1964
2389 451 1500
1500 451 2389
451 1500 2389
2516 1304 1731
1731 1304 2516
1304 1731 2516
9 1453 2922
1453 9 2922
2922 9 1453
1244 2124 2138
2138 1244 2124
2124 1244 2138
2735 1932 2767
2767 1932 2735
1932 2735 2767
1369 1052 1690
1052 1369 1690
1690 1052 1369
216 2035 2950
2950 216 2035
2035 216 2950
1275 1318 2246
1318 1275 2246
2246 1275 1318
922 1736 2638
2638 922 1736
1736 922 2638
1417 464 2853
464 1417 2853
2853 464 1417
736 1692 1957
1692 736 1957
1957 736 1692
560 175 1593
1593 175 560
175 560 1593
2059 1219 2776
2776 1219 2059
1219 2059 2776
392 1441 2837
2837 392 1441
1441 392 2837
684 1767 2173
2173 684 1767
1767 684 2173
2391 1246 2100
1246 2100 2391
2100 1246 2391
1514 644 1910
1910 644 1514
644 1514 1910
2930 1997 2564
2564 1997 2930
1997 2564 2930
1609 2348 2772
2772 1609 2348
2348 1609 2772
1492 1130 1362
1362 1130 1492
1130 1362 1492
199 1015 2315
1015 199 2315
2315 199 1015
2601 2563 2588
2588 2563 2601
2563 2588 2601
2566 2281 2474
2474 2281 2566
2281 2474 2566
1224 190 711
711 190 1224
190 711 1224
885 2109 2437
2109 885 2437
2437 885 2109
1570 1493 1498
1498 1493 1570
1493 1498 1570
519 363 2270
363 519 2270
2270 363 519
1699 2810 2975
2975 1699 2810
2810 1699 2975
2531 1709 1980
1980 1709 2531
1709 1980 2531
1328 272 1454
1454 272 1328
272 1328 1454
690 1329 2171
2171 690 1329
1329 690 2171
894 1030 1353
1030 894 1353
1353 894 1030
659 1165 2086
1165 659 2086
2086 659 1165
1314 55 2783
55 1314 2783
2783 55 1314
929 441 2455
441 929 2455
2455 441 929
2706 710 1245
1245 710 2706
710 1245 2706
2969 996 1773
996 1773 2969
1773 996 2969
1448 1684 2358
1684 1448 2358
2358 1448 1684
2319 1208 2149
2149 1208 2319
1208 2149 2319
2757 128 484
484 128 2757
128 484 2757
2702 1121 1571
1571 1121 2702
1121 1571 2702
445 905 1456
905 445 1456
1456 445 905
2753 537 2798
537 2753 2798
2798 537 2753
2629 2573 2746
2573 2629 2746
2746 2573 2629
838 964 1184
964 838 1184
1184 838 964
326 1693 2303
2303 326 1693
1693 326 2303
1496 56 2921
2921 56 1496
56 1496 2921
663 1965 2643
1965 663 2643
2643 663 1965
1602 672 2861
2861 672 1602
672 1602 2861
2309 1338 2010
1338 2010 2309
2010 1338 2309
2157 1539 2088
2088 1539 2157
1539 2088 2157
1524 398 1323
398 1323 1524
1323 398 1524
1201 274 1440
274 1201 1440
1440 274 1201
2286 341 954
341 954 2286
954 341 2286
2634 116 304
116 304 2634
304 116 2634
1585 1325 2459
2459 1325 1585
1325 1585 2459
581 317 2249
2249 317 581
317 581 2249
488 1527 2715
2715 488 1527
1527 488 2715
1563 124 1127
1127 124 1563
124 1127 1563
101 136 550
136 101 550
550 101 136
2987 2022 2979
2979 2022 2987
2022 2979 2987
487 569 2064
2064 487 569
569 487 2064
2985 2475 2674
2475 2674 2985
2674 2475 2985
2527 2007 2351
2351 2007 2527
2007 2351 2527
1040 1334 2121
1334 1040 2121
2121 1040 1334
646 1841 2871
2871 646 1841
1841 646 2871
1792 556 2482
2482 556 1792
556 1792 2482
3 423 466
466 3 423
423 3 466
1820 1148 2258
1148 1820 2258
2258 1148 1820
171 454 1752
1752 171 454
454 171 1752
773 1941 2365
2365 773 1941
1941 773 2365
1876 91 1276
91 1276 1876
1276 91 1876
1903 1477 2490
1477 1903 2490
2490 1477 1903
2671 1388 2528
2528 1388 2671
1388 2528 2671
2243 1067 2000
1067 2000 2243
2000 1067 2243
1559 564 697
697 564 1559
564 697 1559
1360 687 2703
687 1360 2703
2703 687 1360
1327 528 1499
1499 528 1327
528 1327 1499
1057 1664 2013
2013 1057 1664
1664 1057 2013
1799 381 2559
2559 381 1799
381 1799 2559
457 417 1698
417 457 1698
1698 417 457
80 1049 2848
1049 80 2848
2848 80 1049
2906 473 2166
2166 473 2906
473 2166 2906
2209 183 589
183 589 2209
589 183 2209
2175 316 1226
1226 316 2175
316 1226 2175
1372 2477 2891
2477 1372 2891
2891 1372 2477
1683 1818 2194
1818 1683 2194
2194 1683 1818
1531 476 1099
1099 476 1531
476 1099 1531
1810 210 900
210 900 1810
900 210 1810
2631 504 2504
504 2504 2631
2504 504 2631
635 1266 1790
1266 635 1790
1790 635 1266
2827 1254 2272
2272 1254 2827
1254 2272 2827
179 269 2336
269 179 2336
2336 179 269
1145 2635 2730
2635 1145 2730
2730 1145 2635
2301 14 332
14 332 2301
332 14 2301
1600 442 2431
2431 442 1600
442 1600 2431
2622 315 2050
315 2050 2622
2050 315 2622
2602 931 1319
931 1319 2602
1319 931 2602
621 353 2550
353 621 2550
2550 353 621
1422 20 82
20 82 1422
82 20 1422
1805 440 2804
2804 440 1805
440 1805 2804
1169 323 1272
323 1169 1272
1272 323 1169
2617 566 788
566 788 2617
788 566 2617
617 204 2147
2147 204 617
204 617 2147
2877 122 129
122 129 2877
129 122 2877
2942 143 1951
143 1951 2942
1951 143 2942
275 2572 2712
2712 275 2572
2572 275 2712
680 411 1950
1950 411 680
411 680 1950
1884 2484 2701
2701 1884 2484
2484 1884 2701
2232 751 2113
751 2113 2232
2113 751 2232
1220 874 2427
874 1220 2427
2427 874 1220
2440 225 456
456 225 2440
225 456 2440
1967 1591 1788
1591 1788 1967
1788 1591 1967
770 357 2576
2576 357 770
357 770 2576
2058 2203 2347
2203 2058 2347
2347 2058 2203
1848 67 146
146 67 1848
67 146 1848
78 1741 2728
2728 78 1741
1741 78 2728
2538 2661 2678
2661 2538 2678
2678 2538 2661
582 718 1534
1534 582 718
718 582 1534
1301 739 1469
739 1301 1469
1469 739 1301
1240 1158 2136
1158 1240 2136
2136 1158 1240
2591 867 2478
2478 867 2591
867 2478 2591
1597 547 1034
547 1034 1597
1034 547 1597
1012 802 2524
2524 802 1012
802 1012 2524
2028 347 2266
2266 347 2028
347 2028 2266
2600 198 2762
198 2600 2762
2762 198 2600
163 395 917
917 163 395
395 163 917
2180 2943 2964
2943 2180 2964
2964 2180 2943
2472 2099 2842
2099 2472 2842
2842 2099 2472
1259 201 206
201 206 1259
206 201 1259
2958 2312 2881
2881 2312 2958
2312 2881 2958
409 311 846
846 311 409
311 409 846
17 840 1299
840 17 1299
1299 17 840
1402 1124 1489
1124 1402 1489
1489 1124 1402
2726 2409 2434
2434 2409 2726
2409 2434 2726
469 1406 2394
1406 469 2394
2394 469 1406
1354 630 2178
630 1354 2178
2178 630 1354
1802 1553 1972
1972 1553 1802
1553 1802 1972
1168 1759 2770
1759 1168 2770
2770 1168 1759
1830 1077 1594
1594 1077 1830
1077 1594 1830
2077 26 420
26 420 2077
420 26 2077
1831 2199 2450
2450 1831 2199
2199 1831 2450
1424 1036 1525
1525 1036 1424
1036 1424 1525
636 226 2648
2648 226 636
226 636 2648
343 861 1636
1636 343 861
861 343 1636
313 232 2363
2363 232 313
232 313 2363
2311 374 2069
2069 374 2311
374 2069 2311
243 150 437
437 150 243
150 243 437
807 1568 2548
1568 807 2548
2548 807 1568
2430 152 1618
152 1618 2430
1618 152 2430
2081 1688 2625
2625 1688 2081
1688 2081 2625
1653 120 1309
120 1309 1653
1309 120 1653
1029 629 2005
629 1029 2005
2005 629 1029
2834 809 1861
1861 809 2834
809 1861 2834
1920 334 902
902 334 1920
334 902 1920
604 481 1933
1933 481 604
481 604 1933
195 1094 2341
1094 195 2341
2341 195 1094
2544 1463 2313
1463 2313 2544
2313 1463 2544
2277 35 2917
2917 35 2277
35 2277 2917
2658 184 2790
184 2658 2790
2790 184 2658
298 140 2382
2382 140 298
140 298 2382
1426 1587 2900
2900 1426 1587
1587 1426 2900
1358 2134 2988
2134 1358 2988
2988 1358 2134
2758 2709 2831
2831 2709 2758
2709 2758 2831
545 2616 2869
2616 545 2869
2869 545 2616
508 2160 2618
2618 508 2160
2160 508 2618
51 1800 1982
1800 51 1982
1982 51 1800
1016 1154 2683
1154 1016 2683
2683 1016 1154
177 607 2488
2488 177 607
607 177 2488
2637 137 1583
1583 137 2637
137 1583 2637
2858 1205 1390
1390 1205 2858
1205 1390 2858
1013 431 2454
2454 431 1013
431 1013 2454
1248 1726 1853
1853 1248 1726
1726 1248 1853
2259 1178 1960
1178 1960 2259
1960 1178 2259
1814 1832 2366
1832 1814 2366
2366 1814 1832
61 465 1685
1685 61 465
465 61 1685
966 1617 1868
1617 966 1868
1868 966 1617
2057 230 832
230 832 2057
832 230 2057
2245 12 914
12 914 2245
914 12 2245
2756 789 1095
789 1095 2756
1095 789 2756
96 815 1844
815 96 1844
1844 96 815
1854 708 2785
2785 708 1854
708 1854 2785
762 339 776
776 339 762
339 762 776
258 1462 1466
1462 258 1466
1466 258 1462
1658 889 2863
889 1658 2863
2863 889 1658
992 1116 1357
1357 992 1116
1116 992 1357
346 2672 2936
2936 346 2672
2672 346 2936
2371 631 2066
631 2066 2371
2066 631 2371
182 2154 2819
2154 182 2819
2819 182 2154
1273 587 997
587 997 1273
997 587 1273
1194 2103 2711
2103 1194 2711
2711 1194 2103
2578 858 2682
2682 858 2578
858 2578 2682
89 829 1391
829 89 1391
1391 89 829
2729 1363 2540
2540 1363 2729
1363 2540 2729
1384 944 2414
2414 944 1384
944 1384 2414
1523 596 1720
596 1523 1720
1720 596 1523
2483 98 772
98 772 2483
772 98 2483
1628 2224 2491
2224 1628 2491
2491 1628 2224
1415 1787 2462
2462 1415 1787
1787 1415 2462
2217 849 1928
1928 849 2217
849 1928 2217
2425 1331 1783
1331 1783 2425
1783 1331 2425
513 1274 2404
1274 513 2404
2404 513 1274
406 1620 2537
1620 406 2537
2537 406 1620
2905 1234 2884
2884 1234 2905
1234 2884 2905
686 1027 1846
1027 686 1846
1846 686 1027
2721 1501 2497
1501 2497 2721
2497 1501 2721
1411 713 1335
1335 713 1411
713 1335 1411
679 1772 2978
2978 679 1772
1772 679 2978
2582 1543 1904
1904 1543 2582
1543 1904 2582
1923 682 1689
682 1689 1923
1689 682 1923
1017 427 935
427 935 1017
935 427 1017
552 669 1271
669 552 1271
1271 552 669
1850 882 1324
1324 882 1850
882 1324 1850
787 95 1365
1365 95 787
95 787 1365
2233 1446 2814
2814 1446 2233
1446 2233 2814
349 701 2320
2320 349 701
701 349 2320
1670 511 1522
1522 511 1670
511 1522 1670
1193 257 2973
2973 257 1193
257 1193 2973
1734 1261 2704
1261 1734 2704
2704 1261 1734
1297 594 1280
1280 594 1297
594 1280 1297
1784 309 1626
1626 309 1784
309 1626 1784
2039 1479 1774
1479 1774 2039
1774 1479 2039
2965 1518 2422
1518 2422 2965
2422 1518 2965
321 379 1347
379 321 1347
1347 321 379
2553 1281 1580
1281 1580 2553
1580 1281 2553
39 356 2338
356 39 2338
2338 39 356
1412 827 2364
2364 827 1412
827 1412 2364
167 1561 2067
2067 167 1561
1561 167 2067
2727 1317 1605
1317 1605 2727
1605 1317 2727
961 360 2257
2257 360 961
360 961 2257
2641 1167 2781
1167 2641 2781
2781 1167 2641
2915 993 1739
1739 993 2915
993 1739 2915
1117 721 2562
2562 721 1117
721 1117 2562
388 674 1863
1863 388 674
674 388 1863
742 1156 2340
2340 742 1156
1156 742 2340
2465 857 2395
857 2395 2465
2395 857 2465
512 2799 2902
2902 512 2799
2799 512 2902
2412 668 848
668 848 2412
848 668 2412
1823 2082 2780
2780 1823 2082
2082 1823 2780
1396 1122 1164
1164 1122 1396
1122 1164 1396
570 1515 2096
2096 570 1515
1515 570 2096
1366 1552 2807
2807 1366 1552
1552 1366 2807
2339 1912 2652
1912 2339 2652
2652 1912 2339
1283 657 1590
1590 657 1283
657 1283 1590
616 791 792
791 616 792
792 616 791
2380 15 2841
15 2380 2841
2841 15 2380
345 738 2294
2294 345 738
738 345 2294
1712 267 524
524 267 1712
267 524 1712
709 268 2650
2650 268 709
268 709 2650
1395 1674 1943
1674 1395 1943
1943 1395 1674
750 643 2070
2070 643 750
643 750 2070
1891 412 1370
412 1370 1891
1370 412 1891
1425 1630 2115
2115 1425 1630
1630 1425 2115
1705 811 1673
1673 811 1705
811 1673 1705
2104 549 1644
1644 549 2104
549 1644 2104
2826 716 2791
2791 716 2826
716 2791 2826
1882 853 2686
2686 853 1882
853 1882 2686
1368 151 2231
151 1368 2231
2231 151 1368
2092 2051 2868
2868 2051 2092
2051 2092 2868
1652 1047 1083
1047 1083 1652
1083 1047 1652
1607 2043 2267
2043 1607 2267
2267 1607 2043
1789 820 2349
820 1789 2349
2349 820 1789
261 1084 2306
2306 261 1084
1084 261 2306
2132 205 1917
205 1917 2132
1917 205 2132
1530 1430 2085
1430 1530 2085
2085 1430 1530
452 2825 2907
2825 452 2907
2907 452 2825
2276 844 2947
2947 844 2276
844 2276 2947
833 758 1249
758 833 1249
1249 758 833
962 53 2295
53 962 2295
2295 53 962
2467 318 2185
2185 318 2467
318 2185 2467
107 87 1718
87 107 1718
1718 87 107
2046 1532 1573
1532 1573 2046
1573 1532 2046
1801 683 2954
683 1801 2954
2954 683 1801
2882 246 1696
246 1696 2882
1696 246 2882
2581 1339 2291
1339 2291 2581
2291 1339 2581
2779 1423 1616
1423 1616 2779
1616 1423 2779
689 1265 2620
1265 689 2620
2620 689 1265
884 1346 1934
1934 884 1346
1346 884 1934
1455 1675 2326
2326 1455 1675
1675 1455 2326
1855 1159 2436
1159 1855 2436
2436 1159 1855
2296 1959 2460
1959 2296 2460
2460 1959 2296
408 40 2054
2054 40 408
40 408 2054
1760 455 1930
455 1760 1930
1930 455 1760
2580 282 2925
2925 282 2580
282 2580 2925
661 79 214
79 214 661
214 79 661
1024 77 1702
77 1024 1702
1702 77 1024
608 430 1307
1307 430 608
430 608 1307
584 29 1785
1785 29 584
29 584 1785
160 699 1845
1845 160 699
699 160 1845
2649 2042 2896
2896 2042 2649
2042 2649 2896
366 1233 2025
2025 366 1233
1233 366 2025
1237 1286 1890
1286 1237 1890
1890 1237 1286
767 173 2660
173 767 2660
2660 173 767
2598 2432 2980
2980 2432 2598
2432 2598 2980
350 1472 2181
2181 350 1472
1472 350 2181
2874 108 2849
2849 108 2874
108 2849 2874
2519 685 1528
1528 685 2519
685 1528 2519
1627 2228 2699
2228 1627 2699
2699 1627 2228
2442 1668 2205
2205 1668 2442
1668 2205 2442
461 655 2824
2824 461 655
655 461 2824
737 470 1014
1014 470 737
470 737 1014
2839 71 1925
1925 71 2839
71 1925 2839
426 638 2068
638 426 2068
2068 426 638
915 1451 2593
1451 915 2593
2593 915 1451
798 726 2111
726 798 2111
2111 726 798
2539 118 1737
1737 118 2539
118 1737 2539
2128 763 2292
763 2128 2292
2292 763 2128
1869 209 1340
209 1340 1869
1340 209 1869
276 876 1315
1315 276 876
876 276 1315
880 633 1464
633 880 1464
1464 633 880
2951 2495 2685
2685 2495 2951
2495 2685 2951
2743 1909 2324
2324 1909 2743
1909 2324 2743
498 1251 2784
1251 498 2784
2784 498 1251
378 483 968
968 378 483
483 378 968
439 187 1796
187 439 1796
1796 187 439
1640 747 2101
747 1640 2101
2101 747 1640
1181 1113 1827
1113 1181 1827
1827 1113 1181
1258 1157 1641
1157 1258 1641
1641 1157 1258
2769 1434 1838
1838 1434 2769
1434 1838 2769
2417 592 1708
592 1708 2417
1708 592 2417
2108 1443 2989
1443 2108 2989
2989 1443 2108
1873 434 577
434 577 1873
577 434 1873
1987 157 2731
2731 157 1987
157 1987 2731
1096 46 2353
46 1096 2353
2353 46 1096
1502 153 704
704 153 1502
153 704 1502
1042 523 2983
2983 523 1042
523 1042 2983
438 1025 1253
1253 438 1025
1025 438 1253
1915 678 1584
678 1584 1915
1584 678 1915
1218 88 531
531 88 1218
88 531 1218
2213 2078 2105
2078 2105 2213
2105 2078 2213
1028 748 2522
748 1028 2522
2522 748 1028
415 104 2271
104 415 2271
2271 104 415
2321 1386 2251
1386 2251 2321
2251 1386 2321
2662 1151 1817
1817 1151 2662
1151 1817 2662
2901 987 1449
1449 987 2901
987 1449 2901
329 2235 2512
2512 329 2235
2235 329 2512
2322 771 1921
1921 771 2322
771 1921 2322
2926 147 2707
147 2707 2926
2707 147 2926
2732 2041 2549
2041 2549 2732
2549 2041 2732
906 1911 2894
1911 906 2894
2894 906 1911
1214 1239 2093
2093 1214 1239
1239 1214 2093
2640 591 2384
2384 591 2640
591 2384 2640
740 1990 2126
1990 740 2126
2126 740 1990
2828 2352 2741
2741 2352 2828
2352 2741 2828
38 172 694
694 38 172
172 38 694
1482 641 1647
1647 641 1482
641 1482 1647
1536 1578 2273
2273 1536 1578
1578 1536 2273
1803 1599 1983
1983 1599 1803
1599 1803 1983
1632 1405 1947
1405 1632 1947
1947 1405 1632
1753 714 963
714 963 1753
963 714 1753
407 916 1654
916 407 1654
1654 407 916
432 1666 1918
1666 432 1918
1918 432 1666
2511 903 2255
2255 903 2511
903 2255 2511
2020 285 830
285 830 2020
830 285 2020
533 121 1488
121 533 1488
1488 121 533
2161 1813 1824
1813 1824 2161
1824 1813 2161
1648 670 2481
2481 670 1648
670 1648 2481
860 1311 1976
1976 860 1311
1311 860 1976
25 1716 2015
1716 25 2015
2015 25 1716
2535 254 2946
254 2535 2946
2946 254 2535
2995 627 2813
627 2813 2995
2813 627 2995
2764 891 1886
1886 891 2764
891 1886 2764
7 620 1285
620 7 1285
1285 7 620
2034 1682 2653
1682 2034 2653
2653 1682 2034
2062 883 1745
883 1745 2062
1745 883 2062
2952 69 1026
69 1026 2952
1026 69 2952
2112 1189 1387
1387 1189 2112
1189 1387 2112
610 154 1241
154 610 1241
1241 154 610
2695 1634 2667
1634 2667 2695
2667 1634 2695
1480 908 1474
908 1474 1480
1474 908 1480
19 784 1344
1344 19 784
784 19 1344
1009 1229 2210
2210 1009 1229
1229 1009 2210
1364 871 2908
2908 871 1364
871 1364 2908
37 364 1677
364 37 1677
1677 37 364
81 155 622
622 81 155
155 81 622
2280 656 1582
1582 656 2280
656 1582 2280
1981 2045 2071
2071 1981 2045
2045 1981 2071
1419 875 1875
1875 875 1419
875 1419 1875
2165 196 2350
2350 196 2165
196 2165 2350
375 1376 1822
1822 375 1376
1376 375 1822
1747 530 2876
2876 530 1747
530 1747 2876
571 399 1022
1022 399 571
399 571 1022
783 1470 1601
1470 783 1601
1601 783 1470
628 240 1342
1342 240 628
240 628 1342
2241 2480 2843
2480 2241 2843
2843 2241 2480
1485 1577 2802
1577 1485 2802
2802 1485 1577
2247 667 1458
1458 667 2247
667 1458 2247
2443 224 1507
1507 224 2443
224 1507 2443
1282 1995 2526
1995 1282 2526
2526 1282 1995
796 1812 2139
1812 796 2139
2139 796 1812
2261 359 1212
1212 359 2261
359 1212 2261
743 632 703
632 703 743
703 632 743
324 2451 2654
2654 324 2451
2451 324 2654
2736 535 755
535 755 2736
755 535 2736
222 1450 2982
1450 222 2982
2982 222 1450
54 491 2815
2815 54 491
491 54 2815
1316 969 2330
2330 969 1316
969 1316 2330
1993 333 2187
333 1993 2187
2187 333 1993
1085 1232 2502
1232 1085 2502
2502 1085 1232
2153 540 856
540 856 2153
856 540 2153
1475 712 1754
1754 712 1475
712 1475 1754
300 2501 2560
2501 300 2560
2560 300 2501
1407 1114 2458
1114 1407 2458
2458 1114 1407
2530 92 1476
1476 92 2530
92 1476 2530
391 385 2337
2337 385 391
385 391 2337
380 654 2398
654 380 2398
2398 380 654
446 2359 2811
2811 446 2359
2359 446 2811
2307 2229 2893
2893 2229 2307
2229 2307 2893
138 1612 1757
1612 138 1757
1757 138 1612
1896 492 1905
492 1896 1905
1905 492 1896
1761 777 1907
1907 777 1761
777 1761 1907
2087 307 696
307 696 2087
696 307 2087
2525 974 2778
974 2525 2778
2778 974 2525
1398 115 1883
1883 115 1398
115 1398 1883
2055 754 1133
754 1133 2055
1133 754 2055
933 94 862
862 94 933
94 862 933
1840 866 2357
866 1840 2357
2357 866 1840
1087 320 1733
1733 320 1087
320 1087 1733
1176 1858 2403
1858 1176 2403
2403 1176 1858
1043 474 510
474 510 1043
510 474 1043
1306 280 972
280 972 1306
972 280 1306
2688 1129 2298
2298 1129 2688
1129 2298 2688
1679 161 1128
1128 161 1679
161 1128 1679
785 912 1603
912 785 1603
1603 785 912
813 1516 2030
2030 813 1516
1516 813 2030
72 642 2473
2473 72 642
642 72 2473
625 1706 2647
2647 625 1706
1706 625 2647
1556 368 1293
1293 368 1556
368 1293 1556
2774 1152 1172
1152 1172 2774
1172 1152 2774
1952 241 1898
241 1898 1952
1898 241 1952
527 611 921
611 527 921
921 527 611
1020 1916 2388
1916 1020 2388
2388 1020 1916
286 270 864
270 286 864
864 270 286
575 43 1322
1322 43 575
43 575 1322
2777 1473 2424
1473 2424 2777
2424 1473 2777
559 27 2433
27 559 2433
2433 27 559
2670 2141 2823
2141 2670 2823
2823 2141 2670
2621 774 1503
1503 774 2621
774 1503 2621
645 100 1418
1418 100 645
100 645 1418
278 1442 2207
1442 278 2207
2207 278 1442
2587 1382 1833
1833 1382 2587
1382 1833 2587
2227 1090 1173
1090 1173 2227
1173 1090 2227
2244 376 1623
376 1623 2244
1623 376 2244
1486 8 2008
2008 8 1486
8 1486 2008
2073 2466 2830
2830 2073 2466
2466 2073 2830
2283 1263 2722
2722 1263 2283
1263 2283 2722
673 1107 2644
2644 673 1107
1107 673 2644
2938 164 2681
164 2681 2938
2681 164 2938
1977 598 2788
2788 598 1977
598 1977 2788
1723 208 2733
2733 208 1723
208 1723 2733
2036 2441 2747
2441 2036 2747
2747 2036 2441
1879 1889 2288
1889 1879 2288
2288 1879 1889
1170 727 2314
2314 727 1170
727 1170 2314
2182 2265 2533
2533 2182 2265
2265 2182 2533
2289 36 1459
1459 36 2289
36 1459 2289
1204 1631 2402
1631 1204 2402
2402 1204 1631
1097 217 1256
1256 217 1097
217 1097 1256
2225 1134 2594
1134 2225 2594
2594 1134 2225
1003 775 2808
2808 775 1003
775 1003 2808
1738 1512 2468
2468 1512 1738
1512 1738 2468
2577 2392 2698
2392 2577 2698
2698 2392 2577
2156 1421 2452
2452 1421 2156
1421 2156 2452
1842 119 2133
2133 119 1842
119 1842 2133
2961 4 2373
2373 4 2961
4 2373 2961
30 1019 1721
1721 30 1019
1019 30 1721
613 938 1538
1538 613 938
938 613 1538
2642 50 927
927 50 2642
50 927 2642
1505 2176 2453
2176 1505 2453
2453 1505 2176
1465 553 2135
553 1465 2135
2135 553 1465
218 567 2571
2571 218 567
567 218 2571
252 1776 2708
2708 252 1776
1776 252 2708
2089 1650 2435
2435 1650 2089
1650 2089 2435
1296 1 920
1 920 1296
920 1 1296
2411 1021 2514
1021 2411 2514
2514 1021 2411
731 450 1436
1436 450 731
450 731 1436
428 971 2761
971 428 2761
2761 428 971
1926 463 2107
2107 463 1926
463 1926 2107
2155 83 1438
83 1438 2155
1438 83 2155
2765 135 322
322 135 2765
135 322 2765
1037 1851 2856
1851 1037 2856
2856 1037 1851
2234 1326 2507
1326 2234 2507
2507 1326 2234
1610 1111 2399
1111 1610 2399
2399 1111 1610
1798 1228 1771
1771 1228 1798
1228 1771 1798
1355 1310 1893
1893 1310 1355
1310 1355 1893
1948 1056 2796
1056 1948 2796
2796 1056 1948
1217 131 207
207 131 1217
131 207 1217
2151 2636 2833
2833 2151 2636
2636 2151 2833
1197 1361 2024
2024 1197 1361
1361 1197 2024
314 296 2567
296 314 2567
2567 296 314
2957 705 2924
705 2924 2957
2924 705 2957
2847 2574 2744
2574 2744 2847
2744 2574 2847
2911 1766 1954
1766 1954 2911
1954 1766 2911
2725 843 2992
2992 843 2725
843 2725 2992
453 2333 2740
2740 453 2333
2333 453 2740
1010 618 2745
618 1010 2745
2745 618 1010
2509 810 1109
1109 810 2509
810 1109 2509
2840 890 1404
1404 890 2840
890 1404 2840
414 2200 2916
2916 414 2200
2200 414 2916
2717 732 2873
2873 732 2717
732 2717 2873
402 344 1517
344 402 1517
1517 344 402
606 898 2416
898 606 2416
2416 606 898
2410 1135 2379
1135 2379 2410
2379 1135 2410
2014 249 2664
249 2014 2664
2664 249 2014
2487 823 1389
1389 823 2487
823 1389 2487
2693 2063 2346
2346 2063 2693
2063 2346 2693
239 799 2274
799 239 2274
2274 239 799
2362 2334 2624
2334 2362 2624
2624 2334 2362
2252 626 1509
626 1509 2252
1509 626 2252
1461 303 1939
303 1461 1939
1939 303 1461
1942 1756 2438
1756 1942 2438
2438 1756 1942
1794 1252 1707
1707 1252 1794
1252 1707 1794
1373 1973 2219
1973 1373 2219
2219 1373 1973
2552 817 1768
817 1768 2552
1768 817 2552
563 1186 2047
1186 563 2047
2047 563 1186
389 1023 2163
1023 389 2163
2163 389 1023
2498 757 1230
757 1230 2498
1230 757 2498
2325 1091 2381
2381 1091 2325
1091 2325 2381
2754 294 1071
1071 294 2754
294 1071 2754
1452 242 1608
242 1452 1608
1608 242 1452
265 806 2809
2809 265 806
806 265 2809
1041 212 2607
212 1041 2607
2607 212 1041
1481 185 370
370 185 1481
185 370 1481
479 2094 2401
2401 479 2094
2094 479 2401
612 70 2214
70 612 2214
2214 70 612
2666 367 1872
367 1872 2666
1872 367 2666
873 215 1724
215 873 1724
1724 215 873
2812 565 1046
565 1046 2812
1046 565 2812
1490 63 2423
2423 63 1490
63 1490 2423
1138 490 574
490 574 1138
574 490 1138
2870 429 2568
2568 429 2870
429 2568 2870
200 1195 1262
1195 200 1262
1262 200 1195
2940 585 1560
1560 585 2940
585 1560 2940
2344 786 1633
786 1633 2344
1633 786 2344
1856 953 2579
2579 953 1856
953 1856 2579
500 1567 2256
2256 500 1567
1567 500 2256
2817 117 925
117 925 2817
925 117 2817
1004 22 744
744 22 1004
22 744 1004
934 1645 2583
2583 934 1645
1645 934 2583
842 1902 2771
1902 842 2771
2771 842 1902
1849 544 2145
2145 544 1849
544 1849 2145
2123 952 2305
2305 952 2123
952 2123 2305
1892 1225 1497
1225 1497 1892
1497 1225 1892
2570 2494 2981
2494 2570 2981
2981 2494 2570
337 749 2691
2691 337 749
749 337 2691
2615 1081 2822
2822 1081 2615
1081 2615 2822
2646 1511 2184
2184 1511 2646
1511 2184 2646
2376 975 2628
2628 975 2376
975 2376 2628
1210 1341 2415
1341 1210 2415
2415 1210 1341
1153 1303 2752
2752 1153 1303
1303 1153 2752
2428 601 2421
2421 601 2428
601 2421 2428
301 1131 1555
1131 301 1555
1555 301 1131
1574 2299 2342
2299 1574 2342
2342 1574 2299
1686 1615 2439
1615 1686 2439
2439 1615 1686
1243 1937 2037
2037 1243 1937
1937 1243 2037
877 561 1680
1680 561 877
561 877 1680
2361 509 692
692 509 2361
509 692 2361
2192 558 2888
558 2192 2888
2888 558 2192
165 1944 2742
1944 165 2742
2742 165 1944
1962 1123 1166
1123 1166 1962
1166 1123 1962
59 1887 2724
1887 59 2724
2724 59 1887
546 271 2269
271 546 2269
2269 271 546
105 2038 2546
2546 105 2038
2038 105 2546
2734 134 1048
1048 134 2734
134 1048 2734
145 1746 2865
2865 145 1746
1746 145 2865
495 421 1414
1414 421 495
421 495 1414
305 110 691
110 305 691
691 110 305
930 221 2846
221 930 2846
2846 221 930
2627 84 192
192 84 2627
84 192 2627
397 609 2396
2396 397 609
609 397 2396
2632 869 2656
2656 869 2632
869 2632 2656
336 1359 2766
2766 336 1359
1359 336 2766
1100 28 130
28 130 1100
130 28 1100
1379 520 2179
520 1379 2179
2179 520 1379
2285 197 1940
1940 197 2285
197 1940 2285
919 1797 2935
2935 919 1797
1797 919 2935
2464 2183 2529
2183 2464 2529
2529 2183 2464
1646 801 1579
1579 801 1646
801 1579 1646
886 219 1348
1348 219 886
219 886 1348
1728 1703 2387
2387 1703 1728
1703 1728 2387
2426 1835 2993
1835 2426 2993
2993 1835 2426
2091 1533 2343
2343 1533 2091
1533 2091 2343
648 576 822
822 576 648
576 648 822
2377 647 896
896 647 2377
647 896 2377
2413 144 1782
144 1782 2413
1782 144 2413
1551 1149 1613
1149 1551 1613
1613 1149 1551
928 293 505
505 293 928
293 505 928
1288 64 895
895 64 1288
64 895 1288
1834 1908 2354
1908 1834 2354
2354 1834 1908
932 1401 2090
1401 932 2090
2090 932 1401
2619 756 949
756 949 2619
949 756 2619
2919 1103 2447
2447 1103 2919
1103 2447 2919
1383 102 266
102 266 1383
266 102 1383
2867 2117 2397
2117 2397 2867
2397 2117 2867
2125 2782 2963
2963 2125 2782
2782 2125 2963
2275 1865 2972
1865 2275 2972
2972 1865 2275
2260 805 1115
805 1115 2260
1115 805 2260
778 2278 2775
2775 778 2278
2278 778 2775
2169 1120 1227
1120 1227 2169
1227 1120 2169
780 1031 1295
1295 780 1031
1031 780 1295
85 1637 2675
1637 85 2675
2675 85 1637
586 653 982
982 586 653
653 586 982
1924 836 1393
836 1393 1924
1393 836 1924
980 2197 2759
2197 980 2759
2759 980 2197
1188 793 1374
1374 793 1188
793 1188 1374
2131 794 2083
2083 794 2131
794 2083 2131
2518 284 2239
284 2239 2518
2239 284 2518
133 2262 2945
2262 133 2945
2945 133 2262
2429 2677 2910
2910 2429 2677
2677 2429 2910
2543 1183 2367
1183 2367 2543
2367 1183 2543
2984 297 534
297 534 2984
534 297 2984
1045 1312 2608
2608 1045 1312
1312 1045 2608
2883 460 1457
1457 460 2883
460 1457 2883
308 1700 2851
1700 308 2851
2851 308 1700
2254 1444 1946
1444 1946 2254
1946 1444 2254
764 1922 2074
2074 764 1922
1922 764 2074
404 825 2797
825 404 2797
2797 404 825
273 2221 2845
2221 273 2845
2845 273 2221
2852 1005 2393
1005 2393 2852
2393 1005 2852
1206 1750 2692
2692 1206 1750
1750 1206 2692
228 978 2461
2461 228 978
978 228 2461
74 2589 2912
2912 74 2589
2589 74 2912
2310 361 1144
1144 361 2310
361 1144 2310
753 1032 1460
1032 753 1460
1460 753 1032
2159 141 868
141 868 2159
868 141 2159
1059 24 507
507 24 1059
24 507 1059
1881 2542 2596
2542 1881 2596
2596 1881 2542
2499 288 2218
2218 288 2499
288 2218 2499
998 766 795
795 766 998
766 795 998
529 330 1238
330 529 1238
1238 330 529
2375 1092 2328
1092 2328 2375
2328 1092 2375
1088 1292 1305
1305 1088 1292
1292 1088 1305
1177 2076 2390
2076 1177 2390
2390 1177 2076
725 1053 2378
2378 725 1053
1053 725 2378
2419 66 2021
66 2021 2419
2021 66 2419
2129 2372 2763
2372 2129 2763
2763 2129 2372
467 233 1392
1392 233 467
233 467 1392
1190 471 2956
2956 471 1190
471 1190 2956
377 57 759
57 377 759
759 57 377
1864 551 722
722 551 1864
551 722 1864
2095 990 2053
2053 990 2095
990 2053 2095
2386 988 1694
988 1694 2386
1694 988 2386
1765 485 2866
485 1765 2866
2866 485 1765
1150 1971 2904
2904 1150 1971
1971 1150 2904
2190 168 1521
168 1521 2190
1521 168 2190
2456 148 941
941 148 2456
148 941 2456
2222 557 1888
1888 557 2222
557 1888 2222
2955 854 1931
1931 854 2955
854 1931 2955
