13658 20278 25068
25068 13658 20278
20278 13658 25068
27145 2004 22559
22559 2004 27145
2004 22559 27145
18812 6749 18117
18117 6749 18812
6749 18117 18812
24726 16251 17216
16251 17216 24726
17216 16251 24726
29215 13436 26369
26369 13436 29215
13436 26369 29215
10864 351 10856
10856 351 10864
351 10856 10864
79 7854 12814
12814 79 7854
7854 79 12814
1668 16760 19668
19668 1668 16760
16760 1668 19668
25545 15428 20963
20963 15428 25545
15428 20963 25545
14516 401 8217
8217 401 14516
401 8217 14516
25920 23134 28320
23134 25920 28320
28320 23134 25920
21003 5880 16911
16911 5880 21003
5880 16911 21003
17712 2321 25618
25618 2321 17712
2321 17712 25618
20948 3637 6418
3637 6418 20948
6418 3637 20948
13491 10590 25799
25799 10590 13491
10590 13491 25799
8782 17170 20031
17170 8782 20031
20031 8782 17170
16122 18382 25717
18382 16122 25717
25717 16122 18382
298 12180 18047
12180 298 18047
18047 298 12180
325 5581 13835
5581 325 13835
13835 325 5581
24179 17605 23461
23461 17605 24179
17605 23461 24179
8576 8032 22901
22901 8032 8576
8032 8576 22901
10386 3660 15802
3660 10386 15802
15802 3660 10386
21582 9377 21336
21336 9377 21582
9377 21336 21582
19869 19327 24294
19327 19869 24294
24294 19327 19869
8430 2245 5072
2245 5072 8430
5072 2245 8430
18388 3292 20462
20462 3292 18388
3292 18388 20462
2187 10612 18586
18586 2187 10612
10612 2187 18586
26036 1295 10039
10039 1295 26036
1295 10039 26036
26055 3317 5331
3317 5331 26055
5331 3317 26055
23960 18332 24110
24110 18332 23960
18332 23960 24110
6143 1197 26563
26563 1197 6143
1197 6143 26563
3078 15580 16320
16320 3078 15580
15580 3078 16320
902 17951 18478
17951 902 18478
18478 902 17951
10767 20842 28660
28660 10767 20842
20842 10767 28660
20395 13418 25951
25951 13418 20395
13418 20395 25951
16270 20903 23883
23883 16270 20903
20903 16270 23883
29127 4533 12305
4533 12305 29127
12305 4533 29127
6903 68 19024
68 6903 19024
19024 68 6903
2695 10666 13558
13558 2695 10666
10666 2695 13558
5566 3072 23671
3072 5566 23671
23671 3072 5566
22353 216 23768
23768 216 22353
216 22353 23768
16385 12557 21023
12557 16385 21023
21023 12557 16385
7372 19445 27321
19445 7372 27321
27321 7372 19445
19346 4708 9549
9549 4708 19346
4708 9549 19346
7532 9957 26230
9957 7532 26230
26230 7532 9957
12064 1822 17907
1822 12064 17907
17907 1822 12064
12105 750 20174
20174 750 12105
750 12105 20174
10955 1665 10161
1665 10161 10955
10161 1665 10955
23635 3416 19708
3416 19708 23635
19708 3416 23635
14997 19821 27574
19821 14997 27574
27574 14997 19821
22560 10000 28217
10000 22560 28217
28217 10000 22560
20302 17303 22511
17303 20302 22511
22511 17303 20302
21849 9332 19675
19675 9332 21849
9332 19675 21849
5182 5252 11481
11481 5182 5252
5252 5182 11481
10350 5012 25389
25389 5012 10350
5012 10350 25389
6704 28729 28872
28729 6704 28872
28872 6704 28729
1958 4848 7056
4848 1958 7056
7056 1958 4848
23490 18306 23118
18306 23118 23490
23118 18306 23490
5703 6651 6742
6651 5703 6742
6742 5703 6651
23861 23728 27847
23728 23861 27847
27847 23728 23861
9292 18271 28737
28737 9292 18271
18271 9292 28737
13070 17017 27147
17017 13070 27147
27147 13070 17017
2725 6088 18387
18387 2725 6088
6088 2725 18387
5420 10117 22719
22719 5420 10117
10117 5420 22719
15148 631 22610
631 15148 22610
22610 631 15148
7535 324 12818
12818 324 7535
324 7535 12818
10925 10322 10931
10931 10322 10925
10322 10925 10931
664 18774 29310
18774 664 29310
29310 664 18774
11220 9382 25959
9382 11220 25959
25959 9382 11220
1034 504 7182
504 1034 7182
7182 504 1034
11690 16824 21957
16824 11690 21957
21957 11690 16824
21288 14485 24896
14485 21288 24896
24896 14485 21288
11764 22370 22819
22370 11764 22819
22819 11764 22370
27734 76 12558
76 12558 27734
12558 76 27734
7108 8080 28664
28664 7108 8080
8080 7108 28664
960 246 1927
1927 246 960
246 960 1927
23919 9383 19406
19406 9383 23919
9383 19406 23919
23246 525 18191
525 18191 23246
18191 525 23246
19879 8019 17206
17206 8019 19879
8019 17206 19879
9874 21537 23970
23970 9874 21537
21537 9874 23970
10411 17556 19105
19105 10411 17556
17556 10411 19105
2135 1088 4170
1088 2135 4170
4170 1088 2135
14967 2942 21526
2942 14967 21526
21526 2942 14967
23248 23814 25784
23814 23248 25784
25784 23248 23814
2670 1185 18613
1185 2670 18613
18613 1185 2670
14513 2972 12724
2972 12724 14513
12724 2972 14513
2543 8664 12319
12319 2543 8664
8664 2543 12319
19079 10894 24436
24436 10894 19079
10894 19079 24436
15232 1178 2226
2226 1178 15232
1178 2226 15232
3353 15289 26424
15289 3353 26424
26424 3353 15289
17136 12726 14232
12726 14232 17136
14232 12726 17136
13610 1791 22159
22159 1791 13610
1791 13610 22159
22838 7263 26331
26331 7263 22838
7263 22838 26331
3523 11560 12201
12201 3523 11560
11560 3523 12201
22453 29475 29558
29475 22453 29558
29558 22453 29475
22441 885 21284
21284 885 22441
885 21284 22441
20561 7582 9770
9770 7582 20561
7582 9770 20561
26980 22438 27427
27427 22438 26980
22438 26980 27427
24378 9085 15473
9085 15473 24378
15473 9085 24378
18135 4927 14226
4927 14226 18135
14226 4927 18135
26186 8909 13093
8909 13093 26186
13093 8909 26186
16980 20075 21182
21182 16980 20075
20075 16980 21182
23610 20459 24264
24264 20459 23610
20459 23610 24264
29806 948 8209
948 8209 29806
8209 948 29806
22158 16289 17966
17966 16289 22158
16289 17966 22158
16479 455 22861
22861 455 16479
455 16479 22861
647 9257 23884
23884 647 9257
9257 647 23884
25814 5542 19889
19889 5542 25814
5542 19889 25814
1201 7048 16259
7048 1201 16259
16259 1201 7048
15966 22498 24048
24048 15966 22498
22498 15966 24048
12937 14956 15780
14956 12937 15780
15780 12937 14956
9011 2989 24236
24236 2989 9011
2989 9011 24236
1998 19761 20833
20833 1998 19761
19761 1998 20833
1968 3920 14235
14235 1968 3920
3920 1968 14235
16941 2944 28405
28405 2944 16941
2944 16941 28405
11979 9982 10854
9982 10854 11979
10854 9982 11979
18946 9284 12739
12739 9284 18946
9284 12739 18946
10210 7537 19640
19640 7537 10210
7537 10210 19640
5939 22107 27085
27085 5939 22107
22107 5939 27085
29388 3054 9639
3054 9639 29388
9639 3054 29388
22163 10079 29271
10079 22163 29271
29271 10079 22163
7655 8600 26125
26125 7655 8600
8600 7655 26125
25634 6155 8858
8858 6155 25634
6155 8858 25634
24698 3211 10052
3211 10052 24698
10052 3211 24698
17245 18573 21004
18573 17245 21004
21004 17245 18573
29758 27019 29742
27019 29742 29758
29742 27019 29758
24989 15321 28742
15321 24989 28742
28742 15321 24989
23677 2860 24299
2860 23677 24299
24299 2860 23677
18017 12281 18215
12281 18017 18215
18215 12281 18017
10159 5428 16560
5428 10159 16560
16560 5428 10159
25761 26621 29241
29241 25761 26621
26621 25761 29241
10418 10195 10661
10195 10418 10661
10661 10195 10418
5614 869 9210
9210 869 5614
869 5614 9210
21994 4818 15777
15777 4818 21994
4818 15777 21994
24 9596 28328
9596 24 28328
28328 24 9596
9457 12267 14674
14674 9457 12267
12267 9457 14674
18981 1901 7898
1901 7898 18981
7898 1901 18981
10348 3326 20745
20745 3326 10348
3326 10348 20745
21606 7613 10819
7613 10819 21606
10819 7613 21606
6293 18417 25377
18417 6293 25377
25377 6293 18417
22109 6577 10763
10763 6577 22109
6577 10763 22109
3672 1722 26676
26676 1722 3672
1722 3672 26676
14623 12509 23552
12509 14623 23552
23552 12509 14623
8869 14994 17620
17620 8869 14994
14994 8869 17620
12266 307 3218
3218 307 12266
307 3218 12266
4327 1136 10272
10272 1136 4327
1136 4327 10272
25227 4127 15259
4127 15259 25227
15259 4127 25227
791 6958 8955
8955 791 6958
6958 791 8955
26748 6154 11225
11225 6154 26748
6154 11225 26748
15520 189 1859
1859 189 15520
189 1859 15520
15967 16678 28917
16678 15967 28917
28917 15967 16678
8230 11952 24381
24381 8230 11952
11952 8230 24381
18077 16700 28831
16700 18077 28831
28831 16700 18077
5390 21541 25523
25523 5390 21541
21541 5390 25523
16865 635 28489
635 16865 28489
28489 635 16865
18206 14075 25612
25612 14075 18206
14075 18206 25612
25450 14494 26181
26181 14494 25450
14494 25450 26181
21996 15687 22197
15687 21996 22197
22197 15687 21996
24973 7554 18676
18676 7554 24973
7554 18676 24973
19542 5263 22408
22408 5263 19542
5263 19542 22408
932 15587 16364
15587 932 16364
16364 932 15587
5986 9218 10752
9218 5986 10752
10752 5986 9218
27047 18365 23533
18365 23533 27047
23533 18365 27047
29826 4707 17113
4707 17113 29826
17113 4707 29826
22516 5597 21997
21997 5597 22516
5597 21997 22516
12857 4930 29406
4930 12857 29406
29406 4930 12857
6910 7626 27155
27155 6910 7626
7626 6910 27155
13371 24413 25874
24413 13371 25874
25874 13371 24413
12664 3699 14696
3699 12664 14696
14696 3699 12664
13408 12401 14908
14908 12401 13408
12401 13408 14908
17442 24473 29361
29361 17442 24473
24473 17442 29361
16 27368 27917
27368 16 27917
27917 16 27368
26154 1754 2117
1754 2117 26154
2117 1754 26154
10730 8646 21706
21706 8646 10730
8646 10730 21706
28344 19995 27486
27486 19995 28344
19995 27486 28344
7014 5725 6837
6837 5725 7014
5725 6837 7014
4407 20273 29117
20273 4407 29117
29117 4407 20273
8910 2157 9179
2157 8910 9179
9179 2157 8910
16866 12435 20242
20242 12435 16866
12435 16866 20242
29798 16371 26284
26284 16371 29798
16371 26284 29798
855 1736 18953
1736 855 18953
18953 855 1736
19870 18467 24510
18467 19870 24510
24510 18467 19870
7533 22980 26050
22980 7533 26050
26050 7533 22980
22155 21672 26774
21672 22155 26774
26774 21672 22155
22970 15773 22693
15773 22693 22970
22693 15773 22970
5951 19876 26232
26232 5951 19876
19876 5951 26232
17807 6160 24769
6160 17807 24769
24769 6160 17807
1523 8031 22133
8031 1523 22133
22133 1523 8031
22290 459 7509
459 7509 22290
7509 459 22290
7619 11536 14639
14639 7619 11536
11536 7619 14639
3219 502 20197
20197 502 3219
502 3219 20197
29231 7003 14600
7003 14600 29231
14600 7003 29231
22644 8973 15427
15427 8973 22644
8973 15427 22644
10625 2052 29058
2052 10625 29058
29058 2052 10625
4436 15355 25331
15355 4436 25331
25331 4436 15355
27416 19418 20666
20666 19418 27416
19418 20666 27416
4050 16302 27351
27351 4050 16302
16302 4050 27351
16908 1982 24675
1982 16908 24675
24675 1982 16908
29765 5299 25928
25928 5299 29765
5299 25928 29765
1177 11623 26725
26725 1177 11623
11623 1177 26725
4236 13071 14984
14984 4236 13071
13071 4236 14984
4995 116 1499
1499 116 4995
116 1499 4995
9441 20207 25364
20207 9441 25364
25364 9441 20207
26946 3242 17934
3242 17934 26946
17934 3242 26946
19601 18301 28456
18301 19601 28456
28456 18301 19601
4396 6898 19061
19061 4396 6898
6898 4396 19061
8924 7724 20873
20873 7724 8924
7724 8924 20873
19280 7768 21757
7768 19280 21757
21757 7768 19280
25510 5849 21373
21373 5849 25510
5849 21373 25510
5857 16745 21804
16745 5857 21804
21804 5857 16745
7208 14624 17083
17083 7208 14624
14624 7208 17083
1091 2010 4617
2010 1091 4617
4617 1091 2010
12802 13672 28625
28625 12802 13672
13672 12802 28625
6109 9333 15530
15530 6109 9333
9333 6109 15530
13641 6196 21693
6196 13641 21693
21693 6196 13641
19781 11090 29464
11090 19781 29464
29464 11090 19781
17340 15470 15526
15526 15470 17340
15470 15526 17340
25750 672 5879
5879 672 25750
672 5879 25750
25935 20979 28356
28356 20979 25935
20979 25935 28356
2458 11117 19053
19053 2458 11117
11117 2458 19053
7323 4688 26243
26243 4688 7323
4688 7323 26243
10397 13650 17734
17734 10397 13650
13650 10397 17734
27773 2949 28168
2949 27773 28168
28168 2949 27773
12242 36 15101
36 12242 15101
15101 36 12242
28571 5694 6556
6556 5694 28571
5694 6556 28571
3166 9250 24290
24290 3166 9250
9250 3166 24290
25526 7815 28059
7815 25526 28059
28059 7815 25526
15490 10150 17439
10150 15490 17439
17439 10150 15490
25127 4516 13874
4516 13874 25127
13874 4516 25127
7782 5457 12491
12491 5457 7782
5457 7782 12491
29966 25006 26777
26777 25006 29966
25006 26777 29966
8749 20248 22565
20248 8749 22565
22565 8749 20248
8812 14096 28049
14096 8812 28049
28049 8812 14096
10408 9514 10823
10823 9514 10408
9514 10408 10823
6918 5393 11532
5393 6918 11532
11532 5393 6918
3879 16965 24613
24613 3879 16965
16965 3879 24613
13146 13155 19292
13155 13146 19292
19292 13146 13155
11149 16372 24530
24530 11149 16372
16372 11149 24530
25815 6578 9665
9665 6578 25815
6578 9665 25815
11206 3178 14222
14222 3178 11206
3178 11206 14222
29445 25534 28073
25534 28073 29445
28073 25534 29445
8458 2729 6730
2729 6730 8458
6730 2729 8458
5150 4362 21809
21809 4362 5150
4362 5150 21809
13857 11186 22749
22749 11186 13857
11186 13857 22749
26333 10435 25085
25085 10435 26333
10435 25085 26333
29160 24737 28175
28175 24737 29160
24737 28175 29160
6863 5224 21865
21865 5224 6863
5224 6863 21865
23891 13145 20055
13145 20055 23891
20055 13145 23891
12730 10323 21588
10323 12730 21588
21588 10323 12730
15907 2119 21990
2119 15907 21990
21990 2119 15907
27403 14079 27148
27148 14079 27403
14079 27148 27403
23959 6561 18232
6561 18232 23959
18232 6561 23959
20576 9455 22172
9455 20576 22172
22172 9455 20576
10329 4524 14613
14613 4524 10329
4524 10329 14613
22946 25061 26275
26275 22946 25061
25061 22946 26275
19795 20773 22354
20773 19795 22354
22354 19795 20773
29906 7186 19433
7186 19433 29906
19433 7186 29906
17783 2396 4162
2396 4162 17783
4162 2396 17783
6086 10598 26435
26435 6086 10598
10598 6086 26435
644 3552 12186
3552 644 12186
12186 644 3552
13025 582 25241
582 13025 25241
25241 582 13025
25987 6539 10074
6539 10074 25987
10074 6539 25987
15604 14323 25868
25868 14323 15604
14323 15604 25868
18083 5514 25410
25410 5514 18083
5514 18083 25410
13725 9893 25595
9893 13725 25595
25595 9893 13725
3876 9369 27597
27597 3876 9369
9369 3876 27597
11282 5788 24733
24733 5788 11282
5788 11282 24733
16517 1120 16887
1120 16517 16887
16887 1120 16517
19074 14684 26810
14684 19074 26810
26810 14684 19074
6420 8390 18400
8390 6420 18400
18400 6420 8390
8788 21468 24218
21468 8788 24218
24218 8788 21468
25745 970 17171
17171 970 25745
970 17171 25745
28576 17164 17633
17164 17633 28576
17633 17164 28576
11582 1965 19285
1965 11582 19285
19285 1965 11582
16758 7226 12880
12880 7226 16758
7226 12880 16758
27374 3633 10233
10233 3633 27374
3633 10233 27374
16069 10936 21132
21132 10936 16069
10936 16069 21132
21368 7656 28068
28068 7656 21368
7656 21368 28068
505 4278 19828
19828 505 4278
4278 505 19828
28749 6180 9902
9902 6180 28749
6180 9902 28749
12705 12987 15025
12987 12705 15025
15025 12705 12987
28675 1489 26189
26189 1489 28675
1489 26189 28675
2313 3136 4207
3136 2313 4207
4207 2313 3136
18437 20890 29077
29077 18437 20890
20890 18437 29077
5469 12628 24610
24610 5469 12628
12628 5469 24610
8580 130 2832
2832 130 8580
130 2832 8580
15747 5778 15239
15239 5778 15747
5778 15239 15747
17846 8272 9687
8272 9687 17846
9687 8272 17846
12673 19915 23031
19915 12673 23031
23031 12673 19915
22971 11278 23873
11278 22971 23873
23873 11278 22971
14778 13701 24681
24681 13701 14778
13701 14778 24681
5077 1085 20605
20605 1085 5077
1085 5077 20605
1795 13112 24734
13112 1795 24734
24734 1795 13112
11013 5019 19703
5019 11013 19703
19703 5019 11013
26316 1730 23293
1730 23293 26316
23293 1730 26316
14890 9688 29657
9688 14890 29657
29657 9688 14890
109 20107 29793
20107 109 29793
29793 109 20107
17834 3977 20889
3977 17834 20889
20889 3977 17834
17741 7892 19138
7892 17741 19138
19138 7892 17741
15612 13961 21585
13961 15612 21585
21585 13961 15612
23082 11404 23978
11404 23082 23978
23978 11404 23082
334 6382 18162
18162 334 6382
6382 334 18162
24746 8219 24961
24961 8219 24746
8219 24746 24961
8510 7129 17805
7129 8510 17805
17805 7129 8510
20219 854 29484
854 20219 29484
29484 854 20219
22169 18161 20410
18161 20410 22169
20410 18161 22169
3561 478 17049
478 3561 17049
17049 478 3561
28877 6263 6989
6989 6263 28877
6263 6989 28877
10494 1384 24787
24787 1384 10494
1384 10494 24787
17360 10536 17942
17942 10536 17360
10536 17360 17942
5806 5091 6345
5091 5806 6345
6345 5091 5806
25873 19902 27829
27829 19902 25873
19902 25873 27829
23711 15652 26548
26548 15652 23711
15652 23711 26548
9271 13618 28927
28927 9271 13618
13618 9271 28927
8007 16775 22152
16775 8007 22152
22152 8007 16775
14700 4722 7322
7322 4722 14700
4722 7322 14700
4180 3327 16178
3327 4180 16178
16178 3327 4180
25434 14101 23595
23595 14101 25434
14101 23595 25434
19468 6576 23778
6576 19468 23778
23778 6576 19468
10077 13066 22473
22473 10077 13066
13066 10077 22473
24586 17417 19448
17417 19448 24586
19448 17417 24586
23787 20728 29862
20728 23787 29862
29862 20728 23787
23535 16732 17178
17178 16732 23535
16732 17178 23535
3599 2558 29884
29884 2558 3599
2558 3599 29884
27708 7618 14072
14072 7618 27708
7618 14072 27708
14239 1184 18867
1184 14239 18867
18867 1184 14239
26478 10182 21038
10182 21038 26478
21038 10182 26478
13391 1399 7540
7540 1399 13391
1399 7540 13391
21328 14712 29383
29383 14712 21328
14712 21328 29383
16763 11309 29207
11309 16763 29207
29207 11309 16763
2051 4031 11823
11823 2051 4031
4031 2051 11823
16828 2375 24549
2375 16828 24549
24549 2375 16828
26180 11836 28008
11836 26180 28008
28008 11836 26180
1903 13976 23136
13976 1903 23136
23136 1903 13976
3244 9717 24441
9717 3244 24441
24441 3244 9717
21173 12810 13316
12810 13316 21173
13316 12810 21173
13214 1746 4464
4464 1746 13214
1746 4464 13214
23693 22864 25631
22864 23693 25631
25631 22864 23693
26716 18582 21353
21353 18582 26716
18582 21353 26716
15545 23047 26417
26417 15545 23047
23047 15545 26417
7265 9653 24230
9653 7265 24230
24230 7265 9653
12776 4640 19106
4640 12776 19106
19106 4640 12776
16167 3140 6893
6893 3140 16167
3140 6893 16167
17240 50 4054
50 4054 17240
4054 50 17240
573 14236 27969
14236 573 27969
27969 573 14236
8513 13820 23027
23027 8513 13820
13820 8513 23027
28205 18759 28128
28128 18759 28205
18759 28128 28205
3602 3616 27554
3616 3602 27554
27554 3602 3616
25123 17656 25639
17656 25123 25639
25639 17656 25123
12039 16469 26239
26239 12039 16469
16469 12039 26239
10021 14384 25468
25468 10021 14384
14384 10021 25468
11604 3910 22047
3910 11604 22047
22047 3910 11604
19255 14851 25350
25350 14851 19255
14851 19255 25350
5588 1622 17928
1622 5588 17928
17928 1622 5588
15924 9216 21531
9216 15924 21531
21531 9216 15924
15534 2794 27499
2794 15534 27499
27499 2794 15534
28343 2036 4055
2036 4055 28343
4055 2036 28343
29533 23877 29319
29319 23877 29533
23877 29319 29533
16135 4746 28718
28718 4746 16135
4746 16135 28718
16904 2235 9360
9360 2235 16904
2235 9360 16904
25735 1516 10951
10951 1516 25735
1516 10951 25735
4660 19198 24308
24308 4660 19198
19198 4660 24308
11797 10330 25937
25937 10330 11797
10330 11797 25937
9278 19547 29057
19547 9278 29057
29057 9278 19547
20445 13261 28535
28535 13261 20445
13261 20445 28535
16882 305 15126
305 15126 16882
15126 305 16882
8818 6992 7864
7864 6992 8818
6992 7864 8818
26052 13159 26868
26868 13159 26052
13159 26052 26868
870 12933 18647
12933 870 18647
18647 870 12933
27616 12543 25387
25387 12543 27616
12543 25387 27616
22835 2032 14654
2032 14654 22835
14654 2032 22835
11420 6062 12846
12846 6062 11420
6062 11420 12846
5829 12524 25083
25083 5829 12524
12524 5829 25083
1467 14114 27159
27159 1467 14114
14114 1467 27159
18479 9045 20852
9045 18479 20852
20852 9045 18479
26128 1110 16196
16196 1110 26128
1110 16196 26128
21483 3669 5858
3669 5858 21483
5858 3669 21483
63 2386 21830
2386 63 21830
21830 63 2386
16449 4104 13624
4104 13624 16449
13624 4104 16449
7668 10420 16171
16171 7668 10420
10420 7668 16171
27425 8722 12886
8722 12886 27425
12886 8722 27425
29333 9188 10905
10905 9188 29333
9188 10905 29333
9017 12231 14321
14321 9017 12231
12231 9017 14321
29686 15410 23065
23065 15410 29686
15410 23065 29686
18741 12774 22582
22582 12774 18741
12774 18741 22582
2101 5541 7549
7549 2101 5541
5541 2101 7549
25237 8067 28337
8067 25237 28337
28337 8067 25237
20490 24006 25488
24006 20490 25488
25488 20490 24006
15331 3300 7954
3300 7954 15331
7954 3300 15331
2951 3771 20479
3771 2951 20479
20479 2951 3771
8846 11777 18258
11777 8846 18258
18258 8846 11777
8847 20739 28893
20739 8847 28893
28893 8847 20739
19920 21093 25071
21093 19920 25071
25071 19920 21093
7623 3530 20902
3530 7623 20902
20902 3530 7623
3070 7878 23489
7878 3070 23489
23489 3070 7878
28276 10414 13981
10414 13981 28276
13981 10414 28276
1014 8280 23144
23144 1014 8280
8280 1014 23144
28112 1198 6182
1198 6182 28112
6182 1198 28112
4079 8300 22173
8300 4079 22173
22173 4079 8300
28782 2104 28127
28127 2104 28782
2104 28127 28782
24558 1565 9794
1565 9794 24558
9794 1565 24558
1800 9686 27854
9686 1800 27854
27854 1800 9686
20616 6373 15864
6373 15864 20616
15864 6373 20616
27828 14787 18667
14787 18667 27828
18667 14787 27828
22837 3127 23785
3127 22837 23785
23785 3127 22837
3260 704 9589
9589 704 3260
704 3260 9589
7027 6203 21441
6203 7027 21441
21441 6203 7027
12838 8686 8726
8686 8726 12838
8726 8686 12838
5839 2124 25454
2124 5839 25454
25454 2124 5839
10125 5304 27639
5304 10125 27639
27639 5304 10125
18833 4250 4702
4702 4250 18833
4250 4702 18833
916 896 13455
896 916 13455
13455 896 916
29872 2003 19711
19711 2003 29872
2003 19711 29872
6558 11766 22485
11766 6558 22485
22485 6558 11766
23592 8778 13185
13185 8778 23592
8778 13185 23592
4646 22750 26350
22750 4646 26350
26350 4646 22750
8053 7150 18680
18680 7150 8053
7150 8053 18680
20550 7592 17841
7592 17841 20550
17841 7592 20550
8290 10775 19499
10775 8290 19499
19499 8290 10775
12736 15514 24384
24384 12736 15514
15514 12736 24384
17743 13660 16130
13660 16130 17743
16130 13660 17743
19131 18404 24084
18404 19131 24084
24084 18404 19131
25973 7591 27128
7591 25973 27128
27128 7591 25973
20382 16798 21624
21624 16798 20382
16798 20382 21624
18861 6808 7808
6808 7808 18861
7808 6808 18861
5668 8005 16170
16170 5668 8005
8005 5668 16170
18441 28938 29197
28938 18441 29197
29197 18441 28938
27575 14989 29762
14989 27575 29762
29762 14989 27575
8689 1725 15917
15917 1725 8689
1725 8689 15917
11311 8175 13485
13485 8175 11311
8175 11311 13485
20400 1729 19395
19395 1729 20400
1729 19395 20400
22161 10115 24390
10115 22161 24390
24390 10115 22161
10336 14049 29923
29923 10336 14049
14049 10336 29923
15958 1604 13561
13561 1604 15958
1604 13561 15958
4205 1979 24666
24666 1979 4205
1979 4205 24666
12364 26134 29472
29472 12364 26134
26134 12364 29472
2755 2083 8332
2083 2755 8332
8332 2083 2755
17482 4986 21491
21491 4986 17482
4986 17482 21491
5757 8439 24588
8439 5757 24588
24588 5757 8439
25986 23909 27754
23909 25986 27754
27754 23909 25986
7606 13862 22166
22166 7606 13862
13862 7606 22166
13394 7467 26587
7467 13394 26587
26587 7467 13394
23185 5540 20085
20085 5540 23185
5540 20085 23185
15551 20321 22366
20321 15551 22366
22366 15551 20321
7573 13130 28330
28330 7573 13130
13130 7573 28330
8463 6843 14612
14612 6843 8463
6843 8463 14612
24168 25985 26680
25985 24168 26680
26680 24168 25985
6564 3529 9512
9512 3529 6564
3529 6564 9512
25659 17214 29372
17214 25659 29372
29372 17214 25659
28494 23380 25226
23380 25226 28494
25226 23380 28494
24801 21482 24710
24710 21482 24801
21482 24710 24801
21614 8641 26888
8641 21614 26888
26888 8641 21614
16210 3700 22259
22259 3700 16210
3700 16210 22259
15630 9097 20329
20329 9097 15630
9097 15630 20329
21934 2381 6495
2381 6495 21934
6495 2381 21934
1611 5294 14848
5294 1611 14848
14848 1611 5294
13511 3713 6798
3713 6798 13511
6798 3713 13511
3767 518 21900
518 3767 21900
21900 518 3767
4368 5717 11654
11654 4368 5717
5717 4368 11654
26659 7705 25879
7705 25879 26659
25879 7705 26659
6149 1475 6824
1475 6149 6824
6824 1475 6149
8497 21321 28300
28300 8497 21321
21321 8497 28300
16960 2289 23737
2289 16960 23737
23737 2289 16960
7441 34 28649
34 7441 28649
28649 34 7441
21396 242 880
242 880 21396
880 242 21396
14804 2314 15211
15211 2314 14804
2314 14804 15211
28994 11964 26342
11964 26342 28994
26342 11964 28994
20265 166 5975
166 5975 20265
5975 166 20265
17792 21115 29269
29269 17792 21115
21115 17792 29269
11256 5235 20375
5235 11256 20375
20375 5235 11256
27049 13108 28395
28395 13108 27049
13108 27049 28395
74 12870 21442
12870 74 21442
21442 74 12870
8794 22150 23932
23932 8794 22150
22150 8794 23932
15336 17789 24258
17789 15336 24258
24258 15336 17789
1020 1845 8071
1845 1020 8071
8071 1020 1845
25021 13508 15366
13508 15366 25021
15366 13508 25021
12457 15946 21670
21670 12457 15946
15946 12457 21670
4125 4628 17642
17642 4125 4628
4628 4125 17642
6308 4815 23517
23517 4815 6308
4815 6308 23517
17772 507 4397
4397 507 17772
507 4397 17772
28697 3040 7489
3040 7489 28697
7489 3040 28697
26595 21728 29946
29946 21728 26595
21728 26595 29946
4950 11411 12759
11411 4950 12759
12759 4950 11411
11810 7193 12801
12801 7193 11810
7193 11810 12801
6080 5523 27560
5523 6080 27560
27560 5523 6080
15720 6329 17919
17919 6329 15720
6329 15720 17919
11250 11895 19334
11895 11250 19334
19334 11250 11895
16677 8384 16717
16717 8384 16677
8384 16677 16717
9864 5710 6535
5710 6535 9864
6535 5710 9864
26357 16412 16968
16968 16412 26357
16412 16968 26357
15855 9533 17251
9533 15855 17251
17251 9533 15855
16528 23841 23986
23841 16528 23986
23986 16528 23841
29141 1001 9900
1001 9900 29141
9900 1001 29141
27841 13204 20882
13204 20882 27841
20882 13204 27841
27645 8454 16126
16126 8454 27645
8454 16126 27645
12893 9984 27084
27084 9984 12893
9984 12893 27084
11904 16790 22439
22439 11904 16790
16790 11904 22439
20058 2360 26630
2360 20058 26630
26630 2360 20058
23312 13637 20061
13637 20061 23312
20061 13637 23312
18293 20693 27137
27137 18293 20693
20693 18293 27137
16924 13582 14836
14836 13582 16924
13582 14836 16924
25033 2897 14818
2897 14818 25033
14818 2897 25033
26785 18535 24475
24475 18535 26785
18535 24475 26785
17813 14240 14957
14240 14957 17813
14957 14240 17813
26603 466 10984
466 10984 26603
10984 466 26603
25120 623 19318
623 19318 25120
19318 623 25120
12757 14870 29168
29168 12757 14870
14870 12757 29168
3456 8274 20112
8274 3456 20112
20112 3456 8274
8311 8786 27027
8786 8311 27027
27027 8311 8786
24837 8292 11060
8292 11060 24837
11060 8292 24837
23278 20592 24547
24547 20592 23278
20592 23278 24547
11324 3355 4584
4584 3355 11324
3355 4584 11324
6788 15988 23426
23426 6788 15988
15988 6788 23426
152 2528 4026
4026 152 2528
2528 152 4026
1989 146 17063
146 1989 17063
17063 146 1989
7755 4400 5245
5245 4400 7755
4400 5245 7755
23026 2852 7337
7337 2852 23026
2852 7337 23026
24977 10832 24802
10832 24802 24977
24802 10832 24977
14145 15426 24139
24139 14145 15426
15426 14145 24139
6606 14130 17072
14130 6606 17072
17072 6606 14130
27595 23138 25093
25093 23138 27595
23138 25093 27595
7699 15384 23169
23169 7699 15384
15384 7699 23169
6413 13432 15807
13432 6413 15807
15807 6413 13432
11661 19746 21450
21450 11661 19746
19746 11661 21450
25442 26024 28000
28000 25442 26024
26024 25442 28000
19636 19883 21550
19883 19636 21550
21550 19636 19883
5236 13162 20533
13162 5236 20533
20533 5236 13162
27994 16064 16841
16064 16841 27994
16841 16064 27994
15871 7941 22227
7941 15871 22227
22227 7941 15871
3847 9659 28364
28364 3847 9659
9659 3847 28364
26214 794 12658
794 12658 26214
12658 794 26214
22846 13423 20595
13423 20595 22846
20595 13423 22846
7645 1905 24081
1905 7645 24081
24081 1905 7645
23757 10546 18942
18942 10546 23757
10546 18942 23757
24458 8182 17618
8182 17618 24458
17618 8182 24458
5543 18997 29442
29442 5543 18997
18997 5543 29442
2330 1983 17494
1983 2330 17494
17494 1983 2330
3730 7471 15387
15387 3730 7471
7471 3730 15387
4823 14910 22576
22576 4823 14910
14910 4823 22576
13481 11504 15170
15170 11504 13481
11504 13481 15170
24653 11972 26824
26824 11972 24653
11972 24653 26824
13392 1855 12071
12071 1855 13392
1855 12071 13392
11039 840 22676
22676 840 11039
840 11039 22676
184 26845 27870
26845 184 27870
27870 184 26845
16922 9928 29449
9928 16922 29449
29449 9928 16922
19059 24518 26848
24518 19059 26848
26848 19059 24518
7888 6844 17544
17544 6844 7888
6844 7888 17544
20431 7204 23843
23843 7204 20431
7204 20431 23843
8963 10728 20503
10728 8963 20503
20503 8963 10728
21646 3738 25594
25594 3738 21646
3738 21646 25594
25212 5434 27818
27818 5434 25212
5434 25212 27818
14295 9117 11648
9117 11648 14295
11648 9117 14295
13547 16628 21425
16628 13547 21425
21425 13547 16628
3753 13522 18104
18104 3753 13522
13522 3753 18104
9748 1914 10087
10087 1914 9748
1914 9748 10087
28937 13592 23724
23724 13592 28937
13592 23724 28937
27428 9551 11022
11022 9551 27428
9551 11022 27428
27621 3101 17552
3101 17552 27621
17552 3101 27621
5924 13662 15791
13662 5924 15791
15791 5924 13662
27514 8464 14475
14475 8464 27514
8464 14475 27514
13515 8190 12383
8190 12383 13515
12383 8190 13515
3557 25683 28103
28103 3557 25683
25683 3557 28103
1539 14467 16626
16626 1539 14467
14467 1539 16626
2092 1468 3165
1468 2092 3165
3165 1468 2092
9644 17680 18991
18991 9644 17680
17680 9644 18991
15911 20032 24211
24211 15911 20032
20032 15911 24211
2401 18616 19049
18616 2401 19049
19049 2401 18616
4845 14027 21971
14027 4845 21971
21971 4845 14027
17263 7957 8628
8628 7957 17263
7957 8628 17263
13778 6414 6525
6414 6525 13778
6525 6414 13778
25829 17812 19077
19077 17812 25829
17812 19077 25829
11436 9327 25229
9327 11436 25229
25229 9327 11436
8327 5956 18269
18269 5956 8327
5956 8327 18269
18443 9603 16634
16634 9603 18443
9603 16634 18443
281 6007 11458
11458 281 6007
6007 281 11458
24146 4859 17075
17075 4859 24146
4859 17075 24146
3002 1879 26383
26383 1879 3002
1879 3002 26383
28586 21439 27142
21439 27142 28586
27142 21439 28586
21011 2357 13694
2357 13694 21011
13694 2357 21011
25655 22581 24836
22581 24836 25655
24836 22581 25655
471 21066 24826
21066 471 24826
24826 471 21066
12940 22340 29302
29302 12940 22340
22340 12940 29302
22017 15203 27881
27881 15203 22017
15203 22017 27881
9164 8495 14532
8495 9164 14532
14532 8495 9164
3277 5296 17820
5296 3277 17820
17820 3277 5296
7449 3486 28829
28829 3486 7449
3486 7449 28829
6395 1609 20672
1609 6395 20672
20672 1609 6395
654 10681 29952
29952 654 10681
10681 654 29952
207 2939 14026
14026 207 2939
2939 207 14026
994 927 18735
18735 927 994
927 994 18735
10288 17808 27752
17808 10288 27752
27752 10288 17808
15843 6868 15157
6868 15157 15843
15157 6868 15843
22759 21067 27611
27611 21067 22759
21067 22759 27611
29545 10223 18358
10223 18358 29545
18358 10223 29545
28998 11674 20285
11674 20285 28998
20285 11674 28998
17594 7663 27998
7663 17594 27998
27998 7663 17594
3821 160 12746
12746 160 3821
160 3821 12746
891 7740 12706
7740 891 12706
12706 891 7740
3448 9475 23998
23998 3448 9475
9475 3448 23998
14425 13336 25213
25213 13336 14425
13336 14425 25213
11874 14486 24375
14486 11874 24375
24375 11874 14486
21277 9500 21201
21201 9500 21277
9500 21201 21277
24599 24809 28616
28616 24599 24809
24809 24599 28616
12254 2767 8714
2767 8714 12254
8714 2767 12254
6210 28144 29150
28144 6210 29150
29150 6210 28144
27774 12635 28124
12635 27774 28124
28124 12635 27774
1942 3833 20936
20936 1942 3833
3833 1942 20936
25980 2662 4777
4777 2662 25980
2662 4777 25980
23119 9896 19197
9896 19197 23119
19197 9896 23119
28110 9867 10845
10845 9867 28110
9867 10845 28110
15257 20587 21829
20587 15257 21829
21829 15257 20587
9987 15348 22829
15348 9987 22829
22829 9987 15348
3779 3161 28426
3161 3779 28426
28426 3161 3779
5661 17736 22704
17736 5661 22704
22704 5661 17736
17441 14449 15350
14449 15350 17441
15350 14449 17441
28210 10881 24617
10881 24617 28210
24617 10881 28210
13761 481 8643
481 8643 13761
8643 481 13761
21560 2713 17009
2713 17009 21560
17009 2713 21560
7351 27056 29683
29683 7351 27056
27056 7351 29683
14013 835 9025
9025 835 14013
835 9025 14013
5365 6528 28568
6528 5365 28568
28568 5365 6528
11993 318 14068
14068 318 11993
318 11993 14068
18761 22569 28199
22569 18761 28199
28199 18761 22569
5626 733 16982
16982 733 5626
733 5626 16982
17546 3630 19589
3630 17546 19589
19589 3630 17546
21783 11070 21234
11070 21234 21783
21234 11070 21783
933 21675 26090
26090 933 21675
21675 933 26090
20256 18506 23348
18506 20256 23348
23348 18506 20256
25733 3641 12605
3641 12605 25733
12605 3641 25733
28158 7064 12226
7064 12226 28158
12226 7064 28158
24347 1097 3420
3420 1097 24347
1097 3420 24347
18013 4381 8077
4381 8077 18013
8077 4381 18013
6621 22002 29787
29787 6621 22002
22002 6621 29787
27837 9994 20377
9994 20377 27837
20377 9994 27837
23322 1793 19178
1793 19178 23322
19178 1793 23322
25074 9386 14186
14186 9386 25074
9386 14186 25074
2231 16813 21922
21922 2231 16813
16813 2231 21922
6369 421 4896
4896 421 6369
421 4896 6369
14147 1347 9485
1347 9485 14147
9485 1347 14147
16261 6516 7911
7911 6516 16261
6516 7911 16261
1037 7011 11159
11159 1037 7011
7011 1037 11159
25902 5412 22178
22178 5412 25902
5412 22178 25902
10917 13557 17010
13557 10917 17010
17010 10917 13557
3837 3554 27333
3554 3837 27333
27333 3554 3837
26060 2696 24876
24876 2696 26060
2696 24876 26060
7346 4315 5905
5905 4315 7346
4315 5905 7346
6594 1830 22081
22081 1830 6594
1830 6594 22081
1478 18791 24528
18791 1478 24528
24528 1478 18791
22662 9065 15456
15456 9065 22662
9065 15456 22662
24076 15999 25841
15999 24076 25841
25841 15999 24076
18657 16676 18208
16676 18208 18657
18208 16676 18657
19439 9436 27029
9436 19439 27029
27029 9436 19439
21081 13150 25574
25574 13150 21081
13150 21081 25574
6174 6889 9024
9024 6174 6889
6889 6174 9024
2278 2576 27872
27872 2278 2576
2576 2278 27872
15862 7678 8937
8937 7678 15862
7678 8937 15862
14063 8070 12681
8070 12681 14063
12681 8070 14063
6319 22436 28280
22436 6319 28280
28280 6319 22436
1603 15694 29391
15694 1603 29391
29391 1603 15694
7683 10548 23683
23683 7683 10548
10548 7683 23683
24965 14834 23342
23342 14834 24965
14834 23342 24965
27280 2853 8790
2853 8790 27280
8790 2853 27280
16271 956 22905
22905 956 16271
956 16271 22905
1974 7786 16869
7786 1974 16869
16869 1974 7786
6219 11212 22998
22998 6219 11212
11212 6219 22998
2815 1212 22007
22007 1212 2815
1212 2815 22007
24920 6636 13045
6636 13045 24920
13045 6636 24920
3937 28082 28166
28082 3937 28166
28166 3937 28082
5123 4033 6622
4033 5123 6622
6622 4033 5123
20851 11899 12221
12221 11899 20851
11899 12221 20851
14255 17331 27371
27371 14255 17331
17331 14255 27371
29278 2708 29327
29327 2708 29278
2708 29278 29327
10776 3239 14523
3239 10776 14523
14523 3239 10776
17503 15359 17242
17242 15359 17503
15359 17242 17503
5357 10433 28481
10433 5357 28481
28481 5357 10433
27932 6829 20461
6829 20461 27932
20461 6829 27932
23124 2855 26133
2855 23124 26133
26133 2855 23124
17973 4305 20685
20685 4305 17973
4305 17973 20685
24578 7922 22890
22890 7922 24578
7922 22890 24578
5316 6823 21440
6823 5316 21440
21440 5316 6823
25847 422 1990
1990 422 25847
422 1990 25847
16610 20589 22371
20589 16610 22371
22371 16610 20589
17613 22528 26041
26041 17613 22528
22528 17613 26041
17716 9851 10086
10086 9851 17716
9851 10086 17716
15673 16607 17000
16607 15673 17000
17000 15673 16607
26409 8102 23149
8102 23149 26409
23149 8102 26409
22460 11197 23275
23275 11197 22460
11197 22460 23275
19695 9260 29919
29919 9260 19695
9260 19695 29919
11383 9734 21220
21220 9734 11383
9734 11383 21220
19123 1412 13775
13775 1412 19123
1412 13775 19123
16833 11664 18068
11664 16833 18068
18068 11664 16833
21257 2491 14491
2491 14491 21257
14491 2491 21257
17962 1702 22994
22994 1702 17962
1702 17962 22994
13077 16332 27095
27095 13077 16332
16332 13077 27095
23325 4387 6772
4387 6772 23325
6772 4387 23325
475 12601 20093
12601 475 20093
20093 475 12601
21869 8573 26987
8573 21869 26987
26987 8573 21869
19598 3491 15077
15077 3491 19598
3491 15077 19598
26890 5186 7267
7267 5186 26890
5186 7267 26890
13848 13805 23386
13805 13848 23386
23386 13805 13848
29145 17878 22483
22483 17878 29145
17878 22483 29145
19269 5833 17273
17273 5833 19269
5833 17273 19269
28826 13800 26557
13800 26557 28826
26557 13800 28826
1472 15447 19466
19466 1472 15447
15447 1472 19466
24172 17739 28876
28876 17739 24172
17739 24172 28876
26280 11567 16121
16121 11567 26280
11567 16121 26280
24220 17462 25824
17462 24220 25824
25824 17462 24220
18403 5633 26790
26790 5633 18403
5633 18403 26790
10909 16498 21599
21599 10909 16498
16498 10909 21599
9912 15722 17897
15722 9912 17897
17897 9912 15722
13003 24345 28161
24345 13003 28161
28161 13003 24345
23474 11833 26761
26761 11833 23474
11833 23474 26761
14302 5709 26837
26837 5709 14302
5709 14302 26837
20681 14649 27983
14649 20681 27983
27983 14649 20681
21499 27451 27572
27572 21499 27451
27451 21499 27572
11716 4623 7434
7434 4623 11716
4623 7434 11716
17425 6250 14944
6250 14944 17425
14944 6250 17425
16636 1066 16245
16245 1066 16636
1066 16245 16636
15593 4045 10844
10844 4045 15593
4045 10844 15593
29853 26866 27658
27658 26866 29853
26866 27658 29853
22272 23135 27034
27034 22272 23135
23135 22272 27034
20282 3033 9916
3033 9916 20282
9916 3033 20282
4017 5617 8674
8674 4017 5617
5617 4017 8674
14595 4706 4865
4706 4865 14595
4865 4706 14595
11409 1912 22564
1912 11409 22564
22564 1912 11409
25591 11273 15583
11273 15583 25591
15583 11273 25591
11851 9764 17776
9764 11851 17776
17776 9764 11851
1930 4829 13043
13043 1930 4829
4829 1930 13043
463 18022 25854
18022 463 25854
25854 463 18022
9850 6075 6915
6075 6915 9850
6915 6075 9850
9968 2473 22120
22120 2473 9968
2473 9968 22120
17029 1692 29229
29229 1692 17029
1692 17029 29229
6906 8678 18721
18721 6906 8678
8678 6906 18721
6334 23399 25172
23399 6334 25172
25172 6334 23399
9625 4606 15577
15577 4606 9625
4606 9625 15577
13676 19794 20908
19794 13676 20908
20908 13676 19794
23091 8011 26244
8011 23091 26244
26244 8011 23091
19595 2738 23282
23282 2738 19595
2738 19595 23282
25836 8131 25419
8131 25419 25836
25419 8131 25836
23190 7842 11519
7842 11519 23190
11519 7842 23190
19772 16078 28394
16078 19772 28394
28394 16078 19772
12067 6886 28334
28334 6886 12067
6886 12067 28334
629 2742 9420
2742 629 9420
9420 629 2742
15280 2078 23931
23931 2078 15280
2078 15280 23931
632 10110 18267
18267 632 10110
10110 632 18267
15737 24201 29147
24201 15737 29147
29147 15737 24201
29704 14057 27473
27473 14057 29704
14057 27473 29704
24302 13249 17843
13249 17843 24302
17843 13249 24302
26846 9338 22271
22271 9338 26846
9338 22271 26846
17169 1578 7971
7971 1578 17169
1578 7971 17169
21671 14553 29177
14553 21671 29177
29177 14553 21671
27432 25828 26995
25828 26995 27432
26995 25828 27432
8161 6266 6417
6417 6266 8161
6266 6417 8161
6153 24643 26899
26899 6153 24643
24643 6153 26899
16714 5692 20146
20146 5692 16714
5692 16714 20146
10668 4547 26153
26153 4547 10668
4547 10668 26153
9412 6073 25527
6073 9412 25527
25527 6073 9412
26965 6765 24124
24124 6765 26965
6765 24124 26965
3828 8865 18604
18604 3828 8865
8865 3828 18604
15909 12355 28695
28695 12355 15909
12355 15909 28695
5842 19522 25728
25728 5842 19522
19522 5842 25728
4097 16994 29959
16994 4097 29959
29959 4097 16994
27293 25948 27495
27495 25948 27293
25948 27293 27495
27885 2601 26513
26513 2601 27885
2601 26513 27885
20747 4007 25553
25553 4007 20747
4007 20747 25553
14670 117 17087
17087 117 14670
117 14670 17087
22110 20071 23488
20071 22110 23488
23488 20071 22110
2037 4012 26205
26205 2037 4012
4012 2037 26205
12265 2549 6283
2549 6283 12265
6283 2549 12265
10248 17475 21774
17475 10248 21774
21774 10248 17475
15319 29009 29397
29397 15319 29009
29009 15319 29397
17933 9599 16404
9599 16404 17933
16404 9599 17933
18868 3004 9630
9630 3004 18868
3004 9630 18868
4601 20015 25422
25422 4601 20015
20015 4601 25422
3861 13634 25238
25238 3861 13634
13634 3861 25238
13039 8366 15098
15098 8366 13039
8366 13039 15098
18384 9700 26889
26889 9700 18384
9700 18384 26889
23409 2643 9582
9582 2643 23409
2643 9582 23409
27168 14578 19578
19578 14578 27168
14578 19578 27168
7870 6085 7820
6085 7820 7870
7820 6085 7870
2372 3489 29745
29745 2372 3489
3489 2372 29745
3571 19349 25485
25485 3571 19349
19349 3571 25485
612 21120 24702
21120 612 24702
24702 612 21120
22462 10739 20365
20365 10739 22462
10739 20365 22462
2340 7991 23200
7991 2340 23200
23200 2340 7991
14969 7946 14563
14563 7946 14969
7946 14563 14969
18314 1636 12513
1636 12513 18314
12513 1636 18314
7350 15196 20509
20509 7350 15196
15196 7350 20509
27210 10727 14889
10727 14889 27210
14889 10727 27210
24035 23590 24255
24255 23590 24035
23590 24035 24255
5512 19453 28976
28976 5512 19453
19453 5512 28976
