70 21 257
21 70 257
257 21 70
27 47 222
47 27 222
222 27 47
166 53 229
53 166 229
229 53 166
154 284 298
284 154 298
298 154 284
114 12 169
12 114 169
169 12 114
235 37 39
39 37 235
37 39 235
44 170 300
170 44 300
300 44 170
30 142 223
142 30 223
223 30 142
3 77 192
192 3 77
77 3 192
2 56 212
212 2 56
56 2 212
138 109 208
208 109 138
109 138 208
24 84 118
118 24 84
84 24 118
159 67 258
258 67 159
67 159 258
165 8 202
8 165 202
202 8 165
113 18 185
185 18 113
18 113 185
253 74 129
74 129 253
129 74 253
94 82 217
217 82 94
82 94 217
168 219 295
295 168 219
219 168 295
184 126 216
216 126 184
126 184 216
224 100 140
140 100 224
100 140 224
248 274 293
293 248 274
274 248 293
153 193 276
193 153 276
276 153 193
16 269 290
269 16 290
290 16 269
95 78 92
78 92 95
92 78 95
25 149 204
204 25 149
149 25 204
252 130 156
130 156 252
156 130 252
148 10 121
121 10 148
10 121 148
294 65 72
65 72 294
72 65 294
271 221 225
225 221 271
221 225 271
76 135 292
292 76 135
135 76 292
272 40 145
145 40 272
40 145 272
180 139 249
249 139 180
139 180 249
181 43 236
236 43 181
43 181 236
270 230 250
230 250 270
250 230 270
87 111 268
111 87 268
268 87 111
237 31 69
69 31 237
31 69 237
75 64 277
277 64 75
64 75 277
57 120 124
124 57 120
120 57 124
299 51 59
59 51 299
51 59 299
231 60 116
116 60 231
60 116 231
261 26 278
26 261 278
278 26 261
150 13 263
13 150 263
263 13 150
93 200 201
200 93 201
201 93 200
265 106 144
106 144 265
144 106 265
103 155 240
155 103 240
240 103 155
91 273 280
280 91 273
273 91 280
215 131 243
243 131 215
131 215 243
281 123 128
128 123 281
123 128 281
255 68 143
143 68 255
68 143 255
199 117 178
178 117 199
117 178 199
282 20 191
191 20 282
20 191 282
275 35 205
35 205 275
205 35 275
1 105 196
196 1 105
105 1 196
190 23 286
286 23 190
23 190 286
7 132 220
132 7 220
220 7 132
97 4 246
4 97 246
246 4 97
197 19 34
34 19 197
19 34 197
267 162 296
296 162 267
162 267 296
41 107 172
107 41 172
172 41 107
86 183 226
183 86 226
226 86 183
119 9 99
9 99 119
99 9 119
256 62 198
198 62 256
62 198 256
214 28 112
28 112 214
112 28 214
177 50 152
50 152 177
152 50 177
6 207 251
207 6 251
251 6 207
186 36 88
36 88 186
88 36 186
259 14 58
14 58 259
58 14 259
29 209 239
239 29 209
209 29 239
133 90 213
90 133 213
213 90 133
61 5 46
5 46 61
46 5 61
55 147 210
210 55 147
147 55 210
218 66 289
289 66 218
66 218 289
161 158 179
179 158 161
158 161 179
83 71 241
71 83 241
241 71 83
122 167 188
167 122 188
188 122 167
164 233 238
233 164 238
238 164 233
146 73 234
73 146 234
234 73 146
63 151 195
195 63 151
151 63 195
173 33 80
80 33 173
33 80 173
42 245 288
245 42 288
288 42 245
38 52 101
52 38 101
101 38 52
157 45 102
102 45 157
45 102 157
17 175 297
175 17 297
297 17 175
81 189 285
285 81 189
189 81 285
89 134 163
134 89 163
163 89 134
182 22 79
79 22 182
22 79 182
171 247 287
287 171 247
247 171 287
242 228 254
254 228 242
228 242 254
174 96 232
96 174 232
232 96 174
136 260 283
283 136 260
260 136 283
85 110 279
279 85 110
110 85 279
160 98 127
98 127 160
127 98 160
125 141 187
141 125 187
187 125 141
244 115 137
115 137 244
137 115 244
203 194 262
194 203 262
262 194 203
15 49 264
49 15 264
264 15 49
227 211 291
291 211 227
211 227 291
48 11 54
11 48 54
54 11 48
206 104 108
104 108 206
108 104 206
32 176 266
266 32 176
176 32 266
