756 42 2603
2603 42 756
42 756 2603
1954 46 352
46 352 1954
352 46 1954
1243 600 1816
1816 600 1243
600 1243 1816
1882 316 887
887 316 1882
316 887 1882
1862 2655 2901
2901 1862 2655
2655 1862 2901
2664 735 2910
2910 735 2664
735 2664 2910
2393 1909 1932
1909 1932 2393
1932 1909 2393
527 796 2991
796 527 2991
2991 527 796
2877 2354 2630
2354 2630 2877
2630 2354 2877
1926 406 2231
2231 406 1926
406 1926 2231
2930 1079 2715
1079 2715 2930
2715 1079 2930
2197 2345 2362
2345 2197 2362
2362 2197 2345
624 961 2863
2863 624 961
961 624 2863
1544 1892 2074
2074 1544 1892
1892 1544 2074
460 2353 2650
2650 460 2353
2353 460 2650
1948 1021 2012
2012 1021 1948
1021 1948 2012
2053 1389 2697
1389 2053 2697
2697 1389 2053
473 185 2614
2614 185 473
185 473 2614
1315 1166 1553
1553 1166 1315
1166 1315 1553
837 24 2271
2271 24 837
24 837 2271
696 1183 2807
1183 696 2807
2807 696 1183
1762 1089 1784
1784 1089 1762
1089 1762 1784
1686 2785 2913
2913 1686 2785
2785 1686 2913
1471 1632 2539
1632 1471 2539
2539 1471 1632
63 1247 1417
1247 63 1417
1417 63 1247
872 1559 2907
1559 872 2907
2907 872 1559
2959 1067 2884
1067 2884 2959
2884 1067 2959
264 1582 1721
1582 264 1721
1721 264 1582
757 520 2206
520 757 2206
2206 520 757
716 2391 2747
2747 716 2391
2391 716 2747
341 694 944
944 341 694
694 341 944
96 500 2843
500 96 2843
2843 96 500
2825 1844 2242
2242 1844 2825
1844 2242 2825
112 543 1678
1678 112 543
543 112 1678
1481 123 1809
1809 123 1481
123 1481 1809
2535 504 2974
2974 504 2535
504 2535 2974
2078 197 234
234 197 2078
197 234 2078
1499 219 2247
219 1499 2247
2247 219 1499
1204 305 2188
2188 305 1204
305 1204 2188
124 1305 2836
2836 124 1305
1305 124 2836
2152 1342 1916
1916 1342 2152
1342 1916 2152
1376 2839 2970
2970 1376 2839
2839 1376 2970
1672 2416 2460
2460 1672 2416
2416 1672 2460
1050 379 1092
379 1050 1092
1092 379 1050
1435 1742 1813
1742 1435 1813
1813 1435 1742
2494 303 2623
303 2494 2623
2623 303 2494
12 1340 1601
1340 12 1601
1601 12 1340
2545 456 1755
1755 456 2545
456 1755 2545
2701 1068 2812
2812 1068 2701
1068 2701 2812
1467 1316 1427
1316 1427 1467
1427 1316 1467
82 808 1875
1875 82 808
808 82 1875
749 1598 2273
1598 749 2273
2273 749 1598
1326 1684 2317
1684 1326 2317
2317 1326 1684
1214 455 2132
455 1214 2132
2132 455 1214
1124 1301 1465
1465 1124 1301
1301 1124 1465
2342 444 1620
444 1620 2342
1620 444 2342
800 1962 2429
1962 800 2429
2429 800 1962
1774 201 651
651 201 1774
201 651 1774
1252 152 2212
2212 152 1252
152 1252 2212
1309 400 2617
2617 400 1309
400 1309 2617
1864 476 1242
1242 476 1864
476 1242 1864
656 184 2137
184 656 2137
2137 184 656
641 552 1483
552 641 1483
1483 552 641
544 386 1318
386 544 1318
1318 386 544
1504 846 2702
846 1504 2702
2702 846 1504
768 2724 2896
2724 768 2896
2896 768 2724
643 293 900
293 643 900
900 293 643
25 579 2182
2182 25 579
579 25 2182
1890 415 1630
1630 415 1890
415 1630 1890
1538 1585 2010
2010 1538 1585
1585 1538 2010
2050 791 2118
791 2050 2118
2118 791 2050
1873 301 1337
301 1337 1873
1337 301 1873
2773 968 2063
2063 968 2773
968 2063 2773
1575 857 2089
857 1575 2089
2089 857 1575
485 669 1609
1609 485 669
669 485 1609
2933 517 2110
2110 517 2933
517 2110 2933
2810 785 1723
785 1723 2810
1723 785 2810
2788 142 1373
142 1373 2788
1373 142 2788
2258 475 2488
475 2258 2488
2488 475 2258
788 274 304
274 304 788
304 274 788
2774 1605 1805
1605 1805 2774
1805 1605 2774
427 419 1065
419 427 1065
1065 419 427
2449 1281 1384
1384 1281 2449
1281 1384 2449
1506 930 2080
930 1506 2080
2080 930 1506
1408 2371 2761
2761 1408 2371
2371 1408 2761
1093 799 1919
799 1093 1919
1919 799 1093
136 469 1958
469 136 1958
1958 136 469
1811 1296 1920
1296 1811 1920
1920 1296 1811
1012 496 2517
2517 496 1012
496 1012 2517
2232 1382 1734
1734 1382 2232
1382 1734 2232
2278 818 2693
2693 818 2278
818 2278 2693
2979 86 2767
86 2767 2979
2767 86 2979
2847 94 707
94 707 2847
707 94 2847
654 638 728
728 638 654
638 654 728
156 1458 1741
1458 156 1741
1741 156 1458
2502 1006 1137
1006 1137 2502
1137 1006 2502
1999 816 2893
2893 816 1999
816 1999 2893
644 1036 1797
1036 644 1797
1797 644 1036
370 1073 2252
2252 370 1073
1073 370 2252
2361 119 417
417 119 2361
119 417 2361
2031 287 2165
287 2031 2165
2165 287 2031
349 1075 1807
1075 349 1807
1807 349 1075
1044 729 826
826 729 1044
729 826 1044
2779 1891 2404
1891 2404 2779
2404 1891 2779
2721 213 1933
1933 213 2721
213 1933 2721
2019 2752 2924
2924 2019 2752
2752 2019 2924
1260 2783 2975
2783 1260 2975
2975 1260 2783
1942 2562 2797
2797 1942 2562
2562 1942 2797
2193 518 1868
1868 518 2193
518 1868 2193
278 1473 1792
1792 278 1473
1473 278 1792
2993 1172 2515
1172 2515 2993
2515 1172 2993
864 1847 2149
2149 864 1847
1847 864 2149
190 1717 1990
1717 190 1990
1990 190 1717
2142 1825 2261
2261 1825 2142
1825 2142 2261
1702 2151 2589
2151 1702 2589
2589 1702 2151
336 331 560
331 336 560
560 331 336
1196 1502 2584
1502 1196 2584
2584 1196 1502
1819 779 2862
2862 779 1819
779 1819 2862
1371 463 2336
2336 463 1371
463 1371 2336
2017 1397 2473
2473 1397 2017
1397 2017 2473
630 1453 2210
2210 630 1453
1453 630 2210
2889 795 2124
795 2124 2889
2124 795 2889
2833 146 1670
1670 146 2833
146 1670 2833
1615 1411 1934
1934 1411 1615
1411 1615 1934
257 580 1788
1788 257 580
580 257 1788
2106 1227 2435
1227 2106 2435
2435 1227 2106
899 1475 2314
1475 899 2314
2314 899 1475
1558 2516 2829
2829 1558 2516
2516 1558 2829
760 711 1042
711 760 1042
1042 711 760
1773 1258 1594
1594 1258 1773
1258 1594 1773
1387 1322 1709
1322 1387 1709
1709 1322 1387
189 1986 2477
1986 189 2477
2477 189 1986
966 2076 2731
2076 966 2731
2731 966 2076
424 1257 1428
1428 424 1257
1257 424 1428
1100 250 1578
1578 250 1100
250 1100 1578
2002 1636 1724
1724 1636 2002
1636 1724 2002
2487 557 1324
1324 557 2487
557 1324 2487
1180 1056 2062
1056 1180 2062
2062 1056 1180
2046 2041 2737
2041 2046 2737
2737 2041 2046
2236 1285 1516
1285 1516 2236
1516 1285 2236
2189 1456 1480
1456 1480 2189
1480 1456 2189
1070 141 2723
2723 141 1070
141 1070 2723
1131 160 2509
2509 160 1131
160 1131 2509
934 368 2398
2398 368 934
368 934 2398
2615 1779 2902
2902 1779 2615
1779 2615 2902
2729 412 1230
412 1230 2729
1230 412 2729
1951 325 1793
325 1793 1951
1793 325 1951
540 268 1826
268 540 1826
1826 268 540
2641 734 2007
734 2007 2641
2007 734 2641
2717 777 1478
777 1478 2717
1478 777 2717
623 1105 2434
1105 623 2434
2434 623 1105
1513 1351 1794
1794 1351 1513
1351 1513 1794
2166 383 1532
1532 383 2166
383 1532 2166
227 585 1393
585 227 1393
1393 227 585
299 224 876
876 224 299
224 299 876
1113 2597 2973
2973 1113 2597
2597 1113 2973
1694 501 2932
501 1694 2932
2932 501 1694
1497 1463 2548
2548 1463 1497
1463 1497 2548
319 73 719
73 319 719
719 73 319
2960 2038 2121
2121 2038 2960
2038 2121 2960
1034 1331 1907
1907 1034 1331
1331 1034 1907
2008 1540 1973
1973 1540 2008
1540 1973 2008
592 1810 2055
1810 592 2055
2055 592 1810
2037 2554 2784
2554 2037 2784
2784 2037 2554
1072 277 1126
277 1072 1126
1126 277 1072
2022 1680 2453
1680 2022 2453
2453 1680 2022
9 1765 1968
1765 9 1968
1968 9 1765
403 958 1552
1552 403 958
958 403 1552
1503 1320 2196
2196 1320 1503
1320 1503 2196
2191 583 781
781 583 2191
583 781 2191
2681 53 2448
53 2448 2681
2448 53 2681
1822 2109 2859
2109 1822 2859
2859 1822 2109
275 183 2804
2804 183 275
183 275 2804
1739 572 2414
2414 572 1739
572 1739 2414
1474 946 2887
2887 946 1474
946 1474 2887
817 514 1928
1928 514 817
514 817 1928
2223 1013 1655
1013 1655 2223
1655 1013 2223
1339 1957 2112
1957 1339 2112
2112 1339 1957
2225 34 1761
1761 34 2225
34 1761 2225
2776 951 2023
2023 951 2776
951 2023 2776
2065 428 1213
428 1213 2065
1213 428 2065
2686 672 1429
672 1429 2686
1429 672 2686
1297 1088 1648
1088 1297 1648
1648 1088 1297
2629 1567 2969
1567 2629 2969
2969 1567 2629
2291 965 1663
965 1663 2291
1663 965 2291
1217 433 1484
433 1217 1484
1484 433 1217
347 1610 2445
1610 347 2445
2445 347 1610
2864 208 487
208 487 2864
487 208 2864
2725 1163 1562
1562 1163 2725
1163 1562 2725
1592 2016 2084
2084 1592 2016
2016 1592 2084
667 1517 1650
1650 667 1517
1517 667 1650
1961 1631 2680
1631 1961 2680
2680 1631 1961
2738 831 1164
1164 831 2738
831 1164 2738
369 1579 1767
1579 369 1767
1767 369 1579
1848 1754 2484
1754 1848 2484
2484 1754 1848
1156 1455 2213
2213 1156 1455
1455 1156 2213
149 176 1380
1380 149 176
176 149 1380
742 789 1536
789 742 1536
1536 742 789
929 687 1749
687 929 1749
1749 687 929
2980 1913 2582
2582 1913 2980
1913 2582 2980
1828 2900 2918
2918 1828 2900
2900 1828 2918
2451 1759 2967
1759 2451 2967
2967 1759 2451
645 570 1461
570 645 1461
1461 570 645
2400 181 1638
181 1638 2400
1638 181 2400
1568 1660 2111
2111 1568 1660
1660 1568 2111
2778 2103 2643
2103 2643 2778
2643 2103 2778
2369 1123 1271
1123 1271 2369
1271 1123 2369
1651 1270 2984
2984 1270 1651
1270 1651 2984
323 1572 1900
1900 323 1572
1572 323 1900
1096 23 251
251 23 1096
23 251 1096
754 2396 2503
2396 754 2503
2503 754 2396
155 1955 2030
1955 155 2030
2030 155 1955
79 812 2364
2364 79 812
812 79 2364
688 581 2765
2765 581 688
581 688 2765
2691 1128 2390
1128 2390 2691
2390 1128 2691
2491 2119 2705
2119 2491 2705
2705 2119 2491
122 309 1276
309 122 1276
1276 122 309
2346 1250 2482
2482 1250 2346
1250 2346 2482
774 906 1827
906 774 1827
1827 774 906
1965 975 2339
975 1965 2339
2339 975 1965
1617 932 1690
932 1617 1690
1690 932 1617
2135 83 919
83 919 2135
919 83 2135
1294 568 1556
568 1294 1556
1556 568 1294
2952 862 1370
862 1370 2952
1370 862 2952
2868 834 2601
834 2601 2868
2601 834 2868
2462 775 1607
775 1607 2462
1607 775 2462
2401 2654 2775
2654 2401 2775
2775 2401 2654
615 1288 1743
1743 615 1288
1288 615 1743
1402 1306 1938
1306 1402 1938
1938 1306 1402
1112 937 2750
937 1112 2750
2750 937 1112
990 1108 1978
1978 990 1108
1108 990 1978
2192 404 1675
1675 404 2192
404 1675 2192
2777 1157 1653
1157 1653 2777
1653 1157 2777
68 1441 1611
1441 68 1611
1611 68 1441
2640 2328 2707
2707 2328 2640
2328 2640 2707
1102 249 738
249 738 1102
738 249 1102
2828 1186 1349
1349 1186 2828
1186 1349 2828
40 575 823
823 40 575
575 40 823
1107 2260 2943
2260 1107 2943
2943 1107 2260
766 51 1602
1602 51 766
51 766 1602
259 438 2644
2644 259 438
438 259 2644
2045 740 1695
740 1695 2045
1695 740 2045
1240 52 263
52 263 1240
263 52 1240
505 200 2981
2981 200 505
200 505 2981
178 2011 2107
2107 178 2011
2011 178 2107
1521 2677 2780
2780 1521 2677
2677 1521 2780
314 1308 1381
1308 314 1381
1381 314 1308
1091 888 2190
2190 888 1091
888 1091 2190
1224 702 2708
2708 702 1224
702 1224 2708
33 1057 2972
2972 33 1057
1057 33 2972
1525 625 713
625 713 1525
713 625 1525
907 159 2689
159 907 2689
2689 159 907
970 120 1218
120 970 1218
1218 120 970
225 851 1179
851 225 1179
1179 225 851
443 1039 2661
2661 443 1039
1039 443 2661
98 288 698
698 98 288
288 98 698
2739 1640 1763
1763 1640 2739
1640 1763 2739
2405 1350 2262
1350 2262 2405
2262 1350 2405
2602 338 2018
2018 338 2602
338 2018 2602
1964 1510 2763
2763 1510 1964
1510 1964 2763
2854 596 2706
596 2706 2854
2706 596 2854
1889 736 2911
2911 736 1889
736 1889 2911
1182 1798 2587
1798 1182 2587
2587 1182 1798
265 2049 2772
2049 265 2772
2772 265 2049
936 1733 1845
1845 936 1733
1733 936 1845
461 931 2070
931 461 2070
2070 461 931
1587 974 2581
974 1587 2581
2581 974 1587
2461 2013 2381
2381 2013 2461
2013 2381 2461
1998 2240 2800
2800 1998 2240
2240 1998 2800
2375 920 1931
920 1931 2375
1931 920 2375
1628 1121 1947
1947 1121 1628
1121 1628 1947
956 334 2998
334 956 2998
2998 334 956
1534 604 2067
604 1534 2067
2067 604 1534
2146 346 2616
2616 346 2146
346 2146 2616
1971 56 1145
56 1145 1971
1145 56 1971
511 474 1409
1409 474 511
474 511 1409
1667 49 964
964 49 1667
49 964 1667
1335 2257 2308
2308 1335 2257
2257 1335 2308
1338 506 1177
506 1177 1338
1177 506 1338
693 927 2822
927 693 2822
2822 693 927
302 442 2841
2841 302 442
442 302 2841
1273 229 2986
2986 229 1273
229 1273 2986
111 1118 2588
1118 111 2588
2588 111 1118
1843 16 2577
16 1843 2577
2577 16 1843
414 925 971
971 414 925
925 414 971
1514 254 2749
2749 254 1514
254 1514 2749
893 2411 2733
2411 893 2733
2733 893 2411
222 1861 2939
1861 222 2939
2939 222 1861
1637 1352 1905
1352 1637 1905
1905 1352 1637
239 884 2208
884 239 2208
2208 239 884
1302 723 2648
723 1302 2648
2648 723 1302
1264 276 982
276 982 1264
982 276 1264
830 2573 2897
2897 830 2573
2573 830 2897
1082 883 2179
883 1082 2179
2179 883 1082
21 312 710
312 21 710
710 21 312
1425 437 1764
1764 437 1425
437 1425 1764
1622 1769 2311
1769 1622 2311
2311 1622 1769
1111 2598 2726
2598 1111 2726
2726 1111 2598
374 1388 2714
2714 374 1388
1388 374 2714
2380 563 2244
2244 563 2380
563 2244 2380
2172 1150 2948
1150 2172 2948
2948 1150 2172
1836 337 2523
2523 337 1836
337 1836 2523
2831 530 2438
530 2438 2831
2438 530 2831
1394 343 2064
343 1394 2064
2064 343 1394
2385 1959 2704
2704 1959 2385
1959 2385 2704
1922 2544 2867
2544 1922 2867
2867 1922 2544
2475 1571 2764
2764 1571 2475
1571 2475 2764
2666 2580 2821
2821 2580 2666
2580 2666 2821
829 102 2320
102 829 2320
2320 102 829
820 547 661
661 547 820
547 661 820
2923 1293 1390
1293 1390 2923
1390 1293 2923
2309 2034 2996
2034 2309 2996
2996 2034 2309
2826 131 2331
2331 131 2826
131 2331 2826
1857 449 704
704 449 1857
449 704 1857
8 706 724
706 8 724
724 8 706
1197 1038 2620
1038 1197 2620
2620 1038 1197
486 458 2061
458 486 2061
2061 458 486
2433 1750 2222
2222 1750 2433
1750 2222 2433
2866 2202 2757
2757 2202 2866
2202 2757 2866
281 541 1815
1815 281 541
541 281 1815
2758 1906 2466
2466 1906 2758
1906 2466 2758
1896 385 648
648 385 1896
385 648 1896
1313 132 983
132 983 1313
983 132 1313
854 691 988
691 854 988
988 691 854
2088 636 2478
636 2088 2478
2478 636 2088
2835 1549 2218
2218 1549 2835
1549 2218 2835
1752 1212 2322
2322 1212 1752
1212 1752 2322
2228 423 2313
2313 423 2228
423 2228 2313
2032 173 1701
173 1701 2032
1701 173 2032
1236 993 2499
2499 993 1236
993 1236 2499
1325 869 1486
1486 869 1325
869 1325 1486
772 2443 2576
2576 772 2443
2443 772 2576
994 296 2268
2268 296 994
296 994 2268
2935 548 1925
1925 548 2935
548 1925 2935
1910 759 2255
2255 759 1910
759 1910 2255
1459 491 2343
2343 491 1459
491 1459 2343
627 1619 2870
1619 627 2870
2870 627 1619
2483 559 2964
559 2483 2964
2964 559 2483
2794 2164 2263
2263 2164 2794
2164 2263 2794
212 917 2728
917 212 2728
2728 212 917
571 2095 2489
2095 571 2489
2489 571 2095
1849 2120 2670
2670 1849 2120
2120 1849 2670
1403 378 381
378 381 1403
381 378 1403
875 209 621
621 209 875
209 621 875
2485 32 1908
1908 32 2485
32 1908 2485
2988 1146 2905
2905 1146 2988
1146 2905 2988
1745 2323 2945
2323 1745 2945
2945 1745 2323
2982 169 1570
1570 169 2982
169 1570 2982
2716 843 1245
1245 843 2716
843 1245 2716
2423 211 2578
211 2423 2578
2578 211 2423
2759 14 2230
2230 14 2759
14 2230 2759
297 2569 2971
2971 297 2569
2569 297 2971
2673 626 1840
1840 626 2673
626 1840 2673
1256 1595 1994
1994 1256 1595
1595 1256 1994
588 1215 2133
2133 588 1215
1215 588 2133
220 2243 2712
2712 220 2243
2243 220 2712
365 668 2092
668 365 2092
2092 365 668
2161 612 960
612 960 2161
960 612 2161
17 1980 2296
1980 17 2296
2296 17 1980
573 880 1780
1780 573 880
880 573 1780
537 1708 1817
1708 537 1817
1817 537 1708
2961 1049 1748
1049 1748 2961
1748 1049 2961
1718 1071 2555
2555 1071 1718
1071 1718 2555
471 410 2700
410 471 2700
2700 410 471
411 679 2203
2203 411 679
679 411 2203
179 1731 2934
2934 179 1731
1731 179 2934
5 1528 2744
1528 5 2744
2744 5 1528
2248 391 1860
391 1860 2248
1860 391 2248
364 2186 2444
2186 364 2444
2444 364 2186
2014 2068 2855
2068 2014 2855
2855 2014 2068
2699 822 1753
822 1753 2699
1753 822 2699
75 104 1266
104 75 1266
1266 75 104
2497 138 1943
138 1943 2497
1943 138 2497
2692 198 2194
2194 198 2692
198 2194 2692
1633 260 1929
260 1633 1929
1929 260 1633
2840 1348 1358
1348 1358 2840
1358 1348 2840
1899 1757 1859
1859 1757 1899
1757 1859 1899
2383 953 3000
953 2383 3000
3000 953 2383
382 450 1031
1031 382 450
450 382 1031
895 611 1700
611 895 1700
1700 611 895
2114 1035 2817
2817 1035 2114
1035 2114 2817
1374 2127 2703
2703 1374 2127
2127 1374 2703
28 426 1398
426 28 1398
1398 28 426
1888 910 1546
910 1546 1888
1546 910 1888
361 22 1838
22 361 1838
1838 22 361
332 2593 2610
2610 332 2593
2593 332 2610
1590 881 1853
1853 881 1590
881 1590 1853
1469 358 1981
358 1469 1981
1981 358 1469
390 2300 2727
2300 390 2727
2727 390 2300
2029 809 1173
809 1173 2029
1173 809 2029
639 750 1140
1140 639 750
750 639 1140
2985 166 1523
166 1523 2985
1523 166 2985
193 1982 2207
1982 193 2207
2207 193 1982
2057 58 522
522 58 2057
58 522 2057
1635 1142 2567
1142 1635 2567
2567 1142 1635
1193 373 2790
373 1193 2790
2790 373 1193
2173 1687 2925
1687 2173 2925
2925 1687 2173
1289 732 2940
732 1289 2940
2940 732 1289
1405 174 2168
2168 174 1405
174 1405 2168
2891 2395 2853
2853 2395 2891
2395 2853 2891
1897 1420 2694
1420 1897 2694
2694 1420 1897
2786 640 2618
2618 640 2786
640 2618 2786
737 886 1879
1879 737 886
886 737 1879
509 2155 2370
2370 509 2155
2155 509 2370
217 99 2457
99 217 2457
2457 99 217
2153 54 2184
2184 54 2153
54 2153 2184
2138 1383 2496
2496 1383 2138
1383 2138 2496
389 1991 2819
2819 389 1991
1991 389 2819
1666 2130 2389
2130 1666 2389
2389 1666 2130
2373 2525 2814
2814 2373 2525
2525 2373 2814
945 1520 1593
1593 945 1520
1520 945 1593
1507 258 1796
258 1507 1796
1796 258 1507
1918 481 1704
1704 481 1918
481 1704 1918
2459 311 2409
2409 311 2459
311 2409 2459
4 870 1730
870 4 1730
1730 4 870
2755 1495 2096
2096 1495 2755
1495 2096 2755
1442 1219 2888
2888 1219 1442
1219 1442 2888
2658 695 2495
695 2495 2658
2495 695 2658
1781 673 2282
673 1781 2282
2282 673 1781
1022 1015 2350
2350 1015 1022
1015 1022 2350
909 1479 1821
1479 909 1821
1821 909 1479
942 1866 2936
1866 942 2936
2936 942 1866
1412 1259 1712
1259 1412 1712
1712 1259 1412
1333 113 2324
2324 113 1333
113 1333 2324
835 1501 2848
2848 835 1501
1501 835 2848
2745 730 1604
730 1604 2745
1604 730 2745
1244 430 1216
1216 430 1244
430 1216 1244
1019 55 770
55 770 1019
770 55 1019
554 1346 2736
1346 554 2736
2736 554 1346
351 1554 1995
1554 351 1995
1995 351 1554
1119 76 2374
2374 76 1119
76 1119 2374
2387 241 1886
1886 241 2387
241 1886 2387
1125 890 1407
890 1125 1407
1407 890 1125
1210 435 878
435 878 1210
878 435 1210
1952 608 1207
608 1207 1952
1207 608 1952
619 1924 2437
2437 619 1924
1924 619 2437
871 333 1612
1612 333 871
333 871 1612
1440 705 2123
2123 705 1440
705 1440 2123
1446 896 1806
896 1446 1806
1806 896 1446
140 1392 2108
2108 140 1392
1392 140 2108
671 1104 1148
1148 671 1104
1104 671 1148
2490 2672 2844
2844 2490 2672
2672 2490 2844
1803 911 2294
911 1803 2294
2294 911 1803
2006 2619 2730
2730 2006 2619
2619 2006 2730
1410 891 1674
1674 891 1410
891 1410 1674
2872 1560 2450
1560 2450 2872
2450 1560 2872
2740 2265 2498
2498 2265 2740
2265 2498 2740
763 1233 1901
1233 763 1901
1901 763 1233
447 107 2711
107 447 2711
2711 107 447
2944 1154 1738
1154 1738 2944
1738 1154 2944
535 1097 1756
1756 535 1097
1097 535 1756
751 681 2099
2099 681 751
681 751 2099
1823 1566 1937
1937 1566 1823
1566 1823 1937
47 879 2302
879 47 2302
2302 47 879
2568 1101 2312
1101 2312 2568
2312 1101 2568
1917 388 2510
388 1917 2510
2510 388 1917
866 755 2101
2101 755 866
755 866 2101
2465 291 1482
1482 291 2465
291 1482 2465
87 721 1953
1953 87 721
721 87 1953
2276 231 1144
231 1144 2276
1144 231 2276
1329 315 2327
315 1329 2327
2327 315 1329
205 171 2685
2685 171 205
171 205 2685
1679 202 923
202 923 1679
923 202 1679
1011 1580 1808
1580 1011 1808
1808 1011 1580
2741 1275 1642
1642 1275 2741
1275 1642 2741
840 342 976
342 840 976
976 342 840
2801 610 2652
610 2652 2801
2652 610 2801
1786 294 647
647 294 1786
294 647 1786
877 1115 1970
1970 877 1115
1115 877 1970
290 2768 2857
2857 290 2768
2768 290 2857
1476 330 708
708 330 1476
330 708 1476
1300 269 1833
1833 269 1300
269 1300 1833
1081 1354 1669
1669 1081 1354
1354 1081 1669
320 1359 2178
1359 320 2178
2178 320 1359
2036 526 908
908 526 2036
526 908 2036
701 1391 2431
1391 701 2431
2431 701 1391
2500 150 2474
2474 150 2500
150 2474 2500
1033 773 1707
773 1033 1707
1707 773 1033
1132 233 662
233 662 1132
662 233 1132
1696 1077 2175
2175 1077 1696
1077 1696 2175
2622 1894 2955
2955 1894 2622
1894 2622 2955
2590 240 2803
2803 240 2590
240 2590 2803
1153 2143 2288
2143 1153 2288
2288 1153 2143
2224 508 2915
2915 508 2224
508 2224 2915
2769 139 1539
1539 139 2769
139 1539 2769
892 1865 2442
1865 892 2442
2442 892 1865
614 1206 2160
2160 614 1206
1206 614 2160
629 980 1884
980 629 1884
1884 629 980
2144 109 2522
109 2144 2522
2522 109 2144
690 2005 2221
2221 690 2005
2005 690 2221
1401 599 928
599 928 1401
928 599 1401
1268 45 1874
45 1268 1874
1874 45 1268
814 1599 1729
1599 814 1729
1729 814 1599
2158 531 1066
1066 531 2158
531 1066 2158
793 1871 1963
1963 793 1871
1871 793 1963
948 1586 2830
1586 948 2830
2830 948 1586
2565 617 1464
617 1464 2565
1464 617 2565
344 616 1863
1863 344 616
616 344 1863
798 464 686
686 464 798
464 686 798
634 448 2815
2815 448 634
448 634 2815
2418 188 528
528 188 2418
188 528 2418
2214 649 1032
649 1032 2214
1032 649 2214
129 1430 2200
2200 129 1430
1430 129 2200
100 409 2425
2425 100 409
409 100 2425
2455 628 1280
1280 628 2455
628 1280 2455
125 731 962
962 125 731
731 125 962
922 1496 2238
1496 922 2238
2238 922 1496
1854 300 408
408 300 1854
300 408 1854
1535 307 981
981 307 1535
307 981 1535
2662 81 1087
1087 81 2662
81 1087 2662
1379 317 2687
317 1379 2687
2687 317 1379
1178 70 765
765 70 1178
70 765 1178
646 117 2637
2637 117 646
117 646 2637
495 1304 1404
1404 495 1304
1304 495 1404
2181 354 1237
354 1237 2181
1237 354 2181
959 1494 2574
2574 959 1494
1494 959 2574
134 484 2551
2551 134 484
484 134 2551
1561 1395 2526
2526 1395 1561
1395 1561 2526
1685 1893 1898
1893 1685 1898
1898 1685 1893
2659 375 1134
1134 375 2659
375 1134 2659
1820 2537 2634
2537 1820 2634
2634 1820 2537
1603 867 1975
1975 867 1603
867 1603 1975
2518 1551 2256
2256 1551 2518
1551 2256 2518
1047 2928 2968
2968 1047 2928
2928 1047 2968
2631 1160 1400
1400 1160 2631
1160 1400 2631
1147 692 762
692 762 1147
762 692 1147
2493 1347 2906
1347 2493 2906
2906 1347 2493
1090 470 2899
470 1090 2899
2899 470 1090
2805 266 285
266 285 2805
285 266 2805
2990 684 1914
684 1914 2990
1914 684 2990
1069 1870 2025
1870 1069 2025
2025 1069 1870
986 1303 2399
1303 986 2399
2399 986 1303
199 783 1993
783 199 1993
1993 199 783
1736 203 699
203 699 1736
699 203 1736
1074 1557 2599
1557 1074 2599
2599 1074 1557
2809 758 963
758 963 2809
963 758 2809
2746 2306 2682
2306 2682 2746
2682 2306 2746
1267 353 1885
1885 353 1267
353 1267 1885
2128 1623 2304
1623 2128 2304
2304 1623 2128
1939 2542 2583
2542 1939 2583
2583 1939 2542
2635 306 584
306 584 2635
584 306 2635
1310 384 1106
384 1106 1310
1106 384 1310
1192 2881 2898
2898 1192 2881
2881 1192 2898
2978 1541 2508
1541 2508 2978
2508 1541 2978
2965 108 371
108 371 2965
371 108 2965
2171 576 1693
576 1693 2171
1693 576 2171
1581 1548 2446
1548 1581 2446
2446 1548 1581
2456 2504 2912
2912 2456 2504
2504 2456 2912
1668 858 2170
2170 858 1668
858 1668 2170
2560 451 1367
451 1367 2560
1367 451 2560
670 137 2272
137 670 2272
2272 137 670
452 1232 2645
1232 452 2645
2645 452 1232
357 1014 2150
1014 357 2150
2150 357 1014
43 2183 2556
2183 43 2556
2556 43 2183
2513 977 2976
2976 977 2513
977 2513 2976
2051 1356 2113
1356 2051 2113
2113 1356 2051
163 602 933
933 163 602
602 163 933
635 262 1830
1830 262 635
262 635 1830
1434 1254 1526
1526 1254 1434
1254 1434 1526
2195 1040 1664
1664 1040 2195
1040 1664 2195
270 27 1524
1524 27 270
27 270 1524
2591 856 1086
856 1086 2591
1086 856 2591
521 479 1447
1447 479 521
479 521 1447
1775 786 1416
1416 786 1775
786 1416 1775
2894 1143 2279
2279 1143 2894
1143 2279 2894
289 2000 2254
2000 289 2254
2254 289 2000
1018 483 1643
1643 483 1018
483 1018 1643
2471 700 2595
2595 700 2471
700 2471 2595
232 172 2122
2122 172 232
172 232 2122
1689 2378 2696
2378 1689 2696
2696 1689 2378
2363 454 1829
1829 454 2363
454 1829 2363
712 2540 2558
2540 712 2558
2558 712 2540
674 2818 2869
2869 674 2818
2818 674 2869
805 675 2372
2372 675 805
675 805 2372
850 847 2220
847 850 2220
2220 847 850
2072 2470 2987
2470 2072 2987
2987 2072 2470
247 1518 1563
1518 247 1563
1563 247 1518
1362 1946 2931
2931 1362 1946
1946 1362 2931
1008 66 2115
2115 66 1008
66 1008 2115
2592 367 2638
2638 367 2592
367 2592 2638
2235 2284 2770
2770 2235 2284
2284 2235 2770
168 2647 2875
2647 168 2875
2875 168 2647
2201 947 1085
1085 947 2201
947 1085 2201
2571 1323 1714
1323 1714 2571
1714 1323 2571
1003 512 2549
512 1003 2549
2549 512 1003
827 1406 2926
1406 827 2926
2926 827 1406
2636 1238 2676
1238 2636 2676
2676 1238 2636
187 997 1448
997 187 1448
1448 187 997
2117 105 144
144 105 2117
105 144 2117
60 167 2239
2239 60 167
167 60 2239
577 360 510
360 510 577
510 360 577
664 841 1485
1485 664 841
841 664 1485
1312 210 1122
210 1122 1312
1122 210 1312
1037 1489 2250
1489 1037 2250
2250 1037 1489
2793 1657 2454
1657 2454 2793
2454 1657 2793
226 48 2281
2281 48 226
48 226 2281
2059 586 2292
2292 586 2059
586 2059 2292
399 89 1061
1061 89 399
89 399 1061
90 720 1626
1626 90 720
720 90 1626
31 746 1725
1725 31 746
746 31 1725
1852 1249 2612
2612 1249 1852
1249 1852 2612
2871 246 2667
246 2667 2871
2667 246 2871
92 215 855
855 92 215
215 92 855
801 733 2669
2669 733 801
733 801 2669
2469 196 1110
196 1110 2469
1110 196 2469
1165 848 1423
1423 848 1165
848 1165 1423
744 2406 2506
2506 744 2406
2406 744 2506
747 1985 2520
1985 747 2520
2520 747 1985
223 1255 2338
1255 223 2338
2338 223 1255
1424 284 2756
2756 284 1424
284 1424 2756
1629 792 2209
792 1629 2209
2209 792 1629
2351 1659 2789
1659 2351 2789
2789 1659 2351
2412 1472 1699
1699 1472 2412
1472 1699 2412
1078 764 2321
2321 764 1078
764 1078 2321
127 914 1555
1555 127 914
914 127 1555
663 18 882
882 18 663
18 663 882
1574 633 2441
2441 633 1574
633 1574 2441
2439 1241 2241
2241 1241 2439
1241 2241 2439
1139 41 345
41 345 1139
345 41 1139
1287 1004 2141
2141 1004 1287
1004 1287 2141
1902 819 2075
2075 819 1902
819 1902 2075
1103 1530 2613
2613 1103 1530
1530 1103 2613
158 802 1363
802 158 1363
1363 158 802
1198 1167 2215
2215 1167 1198
1167 1198 2215
2315 1613 2365
1613 2315 2365
2365 1613 2315
2129 432 1169
432 1169 2129
1169 432 2129
1747 97 1912
1912 97 1747
97 1747 1912
2609 77 1790
1790 77 2609
77 1790 2609
1565 1372 2326
1372 1565 2326
2326 1372 1565
2033 91 2951
91 2033 2951
2951 91 2033
2341 562 2086
2086 562 2341
562 2086 2341
1705 590 2748
590 1705 2748
2748 590 1705
1941 525 2085
525 1941 2085
2085 525 1941
2536 103 1051
1051 103 2536
103 1051 2536
2330 286 1851
1851 286 2330
286 1851 2330
2136 244 362
362 244 2136
244 362 2136
2860 676 999
999 676 2860
676 999 2860
1832 2507 2816
2507 1832 2816
2816 1832 2507
1076 546 868
868 546 1076
546 868 1076
1711 1357 2624
1357 1711 2624
2624 1357 1711
2742 80 2920
2920 80 2742
80 2742 2920
2347 1311 2440
2440 1311 2347
1311 2347 2440
1168 1176 2566
1176 1168 2566
2566 1168 1176
582 329 1850
1850 329 582
329 582 1850
1345 72 954
954 72 1345
72 954 1345
1627 825 2983
825 1627 2983
2983 825 1627
2211 842 1600
1600 842 2211
842 1600 2211
1658 550 1262
550 1262 1658
1262 550 1658
2519 1189 1477
1189 1477 2519
1477 1189 2519
1010 844 2958
2958 844 1010
844 1010 2958
1365 790 1052
1052 790 1365
790 1052 1365
436 1487 1537
1537 436 1487
1487 436 1537
88 873 952
952 88 873
873 88 952
1336 806 1007
806 1007 1336
1007 806 1336
1606 1547 2187
1547 1606 2187
2187 1547 1606
2811 180 2579
2579 180 2811
180 2579 2811
1436 752 2559
2559 752 1436
752 1436 2559
1439 1522 2097
1522 1439 2097
2097 1439 1522
885 1801 2846
1801 885 2846
2846 885 1801
1462 969 2237
969 1462 2237
2237 969 1462
2837 1834 2091
2091 1834 2837
1834 2091 2837
565 1223 1438
1223 565 1438
1438 565 1223
2408 2367 2849
2849 2367 2408
2367 2408 2849
85 536 2904
536 85 2904
2904 85 536
2753 2027 2290
2290 2027 2753
2027 2290 2753
2734 1869 1877
1877 1869 2734
1869 1877 2734
778 1800 1997
1800 778 1997
1997 778 1800
1059 1095 1135
1095 1059 1135
1135 1059 1095
2028 1683 2125
2125 1683 2028
1683 2028 2125
2301 1614 2174
1614 2174 2301
2174 1614 2301
397 440 1591
1591 397 440
440 397 1591
1195 1360 2042
1360 1195 2042
2042 1195 1360
324 978 1225
978 324 1225
1225 324 978
1133 380 2299
2299 380 1133
380 1133 2299
2259 1760 2607
1760 2259 2607
2607 1760 2259
1976 725 2227
725 1976 2227
2227 725 1976
421 245 605
605 245 421
245 421 605
271 863 2550
863 271 2550
2550 271 863
2719 741 1989
741 1989 2719
1989 741 2719
1641 1735 2890
1735 1641 2890
2890 1641 1735
2903 195 1583
195 1583 2903
1583 195 2903
1996 1433 1584
1433 1584 1996
1584 1433 1996
1785 894 916
916 894 1785
894 916 1785
1876 462 2287
2287 462 1876
462 1876 2287
2927 561 1413
1413 561 2927
561 1413 2927
852 979 1080
1080 852 979
979 852 1080
204 1545 2355
1545 204 2355
2355 204 1545
2663 836 2368
836 2368 2663
2368 836 2663
1295 1550 1656
1550 1295 1656
1656 1295 1550
106 489 2357
2357 106 489
489 106 2357
2882 387 1911
1911 387 2882
387 1911 2882
1804 532 2527
2527 532 1804
532 1804 2527
1956 992 1023
1023 992 1956
992 1023 1956
1239 498 860
860 498 1239
498 860 1239
2069 413 2660
2660 413 2069
413 2069 2660
57 549 1443
549 57 1443
1443 57 549
591 1334 2732
1334 591 2732
2732 591 1334
1904 2382 2397
2382 1904 2397
2397 1904 2382
2205 845 2557
2557 845 2205
845 2205 2557
261 2318 2384
2384 261 2318
2318 261 2384
2938 2653 2766
2653 2766 2938
2766 2653 2938
2219 1054 2360
2360 1054 2219
1054 2219 2360
2481 1385 2467
1385 2467 2481
2467 1385 2481
1966 2004 2668
2668 1966 2004
2004 1966 2668
116 2058 2269
2269 116 2058
2058 116 2269
2159 597 1649
597 1649 2159
1649 597 2159
20 967 1719
967 20 1719
1719 20 967
1491 418 2941
418 1491 2941
2941 418 1491
1364 1967 2628
2628 1364 1967
1967 1364 2628
2908 1314 2253
1314 2253 2908
2253 1314 2908
1470 38 767
767 38 1470
38 767 1470
348 1353 1639
1353 348 1639
1639 348 1353
913 191 1527
191 913 1527
1527 191 913
2229 1493 2656
2656 1493 2229
1493 2229 2656
1202 214 2572
214 1202 2572
2572 214 1202
110 467 1041
467 110 1041
1041 110 467
1677 395 2021
2021 395 1677
395 1677 2021
2895 2305 2633
2305 2633 2895
2633 2305 2895
1292 2105 2217
2105 1292 2217
2217 1292 2105
2410 2356 2994
2356 2410 2994
2994 2356 2410
516 273 2743
273 516 2743
2743 273 516
2813 1386 1783
1783 1386 2813
1386 1783 2813
161 1209 1431
1431 161 1209
1209 161 1431
2649 272 2131
272 2131 2649
2131 272 2649
904 703 1488
703 904 1488
1488 703 904
10 1063 2824
1063 10 2824
2824 10 1063
2126 915 1923
915 1923 2126
1923 915 2126
1533 921 2552
2552 921 1533
921 1533 2552
2639 2698 2791
2791 2639 2698
2698 2639 2791
1772 578 2600
2600 578 1772
578 1772 2600
551 1098 1671
1671 551 1098
1098 551 1671
235 748 1200
1200 235 748
748 235 1200
2762 175 1231
1231 175 2762
175 1231 2762
154 683 2820
2820 154 683
683 154 2820
308 7 2001
7 308 2001
2001 7 308
1286 207 356
356 207 1286
207 356 1286
1945 326 2858
326 1945 2858
2858 326 1945
1758 392 2883
2883 392 1758
392 1758 2883
2852 1 2604
1 2604 2852
2604 1 2852
2914 407 949
949 407 2914
407 949 2914
267 2379 2735
2379 267 2735
2735 267 2379
1940 631 2575
2575 631 1940
631 1940 2575
2468 398 2657
398 2468 2657
2657 398 2468
2264 1589 2505
2505 1589 2264
1589 2264 2505
1722 2251 2417
2417 1722 2251
2251 1722 2417
2534 1277 2100
2100 1277 2534
1277 2100 2534
2060 523 2570
2570 523 2060
523 2060 2570
1903 1831 2436
2436 1831 1903
1831 1903 2436
613 37 2376
2376 37 613
37 613 2376
637 468 2388
2388 468 637
468 637 2388
996 2329 2720
2329 996 2720
2720 996 2329
769 650 902
650 769 902
902 650 769
2358 492 2690
2690 492 2358
492 2358 2690
1737 162 2403
162 1737 2403
2403 162 1737
1058 905 1703
1703 905 1058
905 1058 1703
995 1114 1930
1930 995 1114
1114 995 1930
457 2157 2792
2792 457 2157
2157 457 2792
494 680 1716
680 494 1716
1716 494 680
2295 2359 2594
2594 2295 2359
2359 2295 2594
2083 1184 1618
1184 1618 2083
1618 1184 2083
2424 431 2480
2480 431 2424
431 2424 2480
396 283 1887
283 396 1887
1887 283 396
898 2087 2352
2087 898 2352
2352 898 2087
194 15 1158
15 194 1158
1158 15 194
488 1449 1802
1802 488 1449
1449 488 1802
1644 1020 1211
1211 1020 1644
1020 1211 1644
2989 2277 2678
2277 2678 2989
2678 2277 2989
1846 1246 2916
1246 1846 2916
2916 1246 1846
1950 327 642
327 642 1950
642 327 1950
745 280 1414
280 745 1414
1414 280 745
441 598 938
938 441 598
598 441 938
355 2795 2876
2795 355 2876
2876 355 2795
2799 1327 2185
1327 2185 2799
2185 1327 2799
1824 534 1185
1185 534 1824
534 1185 1824
1771 2077 2625
2077 1771 2625
2625 1771 2077
93 940 941
940 93 941
941 93 940
1515 1573 2992
2992 1515 1573
1573 1515 2992
553 295 1531
295 553 1531
1531 295 553
1251 252 2447
252 1251 2447
2447 252 1251
807 515 1812
1812 515 807
515 807 1812
26 743 2349
2349 26 743
743 26 2349
2997 1969 2851
1969 2851 2997
2851 1969 2997
2432 328 2337
328 2337 2432
2337 328 2432
926 1025 1977
1025 926 1977
1977 926 1025
1895 603 901
901 603 1895
603 901 1895
2413 151 1799
151 1799 2413
1799 151 2413
1661 821 1726
1726 821 1661
821 1661 1726
95 1415 2674
1415 95 2674
2674 95 1415
1777 255 665
255 665 1777
665 255 1777
13 243 1343
1343 13 243
243 13 1343
2079 1665 2501
2501 1665 2079
1665 2079 2501
1647 838 2156
2156 838 1647
838 1647 2156
1341 889 2834
2834 889 1341
889 1341 2834
2180 529 2999
2999 529 2180
529 2180 2999
2458 1460 2718
1460 2458 2718
2718 1460 2458
465 1265 2392
2392 465 1265
1265 465 2392
607 1577 2878
1577 607 2878
2878 607 1577
2946 114 1028
1028 114 2946
114 1028 2946
2035 1317 1710
1710 1317 2035
1317 1710 2035
1366 133 1127
1127 133 1366
133 1127 1366
2531 1235 2675
1235 2531 2675
2675 1235 2531
1720 1727 2116
2116 1720 1727
1727 1720 2116
824 538 2679
538 824 2679
2679 538 824
2266 1279 1328
1328 1279 2266
1279 1328 2266
2452 606 1782
606 1782 2452
1782 606 2452
1284 1000 2463
2463 1000 1284
1000 1284 2463
1161 3 2879
3 1161 2879
2879 3 1161
2885 126 2316
2316 126 2885
126 2316 2885
1768 1188 1692
1692 1188 1768
1188 1692 1768
1194 939 1856
939 1194 1856
1856 939 1194
2845 874 1291
1291 874 2845
874 1291 2845
1432 477 1634
1634 477 1432
477 1432 1634
2233 685 1062
685 1062 2233
1062 685 2233
2827 1542 1983
1983 1542 2827
1542 1983 2827
1673 780 811
780 811 1673
811 780 1673
1576 1016 1835
1835 1016 1576
1016 1576 1835
2886 50 1588
1588 50 2886
50 1588 2886
2082 1512 2892
2892 1512 2082
1512 2082 2892
1468 1960 2044
2044 1468 1960
1960 1468 2044
507 359 652
652 359 507
359 507 652
984 1511 2683
1511 984 2683
2683 984 1511
2796 480 1282
480 1282 2796
1282 480 2796
401 482 782
482 401 782
782 401 482
218 459 1191
1191 218 459
459 218 1191
2199 2 2154
2 2154 2199
2154 2 2199
839 2216 2564
2216 839 2564
2564 839 2216
2335 35 2596
35 2335 2596
2596 35 2335
29 1519 2710
2710 29 1519
1519 29 2710
556 445 2695
2695 445 556
445 556 2695
918 61 2052
2052 61 918
61 918 2052
2420 1490 2286
1490 2286 2420
2286 1490 2420
2169 2521 2806
2806 2169 2521
2521 2169 2806
39 810 1878
1878 39 810
810 39 1878
1399 1369 2642
1369 1399 2642
2642 1369 1399
1046 170 1094
170 1046 1094
1094 170 1046
2073 1508 1691
1691 1508 2073
1508 1691 2073
1162 620 727
620 727 1162
727 620 1162
472 666 1770
1770 472 666
666 472 1770
1837 2293 2950
2950 1837 2293
2293 1837 2950
1791 147 804
804 147 1791
147 804 1791
1728 1596 1921
1596 1728 1921
1921 1596 1728
1377 1621 1988
1988 1377 1621
1621 1377 1988
1883 228 2015
228 1883 2015
2015 228 1883
1117 1855 2472
2472 1117 1855
1855 1117 2472
446 545 2512
545 446 2512
2512 446 545
2270 1307 1935
1935 1307 2270
1307 1935 2270
972 2283 2995
2283 972 2995
2995 972 2283
497 292 1426
1426 292 497
292 497 1426
2289 2066 2937
2937 2066 2289
2066 2289 2937
2553 248 1972
248 1972 2553
1972 248 2553
1261 1787 2546
2546 1261 1787
1787 1261 2546
555 589 1445
589 555 1445
1445 555 589
1368 1378 2246
1378 1368 2246
2246 1368 1378
182 2039 2563
2563 182 2039
2039 182 2563
2043 1027 2492
2492 1027 2043
1027 2043 2492
632 1130 2760
1130 632 2760
2760 632 1130
36 1880 2139
1880 36 2139
2139 36 1880
130 1175 2921
1175 130 2921
2921 130 1175
1030 310 714
714 310 1030
310 714 1030
1543 761 2177
2177 761 1543
761 1543 2177
1505 1129 1974
1974 1129 1505
1129 1505 1974
1872 318 405
405 318 1872
318 405 1872
678 143 1616
1616 143 678
143 678 1616
2274 594 1789
594 1789 2274
1789 594 2274
689 177 1187
177 689 1187
1187 177 689
2949 1229 2476
2476 1229 2949
1229 2476 2949
1205 1437 2421
1437 1205 2421
2421 1205 1437
2627 1355 2427
1355 2427 2627
2427 1355 2627
493 784 991
784 493 991
991 493 784
2093 1681 2608
1681 2093 2608
2608 1681 2093
1688 1053 1706
1053 1688 1706
1706 1053 1688
1253 101 1654
1654 101 1253
101 1253 1654
2090 1159 2245
2245 1159 2090
1159 2090 2245
2009 1466 2909
2909 1466 2009
1466 2009 2909
242 2098 2808
2808 242 2098
2098 242 2808
1509 145 1936
1936 145 1509
145 1509 1936
1152 566 682
566 682 1152
682 566 1152
722 1713 2048
2048 722 1713
1713 722 2048
1298 776 1498
1498 776 1298
776 1298 1498
771 2285 2377
2285 771 2377
2377 771 2285
2267 1222 2366
1222 2267 2366
2366 1222 2267
897 1269 2606
2606 897 1269
1269 897 2606
2333 2348 2917
2348 2333 2917
2917 2333 2348
2957 950 2781
950 2781 2957
2781 950 2957
658 1263 2850
2850 658 1263
1263 658 2850
2953 973 2977
973 2953 2977
2977 973 2953
1529 376 2162
376 1529 2162
2162 376 1529
2310 2297 2529
2529 2297 2310
2297 2310 2529
221 753 2722
2722 221 753
753 221 2722
2880 230 2275
2275 230 2880
230 2275 2880
321 998 1226
1226 321 998
998 321 1226
1492 84 1444
1444 84 1492
84 1444 1492
1676 335 2102
2102 335 1676
335 1676 2102
439 2226 2561
2226 439 2561
2561 439 2226
1120 912 1418
1418 912 1120
912 1120 1418
2514 1662 1839
1839 1662 2514
1662 1839 2514
1452 502 1858
502 1452 1858
1858 502 1452
2547 1421 2386
2386 1421 2547
1421 2386 2547
903 1055 2426
1055 903 2426
2426 903 1055
394 1375 1944
1944 394 1375
1375 394 1944
853 697 1299
1299 697 853
697 853 1299
1002 1199 1457
1457 1002 1199
1199 1002 1457
1949 1017 1221
1017 1221 1949
1221 1017 1949
1009 989 1646
1646 989 1009
989 1009 1646
539 416 1083
416 539 1083
1083 416 539
2771 78 1319
78 1319 2771
1319 78 2771
1624 148 322
148 322 1624
322 148 1624
1181 1234 1283
1234 1181 1283
1283 1181 1234
1136 717 1332
1332 717 1136
717 1136 1332
2528 1155 2646
1155 2528 2646
2646 1155 2528
569 957 2340
957 569 2340
2340 569 957
2585 503 2402
2402 503 2585
503 2402 2585
1272 1248 2140
2140 1248 1272
1248 1272 2140
659 622 1396
622 659 1396
1396 622 659
2962 815 2929
2929 815 2962
815 2929 2962
1979 803 2054
803 1979 2054
2054 803 1979
2823 313 1005
1005 313 2823
313 1005 2823
2319 216 1064
216 1064 2319
1064 216 2319
1170 164 1927
164 1170 1927
1927 164 1170
2422 1116 2511
2511 1116 2422
1116 2422 2511
420 238 363
363 238 420
238 363 420
2167 115 282
115 282 2167
282 115 2167
739 859 1645
859 739 1645
1645 739 859
2919 135 2856
2856 135 2919
135 2856 2919
595 350 2020
2020 350 595
350 595 2020
2963 533 1045
533 1045 2963
1045 533 2963
618 587 593
587 593 618
593 587 618
574 402 2524
2524 402 574
402 574 2524
601 1715 2204
1715 601 2204
2204 601 1715
2344 1138 1278
1138 1278 2344
1278 1138 2344
340 44 2966
2966 44 340
44 340 2966
2754 849 2684
849 2684 2754
2684 849 2754
709 2163 2632
2632 709 2163
2163 709 2632
2298 298 2541
298 2298 2541
2541 298 2298
2464 157 828
157 828 2464
828 157 2464
2713 1149 2334
1149 2334 2713
2334 1149 2713
1171 1190 2024
1190 1171 2024
2024 1171 1190
1740 1597 2325
1597 1740 2325
2325 1597 1740
74 519 2047
2047 74 519
519 74 2047
1778 935 2419
2419 935 1778
935 1778 2419
1029 253 609
253 609 1029
609 253 1029
6 466 987
466 6 987
987 6 466
236 2415 2956
2415 236 2956
2956 236 2415
2651 2709 2802
2802 2651 2709
2709 2651 2802
2176 1682 1744
1744 1682 2176
1682 1744 2176
1201 128 192
192 128 1201
128 192 1201
1450 453 2094
453 1450 2094
2094 453 1450
1984 118 1141
1141 118 1984
118 1141 1984
2605 797 1818
1818 797 2605
797 1818 2605
1915 1746 2056
1746 1915 2056
2056 1746 1915
558 1060 2626
2626 558 1060
1060 558 2626
726 524 660
660 524 726
524 660 726
2874 657 1698
1698 657 2874
657 1698 2874
2532 2145 2530
2530 2145 2532
2145 2530 2532
11 59 1274
1274 11 59
59 11 1274
30 542 2947
2947 30 542
542 30 2947
67 372 1842
372 67 1842
1842 67 372
1174 718 1867
718 1174 1867
1867 718 1174
393 955 1766
955 393 1766
1766 393 955
237 653 2873
