293 128 137
128 137 293
137 128 293
290 166 239
239 166 290
166 239 290
6 63 112
112 6 63
63 6 112
56 12 133
133 12 56
12 56 133
139 49 87
87 49 139
49 87 139
59 154 183
183 59 154
154 59 183
158 82 172
172 82 158
82 158 172
176 76 169
169 76 176
76 169 176
1 106 149
149 1 106
106 1 149
3 185 240
185 3 240
240 3 185
194 92 197
197 92 194
92 194 197
217 13 113
113 13 217
13 113 217
60 67 284
67 60 284
284 60 67
267 83 89
89 83 267
83 89 267
126 7 212
7 126 212
212 7 126
65 77 216
77 65 216
216 65 77
43 164 234
234 43 164
164 43 234
108 78 118
78 108 118
118 78 108
71 80 199
80 71 199
199 71 80
62 33 88
33 62 88
88 33 62
37 61 179
179 37 61
61 37 179
19 66 159
66 19 159
159 19 66
42 174 280
280 42 174
174 42 280
93 8 288
288 8 93
8 93 288
29 252 268
268 29 252
252 29 268
91 45 225
225 45 91
45 91 225
21 90 223
90 21 223
223 21 90
38 11 233
11 38 233
233 11 38
201 32 250
32 201 250
250 32 201
277 105 211
211 105 277
105 211 277
141 243 261
243 141 261
261 141 243
129 107 255
255 107 129
107 129 255
207 14 202
14 202 207
202 14 207
182 25 262
25 182 262
262 25 182
142 64 156
156 64 142
64 142 156
143 206 266
206 143 266
266 143 206
94 85 120
85 94 120
120 85 94
209 134 263
263 134 209
134 209 263
292 30 213
213 30 292
30 213 292
9 119 171
171 9 119
119 9 171
281 35 96
96 35 281
35 96 281
121 24 219
24 121 219
219 24 121
103 98 127
98 103 127
127 98 103
15 115 274
115 15 274
274 15 115
231 39 145
145 39 231
39 145 231
110 228 241
228 110 241
241 110 228
147 124 161
161 124 147
124 147 161
204 177 220
177 204 220
220 177 204
226 150 294
150 226 294
294 150 226
101 249 257
249 101 257
257 101 249
238 140 299
140 238 299
299 140 238
186 68 157
68 157 186
157 68 186
17 27 208
208 17 27
27 17 208
297 4 116
4 116 297
116 4 297
192 23 282
23 192 282
282 23 192
278 104 214
214 104 278
104 214 278
189 16 44
16 44 189
44 16 189
111 173 272
173 111 272
272 111 173
160 247 251
251 160 247
247 160 251
36 102 148
102 36 148
148 36 102
242 40 191
40 191 242
191 40 242
57 155 296
296 57 155
155 57 296
69 153 180
180 69 153
153 69 180
236 75 237
75 236 237
237 75 236
168 53 132
53 132 168
132 53 168
73 100 232
100 73 232
232 73 100
50 123 235
123 50 235
235 50 123
130 146 167
167 130 146
146 130 167
163 70 291
70 163 291
291 70 163
198 79 162
79 162 198
162 79 198
254 84 215
215 84 254
84 215 254
58 31 285
31 58 285
285 31 58
210 86 256
86 210 256
256 86 210
229 144 193
144 193 229
193 144 229
114 52 95
52 95 114
95 52 114
122 72 259
259 72 122
72 122 259
270 196 218
218 196 270
196 218 270
181 125 152
125 152 181
152 125 181
74 190 287
287 74 190
190 74 287
253 269 300
300 253 269
269 253 300
51 136 283
283 51 136
136 51 283
205 109 178
178 109 205
109 178 205
275 47 264
264 47 275
47 264 275
151 195 230
195 151 230
230 151 195
54 200 286
286 54 200
200 54 286
221 18 41
41 18 221
18 41 221
258 188 289
289 188 258
188 258 289
22 273 279
273 22 279
279 22 273
170 117 260
260 117 170
117 170 260
55 203 244
244 55 203
203 55 244
271 5 10
10 5 271
5 10 271
224 20 246
20 224 246
246 20 224
48 2 97
2 48 97
97 2 48
265 28 248
28 248 265
248 28 265
34 227 295
227 34 295
295 34 227
165 222 298
298 165 222
222 165 298
131 81 245
81 131 245
245 81 131
187 135 184
135 184 187
184 135 187
26 99 138
99 26 138
138 26 99
276 46 175
175 46 276
46 175 276
