136 153 193
153 136 193
193 136 153
189 78 191
191 78 189
78 189 191
118 82 146
146 82 118
82 118 146
276 42 296
296 42 276
42 276 296
63 47 49
47 49 63
49 47 63
151 65 219
219 65 151
65 151 219
230 73 271
73 230 271
271 73 230
192 48 140
140 48 192
48 140 192
200 89 103
89 103 200
103 89 200
227 86 231
231 86 227
86 227 231
185 109 289
289 109 185
109 185 289
270 7 281
7 270 281
281 7 270
97 112 174
174 97 112
112 97 174
9 50 70
70 9 50
50 9 70
165 138 298
138 165 298
298 138 165
66 164 220
164 66 220
220 66 164
273 143 297
143 273 297
297 143 273
279 178 222
222 178 279
178 222 279
275 94 207
207 94 275
94 207 275
262 29 258
29 258 262
258 29 262
54 37 240
240 37 54
37 54 240
125 278 280
278 125 280
280 125 278
19 102 123
123 19 102
102 19 123
16 145 163
163 16 145
145 16 163
218 72 272
72 218 272
272 72 218
134 105 166
166 105 134
105 134 166
129 52 117
52 117 129
117 52 129
132 43 245
43 132 245
245 43 132
268 172 212
172 212 268
212 172 268
248 254 283
283 248 254
254 248 283
251 131 155
131 155 251
155 131 251
135 120 232
232 120 135
120 135 232
148 81 261
261 81 148
81 148 261
290 194 288
288 194 290
194 288 290
14 58 106
58 14 106
106 14 58
236 33 238
33 236 238
238 33 236
247 85 293
293 85 247
85 247 293
68 87 186
186 68 87
87 68 186
260 91 295
91 260 295
295 91 260
243 18 266
18 243 266
266 18 243
142 181 214
181 142 214
214 142 181
203 195 204
204 195 203
195 203 204
60 30 44
30 44 60
44 30 60
67 77 144
144 67 77
77 67 144
182 95 168
168 95 182
95 168 182
228 3 264
3 228 264
264 3 228
88 179 246
179 88 246
246 88 179
234 22 56
22 56 234
56 22 234
126 8 299
8 126 299
299 8 126
141 208 294
208 141 294
294 141 208
210 201 291
201 210 291
291 201 210
213 110 133
110 133 213
133 110 213
41 15 83
83 15 41
15 41 83
292 69 265
69 265 292
265 69 292
24 150 277
277 24 150
150 24 277
269 55 237
237 55 269
55 237 269
93 221 287
221 93 287
287 93 221
45 159 160
159 45 160
160 45 159
90 2 187
2 90 187
187 2 90
26 46 154
154 26 46
46 26 154
216 23 173
173 23 216
23 173 216
176 20 51
51 20 176
20 51 176
284 156 259
156 259 284
259 156 284
157 4 215
4 157 215
215 4 157
267 11 170
11 170 267
170 11 267
5 233 257
233 5 257
257 5 233
224 17 53
17 53 224
53 17 224
223 147 225
147 223 225
225 147 223
100 40 76
40 76 100
76 40 100
255 130 199
199 130 255
130 199 255
92 202 286
286 92 202
202 92 286
80 38 113
38 80 113
113 38 80
127 57 252
252 57 127
57 127 252
241 31 282
282 31 241
31 241 282
122 124 242
124 122 242
242 122 124
6 180 206
180 6 206
206 6 180
274 61 116
116 61 274
61 116 274
1 104 205
205 1 104
104 1 205
188 64 158
158 64 188
64 158 188
149 62 169
169 62 149
62 149 169
285 101 128
128 101 285
101 128 285
253 171 175
171 175 253
175 171 253
184 59 75
75 59 184
59 75 184
32 27 99
27 32 99
99 27 32
250 21 198
198 21 250
21 198 250
119 98 115
115 98 119
98 115 119
34 28 196
28 34 196
196 28 34
25 177 300
177 25 300
300 25 177
107 12 209
209 12 107
12 107 209
35 121 183
121 35 183
183 35 121
256 229 263
263 229 256
229 256 263
190 161 239
239 161 190
161 190 239
10 79 139
139 10 79
79 10 139
211 84 197
84 197 211
197 84 211
13 111 152
152 13 111
111 13 152
108 137 167
137 108 167
167 108 137
114 39 162
39 114 162
162 39 114
249 71 226
226 71 249
71 226 249
217 36 74
36 74 217
74 36 217
244 96 235
96 235 244
235 96 244
