2505 2129 2322
2129 2322 2505
2322 2129 2505
552 512 2310
2310 512 552
512 552 2310
2471 1769 1923
1769 1923 2471
1923 1769 2471
127 298 712
298 127 712
712 127 298
2345 659 1116
1116 659 2345
659 1116 2345
791 560 1404
1404 560 791
560 791 1404
280 143 728
728 143 280
143 280 728
135 1095 2218
1095 135 2218
2218 135 1095
2599 1742 2064
1742 2064 2599
2064 1742 2599
2264 339 2701
2701 339 2264
339 2264 2701
2319 439 2219
2219 439 2319
439 2219 2319
2435 480 2307
480 2307 2435
2307 480 2435
54 753 893
893 54 753
753 54 893
418 386 419
386 418 419
419 386 418
279 2556 2942
2942 279 2556
2556 279 2942
1377 861 2148
861 1377 2148
2148 861 1377
388 973 1827
1827 388 973
973 388 1827
2048 22 1087
1087 22 2048
22 1087 2048
1602 1757 1782
1782 1602 1757
1757 1602 1782
469 538 1804
538 469 1804
1804 469 538
1091 392 2392
392 1091 2392
2392 392 1091
2498 448 2512
2512 448 2498
448 2498 2512
1151 2005 2850
2850 1151 2005
2005 1151 2850
4 461 869
461 4 869
869 4 461
831 796 2198
796 831 2198
2198 796 831
2039 2609 2837
2609 2039 2837
2837 2039 2609
2071 1470 2164
1470 2071 2164
2164 1470 2071
1030 1203 2787
1203 1030 2787
2787 1030 1203
721 2227 2843
2227 721 2843
2843 721 2227
2468 2381 2705
2381 2468 2705
2705 2381 2468
1622 1152 2908
2908 1152 1622
1152 1622 2908
1253 601 1468
601 1253 1468
1468 601 1253
1844 2526 2985
2985 1844 2526
2526 1844 2985
2603 1207 1367
1207 1367 2603
1367 1207 2603
2537 225 460
225 460 2537
460 225 2537
902 1596 2660
2660 902 1596
1596 902 2660
2273 1882 2703
1882 2273 2703
2703 1882 2273
2598 2240 2455
2455 2240 2598
2240 2455 2598
2988 26 1924
26 1924 2988
1924 26 2988
2339 187 750
187 750 2339
750 187 2339
1266 2357 2853
2853 1266 2357
2357 1266 2853
2341 2315 2886
2886 2315 2341
2315 2341 2886
872 200 596
200 596 872
596 200 872
835 1371 1695
1695 835 1371
1371 835 1695
1398 2546 2596
2596 1398 2546
2546 1398 2596
823 1600 1993
1600 823 1993
1993 823 1600
2875 1735 2362
2362 1735 2875
1735 2362 2875
2092 1817 2042
1817 2042 2092
2042 1817 2092
1746 490 2428
490 1746 2428
2428 490 1746
2449 343 2409
343 2409 2449
2409 343 2449
2003 1373 2391
2391 1373 2003
1373 2003 2391
1176 899 2104
2104 899 1176
899 1176 2104
128 1079 1480
1480 128 1079
1079 128 1480
1465 598 1224
1224 598 1465
598 1224 1465
824 612 2354
2354 612 824
612 824 2354
2072 1544 1850
1850 1544 2072
1544 1850 2072
2852 2137 2281
2281 2137 2852
2137 2281 2852
1233 1434 2208
1434 1233 2208
2208 1233 1434
1672 1338 1812
1812 1338 1672
1338 1672 1812
2893 147 1865
147 1865 2893
1865 147 2893
2623 1605 1900
1605 1900 2623
1900 1605 2623
699 1990 2410
1990 699 2410
2410 699 1990
1391 236 1034
1034 236 1391
236 1034 1391
2711 1457 1682
1457 1682 2711
1682 1457 2711
1518 1400 1657
1400 1518 1657
1657 1400 1518
2336 12 1223
1223 12 2336
12 1223 2336
1914 2249 2855
2855 1914 2249
2249 1914 2855
1484 447 2905
447 1484 2905
2905 447 1484
2500 1894 2386
1894 2386 2500
2386 1894 2500
885 371 2872
371 885 2872
2872 371 885
1997 1663 2382
2382 1663 1997
1663 1997 2382
1099 254 2236
2236 254 1099
254 1099 2236
1808 1237 2613
2613 1237 1808
1237 1808 2613
2448 1 1255
1 1255 2448
1255 1 2448
2655 1473 1998
1473 1998 2655
1998 1473 2655
2774 232 429
429 232 2774
232 429 2774
2772 2189 2686
2686 2189 2772
2189 2686 2772
858 335 1227
1227 335 858
335 858 1227
1583 1720 2874
2874 1583 1720
1720 1583 2874
694 843 2174
843 694 2174
2174 694 843
268 621 1172
621 268 1172
1172 268 621
259 756 2894
2894 259 756
756 259 2894
574 348 411
411 348 574
348 411 574
2888 1557 2497
1557 2497 2888
2497 1557 2888
1268 2200 2706
2706 1268 2200
2200 1268 2706
1761 1195 1910
1910 1195 1761
1195 1761 1910
1868 1519 2034
2034 1519 1868
1519 1868 2034
2363 2486 2732
2732 2363 2486
2486 2363 2732
1497 1713 2041
1713 1497 2041
2041 1497 1713
2141 963 1836
1836 963 2141
963 1836 2141
30 1515 2878
2878 30 1515
1515 30 2878
2196 1186 2675
1186 2196 2675
2675 1186 2196
589 741 1036
1036 589 741
741 589 1036
497 2369 2781
2369 497 2781
2781 497 2369
1771 1492 1700
1492 1700 1771
1700 1492 1771
2971 1291 2370
2370 1291 2971
1291 2370 2971
1915 1543 2679
1543 1915 2679
2679 1543 1915
1217 537 1838
537 1217 1838
1838 537 1217
1447 1845 1979
1845 1447 1979
1979 1447 1845
1440 993 1741
993 1440 1741
1741 993 1440
1323 458 2195
2195 458 1323
458 1323 2195
2384 840 1126
1126 840 2384
840 1126 2384
1219 1795 2481
1795 1219 2481
2481 1219 1795
2759 1383 2965
1383 2759 2965
2965 1383 2759
952 962 1146
1146 952 962
962 952 1146
2004 182 346
346 182 2004
182 346 2004
231 703 2098
703 231 2098
2098 231 703
2294 514 2383
514 2294 2383
2383 514 2294
2225 927 1240
1240 927 2225
927 1240 2225
1745 7 1009
1009 7 1745
7 1009 1745
1607 216 1542
216 1542 1607
1542 216 1607
2023 1834 2102
1834 2023 2102
2102 1834 2023
1708 792 2702
792 1708 2702
2702 792 1708
723 2504 2865
2865 723 2504
2504 723 2865
2040 758 1369
1369 758 2040
758 1369 2040
59 875 1319
875 59 1319
1319 59 875
487 1071 1448
1071 487 1448
1448 487 1071
353 2404 2829
2404 353 2829
2829 353 2404
2079 1792 2634
1792 2079 2634
2634 1792 2079
2707 2075 2519
2075 2519 2707
2519 2075 2707
2568 423 2223
423 2223 2568
2223 423 2568
1375 1158 1345
1158 1345 1375
1345 1158 1375
2179 954 2089
2089 954 2179
954 2089 2179
396 726 881
881 396 726
726 396 881
2051 878 2778
878 2051 2778
2778 878 2051
1381 31 2693
31 1381 2693
2693 31 1381
2617 394 2593
2593 394 2617
394 2593 2617
2861 687 2762
687 2762 2861
2762 687 2861
795 936 2789
2789 795 936
936 795 2789
189 1933 2929
1933 189 2929
2929 189 1933
982 293 1711
1711 293 982
293 982 1711
2237 153 1884
153 1884 2237
1884 153 2237
814 42 1648
1648 42 814
42 814 1648
220 807 2550
2550 220 807
807 220 2550
1864 1425 2338
1425 1864 2338
2338 1425 1864
2814 1028 1422
1028 1422 2814
1422 1028 2814
2442 1187 1948
1948 1187 2442
1187 1948 2442
152 1295 2154
1295 152 2154
2154 152 1295
2799 2447 2591
2447 2591 2799
2591 2447 2799
1570 10 1973
10 1570 1973
1973 10 1570
1070 507 2199
507 1070 2199
2199 507 1070
113 529 1687
1687 113 529
529 113 1687
1551 1572 2303
1572 1551 2303
2303 1551 1572
2757 2272 2581
2272 2581 2757
2581 2272 2757
283 1199 1581
1581 283 1199
1199 283 1581
2131 2124 2332
2332 2124 2131
2124 2131 2332
1870 1718 2150
2150 1718 1870
1718 1870 2150
2205 1280 1942
1280 1942 2205
1942 1280 2205
2331 446 650
446 650 2331
650 446 2331
1531 2121 2403
2121 1531 2403
2403 1531 2121
2642 1606 2183
2183 1606 2642
1606 2183 2642
356 2731 2842
2731 356 2842
2842 356 2731
2625 2575 2719
2575 2625 2719
2719 2575 2625
1042 1694 2166
2166 1042 1694
1694 1042 2166
1689 77 1318
77 1318 1689
1318 77 1689
884 609 2506
609 884 2506
2506 609 884
972 519 635
635 519 972
519 635 972
653 1085 2957
1085 653 2957
2957 653 1085
656 1697 2990
1697 656 2990
2990 656 1697
223 27 397
397 27 223
27 223 397
1750 1678 2592
1678 1750 2592
2592 1678 1750
1182 1807 2194
2194 1182 1807
1807 1182 2194
2798 416 2167
416 2167 2798
2167 416 2798
1242 8 105
105 8 1242
8 105 1242
1407 284 2992
2992 284 1407
284 1407 2992
111 17 894
17 111 894
894 17 111
2473 190 765
190 765 2473
765 190 2473
693 2346 2513
2346 693 2513
2513 693 2346
1786 1813 2176
2176 1786 1813
1813 1786 2176
80 242 2871
242 80 2871
2871 80 242
2256 2302 2545
2302 2256 2545
2545 2256 2302
2333 847 1014
847 1014 2333
1014 847 2333
406 178 1403
178 406 1403
1403 178 406
2735 518 953
953 518 2735
518 953 2735
2229 1119 2639
2639 1119 2229
1119 2229 2639
250 585 1532
585 250 1532
1532 250 585
2127 1610 2361
2361 1610 2127
1610 2127 2361
987 1406 1483
1406 987 1483
1483 987 1406
2090 227 678
227 678 2090
678 227 2090
2161 16 2931
2931 16 2161
16 2161 2931
1619 709 990
709 990 1619
990 709 1619
2314 445 575
445 575 2314
575 445 2314
1512 997 2024
2024 997 1512
997 1512 2024
1175 1190 2028
2028 1175 1190
1190 1175 2028
194 1609 1732
1732 194 1609
1609 194 1732
1396 2672 2681
2681 1396 2672
2672 1396 2681
2668 744 2607
744 2607 2668
2607 744 2668
1384 1286 1841
1841 1286 1384
1286 1384 1841
2288 1758 1987
1987 1758 2288
1758 1987 2288
1016 1626 1922
1922 1016 1626
1626 1016 1922
1101 46 943
46 943 1101
943 46 1101
1646 1571 1594
1571 1594 1646
1594 1571 1646
2052 146 1080
1080 146 2052
146 1080 2052
1738 2115 2130
2130 1738 2115
2115 1738 2130
2566 2210 2797
2797 2210 2566
2210 2566 2797
2059 1533 2726
2726 1533 2059
1533 2059 2726
1826 1001 2551
1001 1826 2551
2551 1001 1826
1650 525 912
912 525 1650
525 912 1650
1145 1466 1520
1466 1145 1520
1520 1145 1466
2373 735 1623
735 1623 2373
1623 735 2373
1685 1429 2691
2691 1429 1685
1429 1685 2691
978 312 1043
1043 312 978
312 978 1043
2132 1189 1638
1638 1189 2132
1189 1638 2132
2016 1438 2953
1438 2016 2953
2953 1438 2016
1282 2578 2602
2578 1282 2602
2602 1282 2578
684 66 544
544 66 684
66 544 684
1790 751 1547
1547 751 1790
751 1547 1790
1372 2207 2407
2207 1372 2407
2407 1372 2207
382 1056 1443
1056 382 1443
1443 382 1056
1966 1226 2889
1226 1966 2889
2889 1226 1966
748 302 1803
302 748 1803
1803 302 748
2968 13 116
13 116 2968
116 13 2968
2128 2230 2554
2230 2128 2554
2554 2128 2230
1972 1764 1919
1764 1919 1972
1919 1764 1972
2056 1022 1729
1729 1022 2056
1022 1729 2056
2780 1773 1991
1991 1773 2780
1773 1991 2780
810 186 1321
186 810 1321
1321 186 810
2796 852 1029
852 1029 2796
1029 852 2796
1003 1241 2462
1241 1003 2462
2462 1003 1241
1052 531 1587
531 1052 1587
1587 531 1052
2436 433 1057
1057 433 2436
433 1057 2436
2951 1675 2739
1675 2739 2951
2739 1675 2951
800 134 1196
134 800 1196
1196 134 800
2037 2063 2163
2163 2037 2063
2063 2037 2163
2133 6 2892
2892 6 2133
6 2133 2892
321 2111 2808
2111 321 2808
2808 321 2111
1652 1065 2371
1065 1652 2371
2371 1065 1652
1370 2204 2928
2204 1370 2928
2928 1370 2204
1785 2298 2984
2298 1785 2984
2984 1785 2298
1096 532 1502
532 1096 1502
1502 532 1096
2643 639 2430
2430 639 2643
639 2430 2643
2549 320 2640
320 2549 2640
2640 320 2549
384 663 2484
2484 384 663
663 384 2484
2334 1561 1855
1561 1855 2334
1855 1561 2334
627 1478 2870
2870 627 1478
1478 627 2870
235 1272 1496
1272 235 1496
1496 235 1272
2446 2411 2674
2411 2446 2674
2674 2411 2446
1335 688 1796
1796 688 1335
688 1335 1796
2788 14 373
373 14 2788
14 373 2788
628 374 1955
1955 374 628
374 628 1955
2415 176 1346
176 1346 2415
1346 176 2415
1953 1274 2320
1274 1953 2320
2320 1274 1953
1300 572 1445
572 1300 1445
1445 572 1300
2306 1097 1479
1097 1479 2306
1479 1097 2306
1353 266 2517
2517 266 1353
266 1353 2517
536 2514 2862
2514 536 2862
2862 536 2514
1131 573 2032
2032 573 1131
573 1131 2032
1981 563 1676
563 1676 1981
1676 563 1981
1035 1791 2901
1791 1035 2901
2901 1035 1791
1364 2106 2201
2201 1364 2106
2106 1364 2201
873 1658 2495
1658 873 2495
2495 873 1658
2935 1612 1686
1612 1686 2935
1686 1612 2935
1163 1038 1218
1218 1038 1163
1038 1163 1218
2584 1171 1728
1728 1171 2584
1171 1728 2584
2472 358 836
358 836 2472
836 358 2472
258 506 671
671 258 506
506 258 671
522 277 2184
277 522 2184
2184 277 522
341 2538 2574
2538 341 2574
2574 341 2538
1267 414 1162
414 1162 1267
1162 414 1267
355 474 2558
2558 355 474
474 355 2558
1271 1552 2822
1552 1271 2822
2822 1271 1552
2463 764 1011
764 1011 2463
1011 764 2463
2527 151 2087
2087 151 2527
151 2087 2527
2864 1888 2866
2866 1888 2864
1888 2864 2866
1263 829 2567
829 1263 2567
2567 829 1263
2544 566 1125
1125 566 2544
566 1125 2544
114 2776 2831
2831 114 2776
2776 114 2831
2580 600 2324
2324 600 2580
600 2324 2580
2325 89 2438
89 2325 2438
2438 89 2325
198 492 1251
1251 198 492
492 198 1251
833 1747 1965
1965 833 1747
1747 833 1965
1494 1278 2973
1278 1494 2973
2973 1278 1494
1142 876 1476
876 1142 1476
1476 876 1142
910 29 1912
1912 29 910
29 910 1912
991 1975 2569
2569 991 1975
1975 991 2569
675 33 136
136 33 675
33 136 675
1387 1090 2775
2775 1090 1387
1090 1387 2775
2120 1157 1840
1157 1840 2120
1840 1157 2120
2437 1693 1908
1693 1908 2437
1908 1693 2437
1428 305 1297
305 1297 1428
1297 305 1428
1311 334 2267
334 1311 2267
2267 334 1311
2348 1963 2818
2818 1963 2348
1963 2348 2818
205 332 2433
2433 205 332
332 205 2433
950 665 775
775 665 950
665 775 950
746 615 2695
2695 615 746
615 746 2695
1937 306 2661
306 1937 2661
2661 306 1937
1141 11 1177
11 1141 1177
1177 11 1141
2069 290 1674
1674 290 2069
290 1674 2069
2585 1306 2912
1306 2585 2912
2912 1306 2585
2060 632 2180
632 2060 2180
2180 632 2060
2586 785 2488
2488 785 2586
785 2488 2586
2859 496 2027
2027 496 2859
496 2027 2859
43 1863 2146
2146 43 1863
1863 43 2146
957 157 1866
1866 157 957
157 957 1866
658 15 505
15 505 658
505 15 658
2838 710 1824
1824 710 2838
710 1824 2838
1753 122 730
122 730 1753
730 122 1753
917 975 2828
2828 917 975
975 917 2828
463 2397 2722
2722 463 2397
2397 463 2722
1254 368 1221
368 1221 1254
1221 368 1254
1234 702 900
702 900 1234
900 702 1234
630 782 2700
782 630 2700
2700 630 782
1211 79 578
578 79 1211
79 578 1211
1983 587 2454
587 1983 2454
2454 587 1983
1936 1002 2022
1002 1936 2022
2022 1002 1936
403 803 868
868 403 803
803 403 868
2812 75 2534
2534 75 2812
75 2534 2812
475 1133 2825
2825 475 1133
1133 475 2825
1453 238 2520
238 1453 2520
2520 238 1453
870 1315 2044
1315 870 2044
2044 870 1315
2676 776 2441
2441 776 2676
776 2441 2676
1871 390 2193
2193 390 1871
390 1871 2193
571 44 2431
44 571 2431
2431 44 571
2352 1165 2528
2528 1165 2352
1165 2352 2528
2326 1775 2631
2631 1775 2326
1775 2326 2631
2810 1954 2360
2360 1954 2810
1954 2360 2810
1332 725 2925
725 1332 2925
2925 725 1332
149 1120 2900
2900 149 1120
1120 149 2900
1895 1064 1078
1064 1078 1895
1078 1064 1895
2510 40 1703
40 1703 2510
1703 40 2510
2543 1526 1656
1526 1656 2543
1656 1526 2543
2723 1721 2501
2501 1721 2723
1721 2501 2723
1627 1501 1506
1506 1501 1627
1501 1506 1627
380 23 48
23 48 380
48 23 380
1421 1493 1554
1493 1421 1554
1554 1421 1493
1258 49 2400
49 1258 2400
2400 49 1258
2548 2579 2666
2666 2548 2579
2579 2548 2666
2858 956 1917
1917 956 2858
956 1917 2858
1653 1420 2046
1420 1653 2046
2046 1420 1653
269 1179 1553
1553 269 1179
1179 269 1553
664 230 2854
230 664 2854
2854 230 664
907 2045 2708
2045 907 2708
2708 907 2045
2727 2312 2742
2312 2727 2742
2742 2312 2727
1450 2340 2368
2340 1450 2368
2368 1450 2340
2648 892 1783
892 1783 2648
1783 892 2648
1525 1517 2460
1517 1525 2460
2460 1517 1525
733 1464 2572
1464 733 2572
2572 733 1464
806 375 494
494 375 806
375 494 806
180 1212 1957
1212 180 1957
1957 180 1212
1726 1183 1823
1183 1726 1823
1823 1183 1726
759 442 901
442 759 901
901 442 759
2494 1330 2424
2424 1330 2494
1330 2424 2494
1977 1115 2891
1115 1977 2891
2891 1115 1977
763 158 2482
158 763 2482
2482 158 763
1630 2135 2840
2840 1630 2135
2135 1630 2840
1127 381 1562
1562 381 1127
381 1127 1562
184 271 1467
271 184 1467
1467 184 271
2393 1284 1500
1500 1284 2393
1284 1500 2393
313 570 2684
570 313 2684
2684 313 570
2991 364 2160
364 2160 2991
2160 364 2991
74 86 2979
86 74 2979
2979 74 86
1806 363 2257
363 1806 2257
2257 363 1806
1168 352 1898
352 1168 1898
1898 352 1168
1535 1509 2699
1509 1535 2699
2699 1509 1535
2055 1320 3000
3000 1320 2055
1320 2055 3000
2529 170 2086
170 2086 2529
2086 170 2529
493 1086 2848
1086 493 2848
2848 493 1086
2080 1210 1252
1210 1252 2080
1252 1210 2080
1173 2301 2755
2301 1173 2755
2755 1173 2301
2724 2851 2910
2851 2724 2910
2910 2724 2851
2116 1507 2997
2997 1507 2116
1507 2116 2997
274 2049 2289
2049 274 2289
2289 274 2049
1999 825 1603
1603 825 1999
825 1603 1999
316 1159 2144
2144 316 1159
1159 316 2144
916 287 1749
1749 287 916
287 916 1749
222 1329 2177
2177 222 1329
1329 222 2177
2502 1298 2649
1298 2502 2649
2649 1298 2502
2720 164 2751
164 2720 2751
2751 164 2720
1692 757 760
757 760 1692
760 757 1692
1103 1110 1688
1110 1103 1688
1688 1103 1110
1395 102 1424
1424 102 1395
102 1395 1424
1842 452 1000
1000 452 1842
452 1000 1842
1636 354 1068
1068 354 1636
354 1068 1636
2989 315 2749
315 2749 2989
2749 315 2989
1668 565 984
565 984 1668
984 565 1668
1388 169 415
169 415 1388
415 169 1388
1072 1063 1256
1256 1063 1072
1063 1072 1256
2934 338 2993
2993 338 2934
338 2934 2993
2758 920 1491
1491 920 2758
920 1491 2758
1017 140 2432
2432 140 1017
140 1017 2432
1996 199 2466
199 1996 2466
2466 199 1996
1669 1341 1402
1402 1341 1669
1341 1402 1669
2066 172 2744
172 2066 2744
2744 172 2066
1585 747 931
747 931 1585
931 747 1585
251 644 1763
1763 251 644
644 251 1763
1522 431 1906
1906 431 1522
431 1522 1906
1122 64 2095
2095 64 1122
64 1122 2095
1573 61 95
61 95 1573
95 61 1573
379 673 1715
1715 379 673
673 379 1715
738 801 2275
801 738 2275
2275 738 801
646 2316 2954
2954 646 2316
2316 646 2954
1931 1214 2493
1214 1931 2493
2493 1214 1931
70 727 1677
727 70 1677
1677 70 727
2036 1005 1546
1546 1005 2036
1005 1546 2036
651 1170 2941
1170 651 2941
2941 651 1170
2243 2047 2076
2076 2047 2243
2047 2076 2243
2536 2353 2553
2553 2353 2536
2353 2536 2553
385 110 771
110 385 771
771 110 385
602 790 1774
790 602 1774
1774 602 790
1967 832 908
832 908 1967
908 832 1967
2020 924 2590
924 2020 2590
2590 924 2020
336 1358 2065
1358 336 2065
2065 336 1358
1188 485 1988
1988 485 1188
485 1188 1988
640 2309 2474
2474 640 2309
2309 640 2474
557 1503 2347
2347 557 1503
1503 557 2347
1474 1124 2783
2783 1124 1474
1124 1474 2783
951 1208 2252
2252 951 1208
1208 951 2252
155 289 333
289 155 333
333 155 289
556 634 1316
634 556 1316
1316 556 634
2717 1567 2084
1567 2084 2717
2084 1567 2717
2531 192 2186
2186 192 2531
192 2186 2531
196 1928 2764
2764 196 1928
1928 196 2764
1143 2547 2795
2547 1143 2795
2795 1143 2547
2117 698 2416
2416 698 2117
698 2117 2416
2254 228 2372
228 2254 2372
2372 228 2254
874 1691 2112
2112 874 1691
1691 874 2112
838 297 2977
297 838 2977
2977 297 838
1563 921 2067
2067 921 1563
921 1563 2067
1589 1951 2159
2159 1589 1951
1951 1589 2159
2278 471 2913
2913 471 2278
471 2278 2913
517 925 1814
925 517 1814
1814 517 925
501 781 1261
781 501 1261
1261 501 781
774 1100 2029
1100 774 2029
2029 774 1100
188 2412 2734
2412 188 2734
2734 188 2412
1023 129 1734
129 1023 1734
1734 129 1023
1599 1156 1495
1495 1156 1599
1156 1495 1599
521 813 1374
1374 521 813
813 521 1374
580 940 1093
1093 580 940
940 580 1093
1348 207 1580
1580 207 1348
207 1348 1580
897 939 1601
1601 897 939
939 897 1601
1880 1702 2729
1702 1880 2729
2729 1702 1880
2704 28 986
28 986 2704
986 28 2704
201 1759 2917
1759 201 2917
2917 201 1759
511 1130 2760
1130 511 2760
2760 511 1130
1334 41 2217
41 1334 2217
2217 41 1334
623 167 2943
167 623 2943
2943 167 623
1671 1591 2694
2694 1591 1671
1591 1671 2694
2423 1356 2624
2624 1356 2423
1356 2423 2624
145 1121 2539
2539 145 1121
1121 145 2539
715 1485 1529
1529 715 1485
1485 715 1529
827 391 717
391 717 827
717 391 827
988 1244 2172
2172 988 1244
1244 988 2172
1446 1287 2714
2714 1287 1446
1287 1446 2714
670 1459 2239
2239 670 1459
1459 670 2239
682 2097 2834
2834 682 2097
2097 682 2834
853 92 2033
2033 92 853
92 853 2033
2300 1578 1665
1578 1665 2300
1665 1578 2300
503 1982 2673
2673 503 1982
1982 503 2673
854 1787 1874
1787 854 1874
1874 854 1787
716 1376 2565
1376 716 2565
2565 716 1376
1405 204 2743
2743 204 1405
204 1405 2743
613 1768 2374
2374 613 1768
1768 613 2374
1449 9 2937
2937 9 1449
9 1449 2937
2418 959 2761
959 2418 2761
2761 959 2418
2094 37 1854
37 1854 2094
1854 37 2094
509 1248 2134
2134 509 1248
1248 509 2134
2627 1736 2247
1736 2247 2627
2247 1736 2627
1308 1108 2909
1108 1308 2909
2909 1108 1308
1667 265 2054
2054 265 1667
265 1667 2054
393 181 1018
181 393 1018
1018 181 393
985 453 1455
453 985 1455
1455 453 985
88 234 1150
1150 88 234
234 88 1150
120 2646 2709
2646 120 2709
2709 120 2646
2986 36 2221
2221 36 2986
36 2221 2986
125 1772 2489
1772 125 2489
2489 125 1772
1659 1628 2628
2628 1628 1659
1628 1659 2628
2359 793 2001
793 2001 2359
2001 793 2359
1408 244 2966
244 1408 2966
2966 244 1408
2524 1595 1737
1737 1595 2524
1595 1737 2524
2025 719 2807
2807 719 2025
719 2025 2807
2304 82 617
82 617 2304
617 82 2304
1160 729 770
770 729 1160
729 770 1160
1185 466 1666
466 1185 1666
1666 466 1185
1810 1766 2830
1766 1810 2830
2830 1766 1810
1920 890 2923
2923 890 1920
890 1920 2923
45 340 438
438 45 340
340 45 438
2279 470 2496
2496 470 2279
470 2279 2496
1716 802 1452
1452 802 1716
802 1452 1716
2313 1822 2651
1822 2313 2651
2651 1822 2313
1618 655 2244
2244 655 1618
655 1618 2244
960 1180 2057
2057 960 1180
1180 960 2057
2110 569 2766
569 2110 2766
2766 569 2110
786 455 1365
455 786 1365
1365 455 786
1265 2601 2678
2678 1265 2601
2601 1265 2678
1508 732 778
732 778 1508
778 732 1508
2444 913 1548
913 1548 2444
1548 913 2444
395 808 1805
1805 395 808
808 395 1805
408 879 1859
1859 408 879
879 408 1859
2068 183 1777
183 1777 2068
1777 183 2068
1385 154 1740
154 1385 1740
1740 154 1385
1617 689 2083
689 1617 2083
2083 689 1617
1837 1340 1779
1340 1779 1837
1779 1340 1837
2002 1743 1799
1799 1743 2002
1743 1799 2002
1039 1889 2583
2583 1039 1889
1889 1039 2583
968 2009 2321
2321 968 2009
2009 968 2321
2887 1528 2268
2268 1528 2887
1528 2268 2887
1647 841 2972
2972 841 1647
841 1647 2972
871 282 1019
1019 282 871
282 871 1019
319 1084 1873
1084 319 1873
1873 319 1084
1620 903 2955
903 1620 2955
2955 903 1620
989 296 1194
296 989 1194
1194 296 989
2170 1462 2318
1462 2170 2318
2318 1462 2170
2434 880 928
928 880 2434
880 928 2434
2421 19 498
498 19 2421
19 498 2421
459 248 1458
1458 248 459
248 459 1458
1719 325 1264
325 1264 1719
1264 325 1719
2680 692 2782
692 2680 2782
2782 692 2680
162 276 2975
2975 162 276
276 162 2975
981 484 2171
2171 484 981
484 981 2171
1454 707 822
707 822 1454
822 707 1454
1243 2342 2846
2846 1243 2342
2342 1243 2846
2949 1075 2487
2487 1075 2949
1075 2487 2949
63 1739 2458
1739 63 2458
2458 63 1739
2836 554 1701
1701 554 2836
554 1701 2836
610 1089 2209
2209 610 1089
1089 610 2209
1147 62 96
62 96 1147
96 62 1147
888 272 830
272 830 888
830 272 888
2182 788 2191
2191 788 2182
788 2182 2191
643 821 2426
2426 643 821
821 643 2426
1968 2123 2563
2563 1968 2123
2123 1968 2563
1755 546 2388
2388 546 1755
546 1755 2388
629 267 839
839 267 629
267 629 839
1499 401 1343
1343 401 1499
401 1343 1499
489 275 1504
1504 275 489
275 489 1504
1310 350 1426
350 1310 1426
1426 350 1310
2557 2015 2884
2015 2557 2884
2884 2015 2557
443 1488 2785
2785 443 1488
1488 443 2785
1545 2277 2712
2277 1545 2712
2712 1545 2277
2773 889 2670
889 2670 2773
2670 889 2773
2395 156 2215
2215 156 2395
156 2215 2395
264 896 1613
896 264 1613
1613 264 896
1213 918 1539
918 1213 1539
1539 918 1213
1534 2465 2632
2632 1534 2465
2465 1534 2632
2611 789 970
789 970 2611
970 789 2611
577 904 2595
904 577 2595
2595 577 904
1568 638 1439
1439 638 1568
638 1439 1568
2582 1128 2211
1128 2211 2582
2211 1128 2582
2552 967 2914
2914 967 2552
967 2552 2914
1202 24 2754
24 1202 2754
2754 24 1202
2920 798 1106
798 1106 2920
1106 798 2920
378 1706 2621
2621 378 1706
1706 378 2621
1418 1830 2456
2456 1418 1830
1830 1418 2456
820 668 731
668 731 820
731 668 820
1436 1642 2238
1642 1436 2238
2238 1436 1642
966 328 2507
328 966 2507
2507 328 966
1960 195 766
195 766 1960
766 195 1960
2939 131 1260
1260 131 2939
131 1260 2939
645 911 1312
1312 645 911
911 645 1312
1136 163 2919
163 1136 2919
2919 163 1136
540 1140 2093
1140 540 2093
2093 540 1140
1521 2376 2644
2376 1521 2644
2644 1521 2376
1892 998 2962
998 1892 2962
2962 998 1892
462 1138 1344
1138 462 1344
1344 462 1138
2641 883 2206
883 2206 2641
2206 883 2641
215 71 1417
71 215 1417
1417 71 215
288 515 1155
1155 288 515
515 288 1155
495 137 1971
1971 137 495
137 495 1971
2750 1239 2450
1239 2450 2750
2450 1239 2750
1776 1498 2173
1498 1776 2173
2173 1498 1776
481 1950 1961
1950 481 1961
1961 481 1950
739 652 1878
1878 652 739
652 739 1878
1560 2476 2741
2741 1560 2476
2476 1560 2741
1015 2351 2952
2351 1015 2952
2952 1015 2351
2638 938 1660
938 1660 2638
1660 938 2638
660 2258 2291
2291 660 2258
2258 660 2291
2879 239 2406
239 2406 2879
2406 239 2879
2835 1113 2461
2461 1113 2835
1113 2461 2835
1262 1714 2944
1714 1262 2944
2944 1262 1714
2645 669 2659
669 2645 2659
2659 669 2645
427 255 1760
255 427 1760
1760 255 427
2615 679 834
834 679 2615
679 834 2615
2245 1441 1527
1527 1441 2245
1441 1527 2245
2873 399 2380
399 2380 2873
2380 399 2873
2698 331 2589
2589 331 2698
331 2589 2698
100 1181 1392
1392 100 1181
1181 100 1392
476 592 934
934 476 592
592 476 934
1270 1020 1333
1333 1020 1270
1020 1270 1333
828 696 2898
2898 696 828
696 828 2898
1754 1946 2356
1946 1754 2356
2356 1754 1946
213 590 2594
2594 213 590
590 213 2594
218 1872 2816
2816 218 1872
1872 218 2816
1717 697 1679
697 1679 1717
1679 697 1717
1980 1989 2058
2058 1980 1989
1989 1980 2058
2600 217 1881
1881 217 2600
217 1881 2600
691 2413 2805
2413 691 2805
2805 691 2413
614 941 1304
1304 614 941
941 614 1304
1631 513 1885
513 1631 1885
1885 513 1631
1821 1629 2233
1629 1821 2233
2233 1629 1821
2922 1336 1913
1336 1913 2922
1913 1336 2922
1275 866 996
996 866 1275
866 996 1275
2845 1083 2916
2916 1083 2845
1083 2845 2916
2259 171 1819
171 1819 2259
1819 171 2259
2656 1890 2030
2030 1890 2656
1890 2030 2656
1696 435 1082
435 1082 1696
1082 435 1696
1862 2246 2622
2246 1862 2622
2622 1862 2246
1419 299 2119
299 1419 2119
2119 299 1419
1670 81 701
701 81 1670
81 701 1670
1293 706 2197
706 1293 2197
2197 706 1293
1748 1060 2976
2976 1060 1748
1060 1748 2976
491 1849 2940
1849 491 2940
2940 491 1849
132 344 1962
344 132 1962
1962 132 344
260 434 2266
434 260 2266
2266 260 434
1389 1934 2078
2078 1389 1934
1934 1389 2078
2956 799 979
799 979 2956
979 799 2956
310 224 2987
2987 224 310
224 310 2987
2669 1247 2358
1247 2358 2669
2358 1247 2669
2867 718 946
946 718 2867
718 946 2867
551 2541 2902
2902 551 2541
2541 551 2902
193 2013 2770
2013 193 2770
2770 193 2013
478 755 2317
2317 478 755
755 478 2317
2608 704 1945
1945 704 2608
704 1945 2608
245 301 1921
301 245 1921
1921 245 301
1066 1076 2443
1076 1066 2443
2443 1066 1076
1684 1608 1916
1916 1608 1684
1608 1684 1916
281 1153 1959
1153 281 1959
1959 281 1153
472 417 1283
417 472 1283
1283 417 472
1161 256 855
256 855 1161
855 256 1161
845 819 2387
2387 819 845
819 845 2387
2844 677 2736
2736 677 2844
677 2736 2844
2715 210 1661
210 1661 2715
1661 210 2715
1947 882 1756
1756 882 1947
882 1756 1947
2156 588 1621
1621 588 2156
588 1621 2156
18 964 1314
964 18 1314
1314 18 964
1731 221 2756
221 1731 2756
2756 221 1731
94 1342 2378
1342 94 2378
2378 94 1342
2994 1879 2122
1879 2122 2994
2122 1879 2994
1307 616 1651
616 1307 1651
1651 616 1307
2573 1055 1477
1477 1055 2573
1055 1477 2573
1883 608 1582
608 1582 1883
1582 608 1883
1423 295 432
295 432 1423
432 295 1423
2295 2682 2827
2827 2295 2682
2682 2295 2827
1379 545 2026
545 1379 2026
2026 545 1379
1925 327 2576
2576 327 1925
327 1925 2576
1800 1639 2824
2824 1639 1800
1639 1800 2824
1033 633 2885
633 1033 2885
2885 633 1033
1397 674 1074
1074 674 1397
674 1074 1397
1843 915 1611
915 1611 1843
1611 915 1843
1294 797 1437
797 1294 1437
1437 797 1294
773 2099 2863
2099 773 2863
2863 773 2099
1538 304 2290
304 1538 2290
2290 304 1538
1102 58 2491
2491 58 1102
58 1102 2491
2896 1123 2523
1123 2523 2896
2523 1123 2896
1303 1279 2483
1279 1303 2483
2483 1279 1303
848 558 2629
558 848 2629
2629 558 848
118 286 1566
286 118 1566
1566 118 286
2786 1111 1655
1111 1655 2786
1655 1111 2786
2938 865 2895
865 2895 2938
2895 865 2938
1010 150 1415
150 1010 1415
1415 150 1010
1259 711 2571
711 1259 2571
2571 711 1259
2043 314 846
846 314 2043
314 846 2043
420 1220 2214
2214 420 1220
1220 420 2214
1360 345 2105
2105 345 1360
345 1360 2105
436 1249 2784
1249 436 2784
2784 436 1249
2960 60 246
246 60 2960
60 246 2960
72 1634 1680
1680 72 1634
1634 72 1680
144 754 2299
754 144 2299
2299 144 754
133 662 1918
662 133 1918
1918 133 662
1690 233 2618
2618 233 1690
233 1690 2618
367 857 2031
2031 367 857
857 367 2031
542 611 2499
2499 542 611
611 542 2499
562 2329 2453
2453 562 2329
2329 562 2453
1644 1399 1401
1401 1399 1644
1399 1401 1644
533 2620 2821
2821 533 2620
2620 533 2821
2946 2050 2636
2050 2636 2946
2636 2050 2946
576 1722 2305
1722 576 2305
2305 576 1722
1992 249 2389
2389 249 1992
249 1992 2389
229 994 1051
1051 229 994
994 229 1051
1574 32 561
32 561 1574
561 32 1574
593 326 683
683 326 593
326 593 683
942 1132 2157
1132 942 2157
2157 942 1132
695 523 1549
1549 523 695
523 695 1549
2248 713 1633
713 1633 2248
1633 713 2248
2800 672 1296
1296 672 2800
672 1296 2800
2108 360 676
676 360 2108
360 676 2108
625 1192 1828
1828 625 1192
1192 625 1828
700 413 949
949 413 700
413 700 949
2725 1848 2274
2274 1848 2725
1848 2274 2725
603 749 909
909 603 749
749 603 909
212 25 2998
25 212 2998
2998 25 212
1860 308 1811
308 1811 1860
1811 308 1860
1393 947 2107
947 1393 2107
2107 947 1393
449 1588 1788
1788 449 1588
1588 449 1788
2149 278 1144
1144 278 2149
278 1144 2149
2832 2390 2420
2390 2420 2832
2420 2390 2832
1050 594 805
594 805 1050
805 594 1050
130 69 690
69 130 690
690 69 130
83 1637 2355
1637 83 2355
2355 83 1637
539 1927 2158
2158 539 1927
1927 539 2158
2126 1598 2265
1598 2126 2265
2265 1598 2126
2671 642 2665
2665 642 2671
642 2665 2671
2477 2779 2950
2950 2477 2779
2779 2477 2950
1349 351 377
377 351 1349
351 377 1349
1357 21 208
21 208 1357
208 21 1357
366 2138 2619
2619 366 2138
2138 366 2619
1427 51 1027
51 1027 1427
1027 51 1427
2793 483 2961
483 2793 2961
2961 483 2793
2936 1049 2101
1049 2101 2936
2101 1049 2936
1558 1222 1325
1325 1222 1558
1222 1325 1558
2014 787 1169
1169 787 2014
787 1169 2014
87 923 1886
923 87 1886
1886 87 923
2103 1032 2490
2490 1032 2103
1032 2103 2490
486 1801 2713
1801 486 2713
2713 486 1801
1829 1511 2262
2262 1511 1829
1511 1829 2262
804 291 1088
291 804 1088
1088 291 804
2091 1117 1820
1117 1820 2091
1820 1117 2091
2535 583 2688
2688 583 2535
583 2535 2688
203 307 1112
1112 203 307
307 203 1112
2222 641 736
641 736 2222
736 641 2222
1576 2417 2918
2918 1576 2417
2417 1576 2918
342 999 1853
1853 342 999
999 342 1853
2826 734 1615
1615 734 2826
734 1615 2826
1852 818 1907
1907 818 1852
818 1852 1907
2445 34 2427
34 2427 2445
2427 34 2445
2716 877 2190
2190 877 2716
877 2190 2716
1359 2283 2948
2948 1359 2283
2283 1359 2948
657 5 2560
2560 5 657
5 657 2560
520 1053 2467
1053 520 2467
2467 520 1053
1394 1288 2515
1288 1394 2515
2515 1288 1394
1416 405 527
527 405 1416
405 527 1416
2323 441 976
441 976 2323
976 441 2323
2745 2464 2559
2559 2464 2745
2464 2559 2745
1004 1351 2085
2085 1004 1351
1351 1004 2085
1081 2337 2367
2367 1081 2337
2337 1081 2367
1877 955 1899
1899 955 1877
955 1877 1899
2118 214 1643
214 1643 2118
1643 214 2118
1269 1778 2533
1778 1269 2533
2533 1269 1778
772 1390 2250
2250 772 1390
1390 772 2250
2525 2667 2981
2667 2525 2981
2981 2525 2667
1149 1802 2469
2469 1149 1802
1802 1149 2469
2647 1550 2530
2530 1550 2647
1550 2530 2647
303 1815 1846
1815 303 1846
1846 303 1815
1593 309 2685
2685 309 1593
309 1593 2685
1305 159 324
324 159 1305
159 324 1305
2343 1730 2521
1730 2343 2521
2521 1730 2343
1154 273 932
932 273 1154
273 932 1154
359 619 977
619 359 977
977 359 619
1839 1026 2882
2882 1026 1839
1026 1839 2882
450 816 2630
2630 450 816
816 450 2630
2011 745 958
958 745 2011
745 958 2011
2165 1045 1510
1510 1045 2165
1045 1510 2165
1166 488 2297
488 1166 2297
2297 488 1166
1041 534 1046
1046 534 1041
534 1041 1046
2542 1137 2612
1137 2542 2612
2612 1137 2542
1431 1442 2100
1442 1431 2100
2100 1431 1442
2650 1744 2364
1744 2364 2650
2364 1744 2650
1616 456 2350
456 1616 2350
2350 456 1616
1164 141 1481
141 1164 1481
1481 141 1164
2113 2 35
35 2 2113
2 35 2113
2907 1008 1770
1770 1008 2907
1008 1770 2907
2820 160 2877
160 2820 2877
2877 160 2820
369 919 1475
1475 369 919
919 369 1475
1698 247 1040
1040 247 1698
247 1040 1698
52 104 2232
104 52 2232
2232 52 104
1641 974 1167
974 1167 1641
1167 974 1641
1723 568 783
568 783 1723
783 568 1723
2349 115 1235
1235 115 2349
115 1235 2349
1257 948 2398
948 1257 2398
2398 948 1257
1410 1935 2974
1935 1410 2974
2974 1410 1935
742 850 1456
850 742 1456
1456 742 850
1382 1204 2185
1204 1382 2185
2185 1204 1382
119 547 1299
547 119 1299
1299 119 547
777 1725 2451
1725 777 2451
2451 777 1725
1662 165 2753
165 1662 2753
2753 165 1662
2178 606 2485
2485 606 2178
606 2178 2485
607 1614 2718
1614 607 2718
2718 607 1614
457 253 1752
1752 253 457
253 457 1752
2690 1430 2587
1430 2587 2690
2587 1430 2690
1707 209 477
477 209 1707
209 477 1707
2012 681 2114
2114 681 2012
681 2012 2114
2018 2470 2980
2980 2018 2470
2470 2018 2980
2857 285 2511
2511 285 2857
285 2511 2857
2752 620 1352
1352 620 2752
620 1352 2752
2604 995 1932
1932 995 2604
995 1932 2604
1044 1789 2606
1789 1044 2606
2606 1044 1789
1362 530 1970
530 1362 1970
1970 530 1362
20 1174 1409
1174 20 1409
1409 20 1174
2145 389 2202
2202 389 2145
389 2145 2202
2664 1037 2142
1037 2142 2664
2142 1037 2664
1780 1833 2746
1833 1780 2746
2746 1780 1833
1632 57 262
57 262 1632
262 57 1632
2653 1911 2081
1911 2081 2653
2081 1911 2653
2522 680 1324
1324 680 2522
680 1324 2522
428 108 2610
2610 108 428
108 428 2610
1555 2791 2967
2791 1555 2967
2967 1555 2791
1867 980 2689
980 1867 2689
2689 980 1867
2697 2017 2817
2017 2697 2817
2817 2017 2697
1073 117 2806
117 1073 2806
2806 117 1073
1024 992 2253
992 1024 2253
2253 992 1024
1976 330 2053
2053 330 1976
330 1976 2053
2311 2235 2366
2366 2235 2311
2235 2311 2366
685 412 631
631 412 685
412 631 685
535 559 2983
2983 535 559
559 535 2983
139 121 708
121 139 708
708 121 139
55 597 1835
1835 55 597
597 55 1835
2203 654 1433
1433 654 2203
654 1433 2203
2769 1565 2212
2212 1565 2769
1565 2212 2769
1107 347 473
473 347 1107
347 473 1107
2155 564 2635
564 2155 2635
2635 564 2155
191 1516 2516
2516 191 1516
1516 191 2516
2276 926 2396
926 2276 2396
2396 926 2276
68 1490 2801
2801 68 1490
1490 68 2801
935 1047 2330
2330 935 1047
1047 935 2330
2777 661 1231
661 1231 2777
1231 661 2777
1818 1524 2978
1524 1818 2978
2978 1524 1818
2021 649 1523
649 1523 2021
1523 649 2021
1994 263 2577
263 1994 2577
2577 263 1994
961 528 1905
1905 528 961
528 961 1905
73 636 969
969 73 636
636 73 969
2328 1209 1798
1209 1798 2328
1798 1209 2328
2969 1201 2242
2242 1201 2969
1201 2242 2969
1309 106 410
106 410 1309
410 106 1309
1236 1225 1540
1225 1236 1540
1540 1225 1236
548 720 2457
720 548 2457
2457 548 720
2958 56 2260
2260 56 2958
56 2260 2958
1386 1197 1322
1322 1197 1386
1197 1322 1386
2074 524 1228
524 1228 2074
1228 524 2074
465 1704 1891
1891 465 1704
1704 465 1891
1232 425 2945
425 1232 2945
2945 425 1232
2136 91 1793
91 1793 2136
1793 91 2136
2540 2006 2251
2251 2006 2540
2006 2251 2540
1059 929 1472
929 1059 1472
1472 929 1059
1530 618 1337
618 1337 1530
1337 618 1530
2152 177 292
177 292 2152
292 177 2152
1541 761 1625
761 1541 1625
1625 761 1541
2226 467 809
467 809 2226
809 467 2226
2492 922 1964
922 1964 2492
1964 922 2492
1193 817 1021
1021 817 1193
817 1021 1193
2738 101 2287
2287 101 2738
101 2287 2738
1781 430 1575
430 1575 1781
1575 430 1781
1109 252 1635
252 1109 1635
1635 252 1109
202 1463 1939
1463 202 1939
1939 202 1463
2088 337 2771
337 2088 2771
2771 337 2088
1302 2077 2811
2811 1302 2077
2077 1302 2811
1733 84 508
84 508 1733
508 84 1733
2377 240 859
240 859 2377
859 240 2377
1135 90 2010
90 1135 2010
2010 90 1135
2109 2616 2959
2959 2109 2616
2616 2109 2959
1604 322 2192
322 1604 2192
2192 322 1604
1926 1230 1710
1230 1710 1926
1710 1230 1926
794 1832 2169
1832 794 2169
2169 794 1832
1579 1276 1645
1645 1276 1579
1276 1579 1645
1664 626 812
812 626 1664
626 812 1664
1245 138 2008
2008 138 1245
138 1245 2008
318 2385 2915
2385 318 2915
2915 318 2385
2327 1313 2921
1313 2327 2921
2921 1313 2327
99 1514 2408
1514 99 2408
2408 99 1514
550 1277 1317
1277 550 1317
1317 550 1277
2904 65 1978
1978 65 2904
65 1978 2904
1461 705 2880
705 1461 2880
2880 705 1461
1590 349 454
454 349 1590
349 454 1590
604 398 1129
398 604 1129
1129 398 604
1683 667 2970
667 1683 2970
2970 667 1683
2293 404 1013
404 1013 2293
1013 404 2293
1952 811 2263
2263 811 1952
811 1952 2263
1451 842 965
965 842 1451
842 965 1451
123 2881 2995
2881 123 2995
2995 123 2881
2440 2073 2139
2073 2139 2440
2139 2073 2440
1435 567 1460
1460 567 1435
567 1435 1460
887 1238 1471
1471 887 1238
1238 887 1471
886 1148 2927
2927 886 1148
1148 886 2927
1444 504 1292
504 1292 1444
1292 504 1444
451 1301 2019
2019 451 1301
1301 451 2019
1851 1624 2819
1624 1851 2819
2819 1624 1851
1025 815 2125
815 1025 2125
2125 815 1025
1869 257 862
257 862 1869
862 257 1869
76 1486 1909
1486 76 1909
1909 76 1486
826 464 1012
1012 464 826
464 826 1012
1062 1215 1361
1215 1062 1361
1361 1062 1215
1006 543 1893
1893 543 1006
543 1006 1893
1825 97 1896
97 1825 1896
1896 97 1825
2876 387 422
387 422 2876
422 387 2876
648 2140 2261
2140 648 2261
2261 648 2140
2401 2562 2869
2869 2401 2562
2562 2401 2869
2804 1969 2480
1969 2480 2804
2480 1969 2804
740 78 2897
78 740 2897
2897 78 740
1339 2188 2422
2188 1339 2422
2422 1339 2188
769 586 1273
586 769 1273
1273 586 769
1290 468 1350
1350 468 1290
468 1290 1350
2365 2292 2663
2292 2365 2663
2663 2292 2365
1762 311 1414
311 1414 1762
1414 311 1762
47 860 2932
2932 47 860
860 47 2932
1861 2509 2588
2588 1861 2509
2509 1861 2588
2597 1412 1592
1412 1592 2597
1592 1412 2597
1246 737 1178
1178 737 1246
737 1178 1246
2730 2555 2833
2555 2730 2833
2833 2555 2730
2809 1712 1930
1930 1712 2809
1712 1930 2809
426 67 1432
67 426 1432
1432 67 426
856 1069 1857
1857 856 1069
1069 856 1857
933 219 1901
219 933 1901
1901 219 933
1536 2168 2933
2168 1536 2933
2933 1536 2168
142 329 2924
329 142 2924
2924 142 329
50 1285 2856
2856 50 1285
1285 50 2856
584 243 2439
2439 243 584
243 584 2439
1724 983 2070
983 1724 2070
2070 983 1724
39 637 1816
1816 39 637
637 39 1816
714 109 2803
2803 109 714
109 714 2803
2802 930 2344
2344 930 2802
930 2344 2802
1649 1077 2228
2228 1077 1649
1077 1649 2228
2860 1281 2213
2213 1281 2860
1281 2213 2860
2737 400 867
400 867 2737
867 400 2737
1058 1289 1489
1289 1058 1489
1489 1058 1289
261 2654 2996
2996 261 2654
2654 261 2996
1995 294 1191
294 1191 1995
1191 294 1995
1569 502 2280
2280 502 1569
502 1569 2280
1354 424 2890
2890 424 1354
424 1354 2890
2269 864 1944
1944 864 2269
864 1944 2269
1139 686 2475
2475 686 1139
686 1139 2475
622 555 863
863 555 622
555 622 863
1061 1114 2061
2061 1061 1114
1114 1061 2061
1887 2564 2692
2692 1887 2564
2564 1887 2692
2733 98 624
624 98 2733
98 624 2733
175 743 2153
743 175 2153
2153 175 743
2007 1198 2947
1198 2007 2947
2947 1198 2007
1094 1956 2658
1956 1094 2658
2658 1094 1956
2748 844 1986
844 1986 2748
1986 844 2748
1705 1134 2402
1134 1705 2402
2402 1134 1705
2459 526 1856
526 1856 2459
1856 526 2459
1984 126 2662
2662 126 1984
126 1984 2662
2425 1206 1380
1380 1206 2425
1206 1380 2425
2626 2255 2839
2255 2626 2839
2839 2255 2626
849 2883 2963
2883 849 2963
2963 849 2883
2335 168 237
237 168 2335
168 237 2335
409 2790 2794
2794 409 2790
2790 409 2794
1858 1328 1584
1328 1584 1858
1584 1328 1858
779 722 837
837 722 779
722 779 837
148 891 1326
891 148 1326
1326 148 891
2518 768 2375
2375 768 2518
768 2375 2518
1904 107 2285
107 1904 2285
2285 107 1904
945 362 2452
362 945 2452
2452 362 945
553 1184 2765
2765 553 1184
1184 553 2765
898 211 365
211 365 898
365 211 898
2614 38 1809
1809 38 2614
38 1809 2614
724 2220 2532
2532 724 2220
2220 724 2532
1564 895 1938
1938 895 1564
895 1564 1938
179 479 1331
1331 179 479
479 179 1331
2394 2683 2710
2710 2394 2683
2683 2394 2710
1200 270 1784
1784 270 1200
270 1200 1784
383 372 2964
372 383 2964
2964 372 383
103 1469 2234
1469 103 2234
2234 103 1469
2503 241 440
241 440 2503
440 241 2503
1727 499 1654
1654 499 1727
499 1654 1727
581 2767 2868
2868 581 2767
2767 581 2868
402 421 851
851 402 421
421 402 851
2096 767 1092
1092 767 2096
767 1092 2096
53 591 971
971 53 591
591 53 971
2478 1118 2271
2271 1118 2478
1118 2271 2478
1104 161 1681
161 1104 1681
1681 161 1104
444 124 595
124 444 595
595 124 444
944 482 1958
1958 482 944
482 944 1958
1847 599 647
647 599 1847
599 647 1847
2740 317 2399
2399 317 2740
317 2399 2740
2062 1974 2637
2637 1974 2062
1974 2062 2637
541 1513 1797
1797 541 1513
1513 541 1797
1709 1098 1794
1098 1709 1794
1794 1098 1709
2241 666 752
752 666 2241
666 752 2241
2296 937 2999
937 2296 2999
2999 937 2296
2147 914 1586
914 1586 2147
1586 914 2147
2175 605 2657
2657 605 2175
605 2175 2657
2561 2035 2841
2841 2035 2561
2035 2561 2841
2633 407 1048
1048 407 2633
407 1048 2633
784 2282 2823
