14101 2251 11874
11874 2251 14101
2251 11874 14101
8349 736 4689
736 4689 8349
4689 736 8349
4513 10242 13071
13071 4513 10242
10242 4513 13071
14313 11292 14858
11292 14313 14858
14858 11292 14313
3372 5184 10321
5184 3372 10321
10321 3372 5184
3450 10628 12272
10628 3450 12272
12272 3450 10628
3576 3206 6891
3206 3576 6891
6891 3206 3576
2727 4587 8867
4587 2727 8867
8867 2727 4587
8100 7720 10602
10602 7720 8100
7720 8100 10602
212 270 5274
5274 212 270
270 212 5274
10233 9915 13109
9915 10233 13109
13109 9915 10233
7128 11650 13860
11650 7128 13860
13860 7128 11650
13896 7946 11809
11809 7946 13896
7946 11809 13896
7560 5580 13783
13783 5580 7560
5580 7560 13783
7446 1406 5349
1406 5349 7446
5349 1406 7446
7409 381 4162
4162 381 7409
381 4162 7409
14287 4261 8932
8932 4261 14287
4261 8932 14287
4110 3642 5911
5911 3642 4110
3642 4110 5911
1611 6638 11530
11530 1611 6638
6638 1611 11530
7970 2345 7801
7801 2345 7970
2345 7801 7970
4614 2804 5342
5342 2804 4614
2804 4614 5342
7555 4801 11311
4801 7555 11311
11311 4801 7555
9132 10000 10687
10687 9132 10000
10000 9132 10687
4531 5675 10609
5675 4531 10609
10609 4531 5675
2625 9212 9444
9444 2625 9212
9212 2625 9444
11639 1322 14654
14654 1322 11639
1322 11639 14654
2105 2592 6049
2592 2105 6049
6049 2105 2592
14191 6567 8466
6567 8466 14191
8466 6567 14191
6323 8505 12530
8505 6323 12530
12530 6323 8505
11499 1829 10679
10679 1829 11499
1829 10679 11499
4657 7147 7562
7562 4657 7147
7147 4657 7562
2499 14402 14632
14402 2499 14632
14632 2499 14402
587 3680 3825
3825 587 3680
3680 587 3825
12195 3306 8339
8339 3306 12195
3306 8339 12195
7536 6371 12885
6371 7536 12885
12885 6371 7536
6978 4381 6303
6303 4381 6978
4381 6303 6978
12461 876 11930
876 11930 12461
11930 876 12461
5826 7063 13891
7063 5826 13891
13891 5826 7063
1816 8080 14604
8080 1816 14604
14604 1816 8080
1673 9056 13361
13361 1673 9056
9056 1673 13361
13949 2977 14320
2977 13949 14320
14320 2977 13949
8633 6365 7466
7466 6365 8633
6365 7466 8633
260 1353 8057
1353 260 8057
8057 260 1353
7604 10843 11536
11536 7604 10843
10843 7604 11536
13941 248 2886
248 2886 13941
2886 248 13941
4718 7135 9865
7135 4718 9865
9865 4718 7135
3343 826 907
907 826 3343
826 907 3343
8641 6935 7004
6935 7004 8641
7004 6935 8641
5300 833 1426
1426 833 5300
833 1426 5300
9670 6013 6257
6013 6257 9670
6257 6013 9670
14572 3655 14839
14839 3655 14572
3655 14572 14839
1148 2110 9467
2110 1148 9467
9467 1148 2110
1745 2756 10112
10112 1745 2756
2756 1745 10112
14876 5672 8337
8337 5672 14876
5672 8337 14876
1837 419 10839
10839 419 1837
419 1837 10839
7592 13032 14063
14063 7592 13032
13032 7592 14063
14303 11581 12824
11581 12824 14303
12824 11581 14303
2488 4726 8666
8666 2488 4726
4726 2488 8666
3433 1724 5251
5251 1724 3433
1724 3433 5251
263 2582 12218
2582 263 12218
12218 263 2582
7651 353 13254
353 7651 13254
13254 353 7651
14848 2214 7755
7755 2214 14848
2214 7755 14848
11709 8938 14243
14243 8938 11709
8938 11709 14243
4458 12594 12793
12594 4458 12793
12793 4458 12594
8726 2652 6511
2652 6511 8726
6511 2652 8726
4172 3323 14354
14354 3323 4172
3323 4172 14354
13217 3320 4323
4323 3320 13217
3320 4323 13217
14903 2962 3297
3297 2962 14903
2962 3297 14903
14208 1872 14221
1872 14208 14221
14221 1872 14208
9036 5289 13903
13903 5289 9036
5289 9036 13903
2864 13236 14504
14504 2864 13236
13236 2864 14504
13665 865 11008
11008 865 13665
865 11008 13665
13525 2005 2598
2005 2598 13525
2598 2005 13525
911 1169 5040
1169 911 5040
5040 911 1169
11504 6805 11925
6805 11504 11925
11925 6805 11504
133 6910 12743
6910 133 12743
12743 133 6910
13196 441 11906
11906 441 13196
441 11906 13196
10200 1481 11935
1481 10200 11935
11935 1481 10200
5699 2153 8380
2153 5699 8380
8380 2153 5699
7668 2717 4029
2717 4029 7668
4029 2717 7668
2531 4007 12602
12602 2531 4007
4007 2531 12602
2439 2647 14562
14562 2439 2647
2647 2439 14562
12996 5653 9820
5653 9820 12996
9820 5653 12996
9762 5125 10330
10330 5125 9762
5125 9762 10330
1819 6463 13878
6463 1819 13878
13878 1819 6463
5946 6301 9723
9723 5946 6301
6301 5946 9723
8705 6732 14262
6732 8705 14262
14262 6732 8705
6221 5354 8772
5354 6221 8772
8772 5354 6221
839 7224 12937
12937 839 7224
7224 839 12937
9900 9664 12197
9664 9900 12197
12197 9664 9900
14435 7026 12637
7026 12637 14435
12637 7026 14435
3921 1468 10684
1468 3921 10684
10684 1468 3921
8131 3547 8913
8913 3547 8131
3547 8131 8913
5117 3771 9438
9438 3771 5117
3771 5117 9438
5880 5884 8020
5884 5880 8020
8020 5880 5884
3262 4259 4777
4259 3262 4777
4777 3262 4259
9674 9544 14949
14949 9544 9674
9544 9674 14949
13053 10805 12541
12541 10805 13053
10805 12541 13053
13669 8340 10780
8340 10780 13669
10780 8340 13669
11245 2890 8451
2890 8451 11245
8451 2890 11245
13573 10923 12354
12354 10923 13573
10923 12354 13573
8625 5606 14382
5606 8625 14382
14382 5606 8625
11916 8966 9386
8966 9386 11916
9386 8966 11916
954 4837 14162
4837 954 14162
14162 954 4837
2748 2887 10039
10039 2748 2887
2887 2748 10039
7216 13482 13935
13935 7216 13482
13482 7216 13935
5620 6498 8106
6498 5620 8106
8106 5620 6498
9021 553 9727
553 9021 9727
9727 553 9021
7655 6392 14399
6392 7655 14399
14399 6392 7655
9941 1273 12317
1273 9941 12317
12317 1273 9941
7491 6260 10977
6260 7491 10977
10977 6260 7491
6938 5490 13839
13839 5490 6938
5490 6938 13839
3447 1457 8696
8696 1457 3447
1457 3447 8696
5896 11441 13483
13483 5896 11441
11441 5896 13483
9622 5363 10498
10498 5363 9622
5363 9622 10498
2656 616 8797
616 2656 8797
8797 616 2656
4270 2111 11833
2111 4270 11833
11833 2111 4270
5779 1770 12303
12303 1770 5779
1770 5779 12303
9274 297 5603
297 5603 9274
5603 297 9274
3831 8844 11075
8844 3831 11075
11075 3831 8844
11445 1031 7508
1031 7508 11445
7508 1031 11445
8746 5628 10948
10948 5628 8746
5628 8746 10948
14771 8576 9383
8576 9383 14771
9383 8576 14771
7430 3463 11655
3463 7430 11655
11655 3463 7430
4139 410 7024
7024 410 4139
410 4139 7024
5075 9668 13884
13884 5075 9668
9668 5075 13884
403 1652 6196
6196 403 1652
1652 403 6196
10107 4695 10435
4695 10107 10435
10435 4695 10107
7097 10269 11934
11934 7097 10269
10269 7097 11934
2375 7818 14132
14132 2375 7818
7818 2375 14132
243 731 14266
731 243 14266
14266 243 731
2002 4064 9902
9902 2002 4064
4064 2002 9902
6 3392 7899
7899 6 3392
3392 6 7899
14312 977 7393
7393 977 14312
977 7393 14312
11964 2629 6216
6216 2629 11964
2629 6216 11964
11749 7741 12263
7741 11749 12263
12263 7741 11749
10215 3719 11763
11763 3719 10215
3719 10215 11763
4848 2159 3724
2159 3724 4848
3724 2159 4848
13532 5351 8502
5351 8502 13532
8502 5351 13532
4939 760 11363
760 4939 11363
11363 760 4939
13608 6593 8798
8798 6593 13608
6593 8798 13608
9433 13323 13833
13323 9433 13833
13833 9433 13323
5073 4056 14341
14341 4056 5073
4056 5073 14341
7593 1376 8729
8729 1376 7593
1376 7593 8729
4196 2502 9058
2502 4196 9058
9058 2502 4196
1271 9065 13668
13668 1271 9065
9065 1271 13668
5514 2509 9531
2509 5514 9531
9531 2509 5514
13531 13092 14911
13092 13531 14911
14911 13092 13531
11468 9207 14292
9207 11468 14292
14292 9207 11468
4432 5572 14078
5572 4432 14078
14078 4432 5572
3157 3496 3980
3980 3157 3496
3496 3157 3980
11743 6194 8724
8724 6194 11743
6194 8724 11743
9612 5425 13010
5425 9612 13010
13010 5425 9612
1297 1013 14384
1013 1297 14384
14384 1013 1297
1791 3823 6742
6742 1791 3823
3823 1791 6742
6190 7826 10263
7826 6190 10263
10263 6190 7826
2901 1839 14377
14377 1839 2901
1839 2901 14377
8885 4991 11461
11461 4991 8885
4991 8885 11461
288 5374 11376
5374 288 11376
11376 288 5374
11826 7258 12435
7258 11826 12435
12435 7258 11826
12491 2373 4582
2373 4582 12491
4582 2373 12491
12621 5211 14538
14538 5211 12621
5211 12621 14538
9982 4755 10186
4755 9982 10186
10186 4755 9982
6006 8597 8723
8597 6006 8723
8723 6006 8597
5156 3792 14510
14510 3792 5156
3792 5156 14510
3881 4829 6526
6526 3881 4829
4829 3881 6526
9882 1328 10256
10256 1328 9882
1328 9882 10256
10585 3292 12940
12940 3292 10585
3292 10585 12940
3528 277 13192
277 3528 13192
13192 277 3528
2246 10258 12361
10258 2246 12361
12361 2246 10258
4077 6667 12418
12418 4077 6667
6667 4077 12418
6229 3119 11247
3119 6229 11247
11247 3119 6229
13070 454 1843
1843 454 13070
454 1843 13070
7487 7782 11856
7782 7487 11856
11856 7487 7782
11088 8811 12507
8811 11088 12507
12507 8811 11088
544 13119 13943
13943 544 13119
13119 544 13943
11700 1072 10031
10031 1072 11700
1072 10031 11700
6055 4376 7101
4376 6055 7101
7101 4376 6055
10678 5192 14941
14941 5192 10678
5192 10678 14941
10485 3087 11126
3087 10485 11126
11126 3087 10485
10374 1311 8878
1311 8878 10374
8878 1311 10374
293 1630 8904
1630 293 8904
8904 293 1630
179 3922 7969
3922 179 7969
7969 179 3922
7311 3425 4743
3425 4743 7311
4743 3425 7311
8327 386 756
386 756 8327
756 386 8327
8177 12073 13634
13634 8177 12073
12073 8177 13634
4356 6689 12121
12121 4356 6689
6689 4356 12121
3929 2782 10086
2782 3929 10086
10086 2782 3929
14133 799 8610
799 8610 14133
8610 799 14133
5930 9385 10421
10421 5930 9385
9385 5930 10421
9616 1847 14966
14966 1847 9616
1847 9616 14966
12489 698 11301
11301 698 12489
698 11301 12489
13481 472 10724
10724 472 13481
472 10724 13481
11100 8648 14271
8648 11100 14271
14271 8648 11100
1642 1797 11007
11007 1642 1797
1797 1642 11007
5859 11016 12978
12978 5859 11016
11016 5859 12978
8095 7141 8660
8660 7141 8095
7141 8095 8660
3625 2273 3833
3833 2273 3625
2273 3625 3833
6812 3537 14102
14102 3537 6812
3537 6812 14102
14352 10343 14230
10343 14230 14352
14230 10343 14352
11644 1842 13566
1842 11644 13566
13566 1842 11644
11730 6358 14648
6358 11730 14648
14648 6358 11730
13072 3327 5931
5931 3327 13072
3327 5931 13072
10955 852 1811
1811 852 10955
852 1811 10955
12842 12901 13950
13950 12842 12901
12901 12842 13950
11677 11041 12912
11041 11677 12912
12912 11041 11677
14926 5550 12738
12738 5550 14926
5550 12738 14926
5442 5648 7997
7997 5442 5648
5648 5442 7997
14114 2528 11284
2528 11284 14114
11284 2528 14114
7347 1487 8707
1487 7347 8707
8707 1487 7347
3284 3448 6151
3448 3284 6151
6151 3284 3448
10618 8184 14980
8184 10618 14980
14980 8184 10618
14975 6799 7632
6799 7632 14975
7632 6799 14975
9878 6654 14612
6654 9878 14612
14612 6654 9878
1616 3745 14605
3745 1616 14605
14605 1616 3745
7686 1304 9288
1304 7686 9288
9288 1304 7686
10225 6360 8864
6360 8864 10225
8864 6360 10225
8647 8479 12938
8479 8647 12938
12938 8479 8647
14187 2801 5571
2801 5571 14187
5571 2801 14187
11841 4054 4904
4904 4054 11841
4054 4904 11841
8910 2228 7765
2228 7765 8910
7765 2228 8910
9410 2530 14273
14273 2530 9410
2530 9410 14273
1838 7076 9710
7076 1838 9710
9710 1838 7076
885 6296 12355
12355 885 6296
6296 885 12355
6064 3653 10657
3653 6064 10657
10657 3653 6064
9633 6172 6452
6452 6172 9633
6172 6452 9633
6866 1520 4936
4936 1520 6866
1520 4936 6866
14333 4767 13247
13247 4767 14333
4767 13247 14333
10474 456 9457
456 9457 10474
9457 456 10474
5976 5644 9677
9677 5644 5976
5644 5976 9677
7381 622 3856
622 3856 7381
3856 622 7381
11098 13559 14465
13559 11098 14465
14465 11098 13559
7486 10947 11042
10947 7486 11042
11042 7486 10947
7144 3438 9506
9506 3438 7144
3438 7144 9506
7208 10716 14591
10716 7208 14591
14591 7208 10716
11539 6440 12306
6440 11539 12306
12306 6440 11539
7877 10117 10366
10366 7877 10117
10117 7877 10366
12084 7627 13952
13952 7627 12084
7627 12084 13952
9185 39 11848
11848 39 9185
39 9185 11848
12215 9696 13936
9696 12215 13936
13936 9696 12215
1525 6008 11984
11984 1525 6008
6008 1525 11984
1555 9140 11249
9140 1555 11249
11249 1555 9140
10463 26 377
377 26 10463
26 377 10463
8285 2371 8462
8462 2371 8285
2371 8285 8462
4320 7545 10223
7545 4320 10223
10223 4320 7545
10084 10169 13337
13337 10084 10169
10169 10084 13337
8480 1442 11276
1442 8480 11276
11276 1442 8480
8396 5415 7306
7306 5415 8396
5415 7306 8396
9469 924 2471
924 2471 9469
2471 924 9469
11912 10547 14074
10547 11912 14074
14074 10547 11912
13454 8681 13295
8681 13295 13454
13295 8681 13454
2789 35 14663
14663 35 2789
35 2789 14663
13100 6471 7205
6471 7205 13100
7205 6471 13100
5679 1913 8941
8941 1913 5679
1913 5679 8941
3596 6276 10232
6276 3596 10232
10232 3596 6276
2331 8261 8493
8493 2331 8261
8261 2331 8493
12487 2095 8758
2095 8758 12487
8758 2095 12487
10829 12773 13427
13427 10829 12773
12773 10829 13427
12888 6028 9254
9254 6028 12888
6028 9254 12888
8417 2940 6924
6924 2940 8417
2940 6924 8417
13983 12443 14083
14083 12443 13983
12443 13983 14083
2401 2147 12464
12464 2147 2401
2147 2401 12464
8572 5758 6061
5758 6061 8572
6061 5758 8572
6784 5173 12755
12755 5173 6784
5173 6784 12755
3751 415 9889
415 3751 9889
9889 415 3751
14886 8152 14054
8152 14054 14886
14054 8152 14886
5337 11896 14680
14680 5337 11896
11896 5337 14680
6319 3158 5259
5259 3158 6319
3158 5259 6319
12834 9042 13015
13015 9042 12834
9042 12834 13015
1808 2275 10026
2275 1808 10026
10026 1808 2275
9246 24 4332
4332 24 9246
24 4332 9246
3506 6550 13095
6550 3506 13095
13095 3506 6550
2396 2073 11135
11135 2073 2396
2073 2396 11135
983 3863 12790
12790 983 3863
3863 983 12790
8586 13142 13576
13142 8586 13576
13576 8586 13142
6485 3587 12499
12499 3587 6485
3587 6485 12499
8035 336 2098
336 2098 8035
2098 336 8035
4664 11263 13381
11263 4664 13381
13381 4664 11263
12891 1908 13765
1908 12891 13765
13765 1908 12891
14144 12026 14391
14391 12026 14144
12026 14144 14391
13792 3938 11133
11133 3938 13792
3938 11133 13792
5962 12239 14105
14105 5962 12239
12239 5962 14105
7493 1890 10723
10723 1890 7493
1890 7493 10723
13123 6534 11463
11463 6534 13123
6534 11463 13123
9833 572 8049
8049 572 9833
572 8049 9833
12429 4276 6086
4276 6086 12429
6086 4276 12429
8279 5115 14973
14973 5115 8279
5115 8279 14973
11502 1073 12909
1073 11502 12909
12909 1073 11502
4694 3635 8978
8978 3635 4694
3635 4694 8978
3477 2420 6422
2420 3477 6422
6422 2420 3477
9242 352 2895
2895 352 9242
352 2895 9242
13671 11782 13224
13224 11782 13671
11782 13224 13671
3791 5344 11588
11588 3791 5344
5344 3791 11588
14176 4101 13991
4101 13991 14176
13991 4101 14176
4130 11001 13980
11001 4130 13980
13980 4130 11001
13659 974 5320
974 5320 13659
5320 974 13659
14709 3947 9652
9652 3947 14709
3947 9652 14709
14067 1303 6885
1303 6885 14067
6885 1303 14067
10104 7238 14913
7238 10104 14913
14913 7238 10104
7897 5575 8962
5575 7897 8962
8962 5575 7897
2405 1032 14548
1032 2405 14548
14548 1032 2405
10185 3400 13681
13681 3400 10185
3400 10185 13681
1926 3543 6937
3543 1926 6937
6937 1926 3543
3402 9809 10477
10477 3402 9809
9809 3402 10477
3429 10034 13364
10034 3429 13364
13364 3429 10034
1721 8638 13875
13875 1721 8638
8638 1721 13875
10625 12862 14035
12862 10625 14035
14035 10625 12862
6600 117 3639
3639 117 6600
117 3639 6600
11519 2276 10106
10106 2276 11519
2276 10106 11519
14506 4242 10574
10574 4242 14506
4242 10574 14506
670 707 7314
707 670 7314
7314 670 707
1970 1785 5312
5312 1785 1970
1785 1970 5312
4081 7384 14183
14183 4081 7384
7384 4081 14183
4632 1546 12915
1546 4632 12915
12915 1546 4632
3606 7036 11090
11090 3606 7036
7036 3606 11090
5689 3583 5684
3583 5684 5689
5684 3583 5689
10885 9522 12328
9522 10885 12328
12328 9522 10885
6147 6448 14600
6448 6147 14600
14600 6147 6448
9160 1577 2419
1577 2419 9160
2419 1577 9160
1155 4237 8326
4237 1155 8326
8326 1155 4237
10396 499 5834
499 5834 10396
5834 499 10396
589 632 3078
3078 589 632
632 589 3078
8722 10711 14322
14322 8722 10711
10711 8722 14322
12508 5972 12635
5972 12508 12635
12635 5972 12508
13642 779 4530
4530 779 13642
779 4530 13642
5887 3097 12155
12155 3097 5887
3097 5887 12155
1029 5207 5624
5624 1029 5207
5207 1029 5624
10367 9048 14500
14500 9048 10367
9048 10367 14500
6655 3566 11645
3566 6655 11645
11645 3566 6655
10788 7237 14467
7237 10788 14467
14467 7237 10788
1960 3213 7522
7522 1960 3213
3213 1960 7522
5547 6274 6447
6447 5547 6274
6274 5547 6447
14899 1530 13055
1530 13055 14899
13055 1530 14899
9401 10911 14184
10911 9401 14184
14184 9401 10911
8915 1308 10693
1308 8915 10693
10693 1308 8915
2122 5451 9408
5451 2122 9408
9408 2122 5451
10974 4045 12133
12133 4045 10974
4045 10974 12133
10649 6027 8830
6027 8830 10649
8830 6027 10649
13719 1981 12863
1981 12863 13719
12863 1981 13719
8991 4934 9007
9007 4934 8991
4934 8991 9007
12772 604 6956
6956 604 12772
604 6956 12772
10306 2221 12655
2221 10306 12655
12655 2221 10306
3068 178 1403
178 1403 3068
1403 178 3068
4138 2941 10253
2941 4138 10253
10253 2941 4138
11774 2302 3524
3524 2302 11774
2302 3524 11774
6777 6536 8118
8118 6536 6777
6536 6777 8118
6005 310 6973
310 6005 6973
6973 310 6005
1548 8163 10571
10571 1548 8163
8163 1548 10571
5016 1131 9973
9973 1131 5016
1131 5016 9973
7816 819 10058
819 7816 10058
10058 819 7816
9708 3349 5214
3349 5214 9708
5214 3349 9708
14795 2590 10334
2590 10334 14795
10334 2590 14795
1449 2873 2874
2873 1449 2874
2874 1449 2873
8537 2681 10074
2681 8537 10074
10074 2681 8537
227 8825 12141
8825 227 12141
12141 227 8825
10203 9893 13079
13079 9893 10203
9893 10203 13079
13808 4596 13358
13358 4596 13808
4596 13358 13808
6944 2707 8608
2707 6944 8608
8608 2707 6944
9331 3246 12348
3246 9331 12348
12348 3246 9331
10696 5323 9155
5323 9155 10696
9155 5323 10696
484 1894 12375
1894 484 12375
12375 484 1894
7264 8917 10154
10154 7264 8917
8917 7264 10154
9073 758 13461
758 9073 13461
13461 758 9073
6238 2924 11972
2924 6238 11972
11972 2924 6238
7715 581 10340
581 7715 10340
10340 581 7715
5590 958 3899
3899 958 5590
958 3899 5590
1879 10380 11661
11661 1879 10380
10380 1879 11661
11139 10557 12119
12119 10557 11139
10557 11139 12119
9391 2827 4392
2827 4392 9391
4392 2827 9391
2814 1383 4880
4880 1383 2814
1383 2814 4880
5586 1011 2460
2460 1011 5586
1011 2460 5586
2215 8926 10858
8926 2215 10858
10858 2215 8926
12630 148 8245
8245 148 12630
148 8245 12630
2399 4028 7009
7009 2399 4028
4028 2399 7009
10722 3149 3690
3149 3690 10722
3690 3149 10722
14408 7458 7843
7458 7843 14408
7843 7458 14408
678 4589 6518
6518 678 4589
4589 678 6518
7998 5582 12170
5582 7998 12170
12170 5582 7998
904 6836 7447
6836 904 7447
7447 904 6836
1754 12927 13529
12927 1754 13529
13529 1754 12927
3657 5267 12186
5267 3657 12186
12186 3657 5267
8222 7079 12217
7079 8222 12217
12217 7079 8222
12193 648 10197
648 10197 12193
10197 648 12193
6693 1709 7613
7613 1709 6693
1709 6693 7613
5649 3942 12998
3942 5649 12998
12998 3942 5649
2010 327 3850
327 2010 3850
3850 327 2010
4575 7968 11369
7968 4575 11369
11369 4575 7968
5159 6904 14090
6904 5159 14090
14090 5159 6904
5279 5670 12535
12535 5279 5670
5670 5279 12535
13895 5926 8105
5926 8105 13895
8105 5926 13895
10105 579 13977
13977 579 10105
579 10105 13977
1198 4341 8662
4341 1198 8662
8662 1198 4341
11309 5385 8423
5385 8423 11309
8423 5385 11309
5770 3999 4382
4382 3999 5770
3999 4382 5770
4953 8629 11745
8629 4953 11745
11745 4953 8629
12419 3508 5789
5789 3508 12419
3508 5789 12419
14521 406 1358
406 1358 14521
1358 406 14521
7639 4471 12595
4471 7639 12595
12595 4471 7639
1824 7129 12843
12843 1824 7129
7129 1824 12843
6853 3948 5404
3948 5404 6853
5404 3948 6853
3892 10548 11839
10548 3892 11839
11839 3892 10548
13246 436 10871
10871 436 13246
436 10871 13246
10222 7222 13250
7222 10222 13250
13250 7222 10222
1365 930 12510
930 1365 12510
12510 930 1365
5937 1517 11156
11156 1517 5937
1517 5937 11156
3023 1788 14204
1788 3023 14204
14204 1788 3023
2417 13290 14567
14567 2417 13290
13290 2417 14567
975 9621 10462
9621 975 10462
10462 975 9621
12671 7556 8702
7556 8702 12671
8702 7556 12671
9223 1634 1958
1958 1634 9223
1634 1958 9223
10870 262 660
660 262 10870
262 660 10870
3275 10123 10750
10750 3275 10123
10123 3275 10750
4321 1139 11432
1139 4321 11432
11432 1139 4321
6493 9606 10544
10544 6493 9606
9606 6493 10544
2225 1341 9689
9689 1341 2225
1341 2225 9689
12274 1991 5828
1991 5828 12274
5828 1991 12274
9540 6339 10990
10990 6339 9540
6339 9540 10990
10588 3260 5801
5801 3260 10588
3260 5801 10588
7552 156 10831
10831 156 7552
156 7552 10831
6880 5808 7857
7857 5808 6880
5808 6880 7857
5761 11146 12363
12363 5761 11146
11146 5761 12363
14611 2144 12126
2144 12126 14611
12126 2144 14611
7441 2972 4488
4488 2972 7441
2972 4488 7441
3399 2047 8700
8700 2047 3399
2047 3399 8700
11624 3124 7283
7283 3124 11624
3124 7283 11624
11895 3006 8968
3006 8968 11895
8968 3006 11895
5806 2385 12544
2385 5806 12544
12544 2385 5806
4208 10833 11643
11643 4208 10833
10833 4208 11643
14920 556 14096
14096 556 14920
556 14096 14920
8043 185 12249
185 8043 12249
12249 185 8043
278 7387 7617
7387 278 7617
7617 278 7387
5780 5091 13546
5091 5780 13546
13546 5091 5780
13929 10781 12219
12219 10781 13929
10781 12219 13929
3424 5499 7439
7439 3424 5499
5499 3424 7439
4105 11221 13840
11221 4105 13840
13840 4105 11221
4540 1048 1177
1177 1048 4540
1048 1177 4540
3459 4440 8098
4440 3459 8098
8098 3459 4440
4373 6622 6765
6765 4373 6622
6622 4373 6765
14946 3274 14412
3274 14412 14946
14412 3274 14946
3381 6535 8263
6535 3381 8263
8263 3381 6535
4250 2247 12648
12648 2247 4250
2247 4250 12648
10999 5943 14346
5943 10999 14346
14346 5943 10999
14359 210 276
276 210 14359
210 276 14359
4168 2663 10041
10041 2663 4168
2663 4168 10041
3915 385 1012
1012 385 3915
385 1012 3915
5086 7049 9598
7049 5086 9598
9598 5086 7049
10573 3773 9704
9704 3773 10573
3773 9704 10573
4177 3553 12921
12921 3553 4177
3553 4177 12921
1780 4573 9314
4573 1780 9314
9314 1780 4573
3219 8132 12070
12070 3219 8132
8132 3219 12070
3250 8429 14520
14520 3250 8429
8429 3250 14520
10284 5109 11339
5109 10284 11339
11339 5109 10284
5263 1635 10070
1635 5263 10070
10070 1635 5263
6867 77 8168
8168 77 6867
77 6867 8168
13173 8460 11203
8460 11203 13173
11203 8460 13173
13067 13735 14161
13735 13067 14161
14161 13067 13735
10587 11978 12792
11978 10587 12792
12792 10587 11978
793 2836 4202
4202 793 2836
2836 793 4202
7713 6389 11241
11241 6389 7713
6389 7713 11241
4965 6254 7069
6254 4965 7069
7069 4965 6254
3765 13519 14034
14034 3765 13519
13519 3765 14034
11485 9372 9546
9372 9546 11485
9546 9372 11485
8591 8181 13162
8181 8591 13162
13162 8181 8591
7754 1558 4030
4030 1558 7754
1558 4030 7754
2793 5964 7285
5964 2793 7285
7285 2793 5964
3243 9756 11788
11788 3243 9756
9756 3243 11788
9846 8977 10845
10845 8977 9846
8977 9846 10845
8930 455 12581
12581 455 8930
455 8930 12581
10207 5422 9765
5422 9765 10207
9765 5422 10207
6630 9472 12456
12456 6630 9472
9472 6630 12456
2070 5950 9480
5950 2070 9480
9480 2070 5950
13479 7544 8757
8757 7544 13479
7544 8757 13479
11876 5772 12669
5772 11876 12669
12669 5772 11876
2030 4652 8452
8452 2030 4652
4652 2030 8452
11318 9650 10904
10904 9650 11318
9650 10904 11318
9946 2716 4578
4578 2716 9946
2716 4578 9946
14566 4442 14806
4442 14566 14806
14806 4442 14566
14843 5231 9564
5231 9564 14843
9564 5231 14843
14186 1711 5637
5637 1711 14186
1711 5637 14186
7299 1922 10888
10888 1922 7299
1922 7299 10888
8883 621 10296
10296 621 8883
621 8883 10296
4175 453 631
453 631 4175
631 453 4175
5843 2023 7521
7521 2023 5843
2023 5843 7521
11483 4529 10729
10729 4529 11483
4529 10729 11483
13518 4565 12036
4565 12036 13518
12036 4565 13518
5987 4006 6192
4006 5987 6192
6192 4006 5987
12130 1848 6547
6547 1848 12130
1848 6547 12130
2339 4831 12471
12471 2339 4831
4831 2339 12471
7510 3879 10066
10066 3879 7510
3879 7510 10066
4852 7885 13098
7885 4852 13098
13098 4852 7885
3607 2911 5365
2911 3607 5365
5365 2911 3607
9568 594 11414
594 9568 11414
11414 594 9568
5763 4821 12767
12767 4821 5763
4821 5763 12767
12926 1762 5700
1762 5700 12926
5700 1762 12926
12665 7355 10359
7355 10359 12665
10359 7355 12665
14558 2553 13076
2553 13076 14558
13076 2553 14558
11099 3931 9746
9746 3931 11099
3931 9746 11099
3045 4271 8276
8276 3045 4271
4271 3045 8276
11932 2409 8879
2409 8879 11932
8879 2409 11932
10082 8125 12670
12670 8125 10082
8125 10082 12670
9786 4487 11426
4487 9786 11426
11426 4487 9786
4570 6102 7392
7392 4570 6102
6102 4570 7392
1055 6666 12739
6666 1055 12739
12739 1055 6666
13300 2161 12038
2161 12038 13300
12038 2161 13300
14702 2966 7368
7368 2966 14702
2966 7368 14702
116 7113 8872
7113 116 8872
8872 116 7113
11290 3662 8708
3662 8708 11290
8708 3662 11290
1276 5005 12046
12046 1276 5005
5005 1276 12046
783 292 1893
1893 292 783
292 783 1893
782 887 6925
887 782 6925
6925 782 887
12050 7614 8740
7614 8740 12050
8740 7614 12050
7628 7281 11285
7281 7628 11285
11285 7281 7628
4534 5138 7055
5138 4534 7055
7055 4534 5138
4417 8937 13764
8937 4417 13764
13764 4417 8937
134 816 6733
6733 134 816
816 134 6733
11666 4423 12777
12777 4423 11666
4423 11666 12777
10205 9898 10338
9898 10205 10338
10338 9898 10205
404 494 4716
4716 404 494
494 404 4716
9162 3434 13740
3434 9162 13740
13740 3434 9162
4809 9530 11957
11957 4809 9530
9530 4809 11957
13252 2493 8697
8697 2493 13252
2493 8697 13252
4102 8463 8595
8595 4102 8463
8463 4102 8595
1589 498 14195
498 1589 14195
14195 498 1589
7932 11487 14314
14314 7932 11487
11487 7932 14314
7390 3664 14894
14894 3664 7390
3664 7390 14894
2933 1480 6607
6607 1480 2933
1480 2933 6607
9559 5436 12837
5436 9559 12837
12837 5436 9559
12399 6522 11926
11926 6522 12399
6522 11926 12399
1562 9485 13352
13352 1562 9485
9485 1562 13352
7709 4015 4387
4387 4015 7709
4015 4387 7709
9339 4219 10413
10413 4219 9339
4219 9339 10413
8568 2573 12466
12466 2573 8568
2573 8568 12466
11297 10272 13603
13603 10272 11297
10272 11297 13603
13754 3020 13900
3020 13754 13900
13900 3020 13754
13197 2054 12728
2054 12728 13197
12728 2054 13197
13680 12551 14650
12551 13680 14650
14650 12551 13680
5135 446 13918
446 5135 13918
13918 446 5135
11642 4820 5092
5092 4820 11642
4820 5092 11642
12067 3661 11136
3661 11136 12067
11136 3661 12067
1687 3267 6388
3267 1687 6388
6388 1687 3267
11238 7546 8171
7546 8171 11238
8171 7546 11238
1812 669 5687
669 1812 5687
5687 669 1812
8984 612 12356
12356 612 8984
612 8984 12356
12345 4781 14793
14793 4781 12345
4781 12345 14793
1354 984 9849
9849 984 1354
984 1354 9849
13202 3099 7917
3099 7917 13202
7917 3099 13202
2416 3055 3162
3162 2416 3055
3055 2416 3162
14051 6736 11698
11698 6736 14051
6736 11698 14051
6305 5235 5463
5235 5463 6305
5463 5235 6305
2595 524 11053
11053 524 2595
524 2595 11053
5419 416 6111
6111 416 5419
416 5419 6111
3564 596 13508
596 3564 13508
13508 596 3564
10351 5161 6213
5161 6213 10351
6213 5161 10351
8763 2517 12146
12146 2517 8763
2517 8763 12146
12693 2449 5190
5190 2449 12693
2449 5190 12693
8219 7234 14676
14676 7234 8219
7234 8219 14676
11231 8230 14395
8230 11231 14395
14395 8230 11231
10130 3522 12033
12033 3522 10130
3522 10130 12033
4834 3794 12183
12183 3794 4834
3794 4834 12183
10159 3891 10627
3891 10159 10627
10627 3891 10159
5593 753 2075
753 2075 5593
2075 753 5593
5185 7606 13134
13134 5185 7606
7606 5185 13134
869 2383 14177
14177 869 2383
2383 869 14177
4206 8805 10744
8805 4206 10744
10744 4206 8805
5771 7442 8304
8304 5771 7442
7442 5771 8304
490 2718 6187
6187 490 2718
2718 490 6187
7574 1465 6003
1465 6003 7574
6003 1465 7574
13965 10611 12014
10611 12014 13965
12014 10611 13965
7304 12318 13157
12318 7304 13157
13157 7304 12318
7305 3518 5713
5713 3518 7305
3518 5713 7305
10820 3761 9279
3761 9279 10820
9279 3761 10820
6862 12796 13841
12796 6862 13841
13841 6862 12796
519 2141 13571
2141 519 13571
13571 519 2141
14568 5773 9115
9115 5773 14568
5773 9115 14568
5348 8009 14933
8009 5348 14933
14933 5348 8009
7656 8946 11332
8946 7656 11332
11332 7656 8946
4111 11595 12804
12804 4111 11595
11595 4111 12804
11773 6552 10737
6552 10737 11773
10737 6552 11773
6423 3109 5693
5693 3109 6423
3109 5693 6423
549 10318 13738
10318 549 13738
13738 549 10318
12683 5891 9153
5891 9153 12683
9153 5891 12683
2996 8596 9903
8596 2996 9903
9903 2996 8596
9588 2571 5276
5276 2571 9588
2571 5276 9588
7819 6007 14254
6007 7819 14254
14254 6007 7819
1983 4339 13786
13786 1983 4339
4339 1983 13786
7554 4348 7962
7962 4348 7554
4348 7554 7962
1862 5218 14954
5218 1862 14954
14954 1862 5218
13590 2012 9886
2012 9886 13590
9886 2012 13590
14260 1379 2422
1379 2422 14260
2422 1379 14260
1033 5811 13130
5811 1033 13130
13130 1033 5811
8268 4197 10721
4197 8268 10721
10721 4197 8268
13548 12077 12266
12266 12077 13548
12077 12266 13548
7203 76 9177
9177 76 7203
76 7203 9177
2053 13541 13790
13790 2053 13541
13541 2053 13790
9105 2164 6656
6656 2164 9105
2164 6656 9105
6520 734 12674
734 6520 12674
12674 734 6520
13128 675 7999
675 7999 13128
7999 675 13128
12647 4854 6022
4854 6022 12647
6022 4854 12647
5800 7958 11792
11792 5800 7958
7958 5800 11792
10866 51 1756
51 1756 10866
1756 51 10866
11542 4607 13466
13466 4607 11542
4607 11542 13466
9967 3074 6672
3074 6672 9967
6672 3074 9967
9003 1044 4918
4918 1044 9003
1044 4918 9003
12152 10019 13510
10019 12152 13510
13510 10019 12152
1472 12933 13392
12933 1472 13392
13392 1472 12933
236 7609 8672
7609 236 8672
8672 236 7609
8232 929 2577
929 2577 8232
2577 929 8232
12202 11039 14378
11039 12202 14378
14378 11039 12202
11474 6941 10518
6941 10518 11474
10518 6941 11474
2608 2308 12883
12883 2308 2608
2308 2608 12883
3710 12198 13343
12198 3710 13343
13343 3710 12198
8804 5371 9260
5371 8804 9260
9260 5371 8804
993 1239 3885
3885 993 1239
1239 993 3885
5112 5963 12085
12085 5112 5963
5963 5112 12085
11422 10176 10917
10917 10176 11422
10176 10917 11422
9030 1855 5106
1855 5106 9030
5106 1855 9030
10590 9441 13186
13186 9441 10590
9441 10590 13186
13852 1513 13959
13959 1513 13852
1513 13852 13959
7933 1077 9596
1077 7933 9596
9596 1077 7933
3989 5676 10511
5676 3989 10511
10511 3989 5676
10426 5759 8921
8921 5759 10426
5759 8921 10426
1865 1582 13480
1582 1865 13480
13480 1582 1865
11021 12136 12358
12136 11021 12358
12358 11021 12136
7091 7410 12453
12453 7091 7410
7410 7091 12453
3928 3077 7436
3077 3928 7436
7436 3077 3928
6648 4735 6353
6353 4735 6648
4735 6353 6648
5735 9113 12964
9113 5735 12964
12964 5735 9113
2910 9283 9990
9283 2910 9990
9990 2910 9283
13609 2282 4825
2282 4825 13609
4825 2282 13609
7629 3270 3289
3270 3289 7629
3289 3270 7629
3060 7475 8589
8589 3060 7475
7475 3060 8589
3686 1375 8569
1375 3686 8569
8569 1375 3686
9184 813 12055
12055 813 9184
813 9184 12055
14236 5615 10020
5615 10020 14236
10020 5615 14236
5357 1430 11208
11208 1430 5357
1430 5357 11208
9164 1760 9343
9343 1760 9164
1760 9164 9343
14097 7916 12999
12999 7916 14097
7916 12999 14097
9907 2690 12496
12496 2690 9907
2690 9907 12496
4352 8110 14280
8110 4352 14280
14280 4352 8110
9749 120 6675
120 6675 9749
6675 120 9749
764 2883 7028
2883 764 7028
7028 764 2883
11693 5886 13615
5886 11693 13615
13615 5886 11693
3950 2680 12367
2680 3950 12367
12367 2680 3950
725 5427 10298
5427 725 10298
10298 725 5427
7288 146 1759
1759 146 7288
146 1759 7288
3152 3801 3818
3818 3152 3801
3801 3152 3818
7633 495 7457
495 7457 7633
7457 495 7633
12567 5965 10924
10924 5965 12567
5965 10924 12567
3443 5021 12330
12330 3443 5021
5021 3443 12330
2434 7190 13147
13147 2434 7190
7190 2434 13147
1043 664 8154
8154 664 1043
664 1043 8154
12882 4557 7173
7173 4557 12882
4557 7173 12882
4503 5793 9534
9534 4503 5793
5793 4503 9534
2474 259 1645
1645 259 2474
259 1645 2474
1728 10927 12277
10927 1728 12277
12277 1728 10927
6970 9043 10910
9043 6970 10910
10910 6970 9043
11612 7842 10011
7842 10011 11612
10011 7842 11612
4727 4337 4819
4337 4727 4819
4819 4337 4727
2199 6975 11538
6975 2199 11538
11538 2199 6975
12618 130 5455
5455 130 12618
130 5455 12618
1897 8814 13340
8814 1897 13340
13340 1897 8814
2515 9963 10087
10087 2515 9963
9963 2515 10087
8874 6241 11853
6241 8874 11853
11853 6241 8874
477 6284 11408
6284 477 11408
11408 477 6284
7179 4925 6311
6311 4925 7179
4925 6311 7179
12283 2081 3086
3086 2081 12283
2081 3086 12283
8635 4065 7276
7276 4065 8635
4065 7276 8635
3757 3526 6776
6776 3526 3757
3526 3757 6776
2052 4229 12895
12895 2052 4229
4229 2052 12895
9777 14000 14695
14000 9777 14695
14695 9777 14000
9026 1607 5203
5203 1607 9026
1607 5203 9026
4468 3926 5809
5809 3926 4468
3926 4468 5809
6793 1469 4758
4758 1469 6793
1469 4758 6793
1347 1700 7793
1700 1347 7793
7793 1347 1700
4375 3675 13203
3675 4375 13203
13203 3675 4375
4952 855 7637
7637 855 4952
855 4952 7637
4109 652 2503
2503 652 4109
652 2503 4109
5459 3916 4161
3916 4161 5459
4161 3916 5459
1807 11067 14137
14137 1807 11067
11067 1807 14137
5228 7880 11871
11871 5228 7880
7880 5228 11871
3504 4377 7473
7473 3504 4377
4377 3504 7473
5890 3409 3671
3671 3409 5890
3409 3671 5890
866 578 7231
578 866 7231
7231 578 866
7679 5141 13888
5141 7679 13888
13888 5141 7679
12045 4509 12797
4509 12045 12797
12797 4509 12045
304 5576 7920
7920 304 5576
5576 304 7920
4470 10132 10567
10567 4470 10132
10132 4470 10567
2483 6291 11304
11304 2483 6291
6291 2483 11304
2583 599 13377
13377 599 2583
599 2583 13377
4295 14495 14915
14915 4295 14495
14495 4295 14915
11582 5475 13299
13299 5475 11582
5475 11582 13299
8331 7882 14393
14393 7882 8331
7882 8331 14393
14487 6415 13904
13904 6415 14487
6415 13904 14487
4597 5414 11211
5414 4597 11211
11211 4597 5414
13423 12730 13495
13495 12730 13423
12730 13423 13495
2830 4598 5051
5051 2830 4598
4598 2830 5051
9337 6355 12785
12785 6355 9337
6355 9337 12785
8006 1854 5726
5726 1854 8006
1854 5726 8006
8934 7057 8029
8029 7057 8934
7057 8029 8934
8421 7945 8523
8523 7945 8421
7945 8421 8523
6429 8897 10356
8897 6429 10356
10356 6429 8897
11015 4074 4380
4380 4074 11015
4074 4380 11015
2783 3134 7605
3134 2783 7605
7605 2783 3134
3515 1136 7807
1136 3515 7807
7807 1136 3515
2151 4796 8982
8982 2151 4796
4796 2151 8982
5400 7685 11385
7685 5400 11385
11385 5400 7685
14316 3132 13626
3132 13626 14316
13626 3132 14316
4878 10353 12035
10353 4878 12035
12035 4878 10353
2303 7333 14776
7333 2303 14776
14776 2303 7333
14912 3604 13373
3604 13373 14912
13373 3604 14912
9825 1904 2043
2043 1904 9825
1904 2043 9825
6497 10390 10803
10390 6497 10803
10803 6497 10390
3621 8240 9581
9581 3621 8240
8240 3621 9581
4173 7322 10798
7322 4173 10798
10798 4173 7322
13170 4832 12761
12761 4832 13170
4832 12761 13170
5532 1337 10122
10122 1337 5532
1337 5532 10122
85 3752 8249
8249 85 3752
3752 85 8249
9565 6637 11251
6637 9565 11251
11251 6637 9565
11968 10578 11379
11379 10578 11968
10578 11379 11968
3256 428 4019
4019 428 3256
428 3256 4019
6553 6347 8543
6347 6553 8543
8543 6347 6553
2358 1045 3486
1045 2358 3486
3486 1045 2358
11481 141 232
232 141 11481
141 232 11481
13947 7881 8866
8866 7881 13947
7881 8866 13947
7308 5753 12158
12158 5753 7308
5753 7308 12158
12262 3022 8212
3022 8212 12262
8212 3022 12262
434 4072 4661
4072 434 4661
4661 434 4072
11074 3919 4804
3919 4804 11074
4804 3919 11074
4257 7230 11395
7230 4257 11395
11395 4257 7230
684 11600 14736
11600 684 14736
14736 684 11600
814 3216 3328
3216 814 3328
3328 814 3216
401 6934 12753
12753 401 6934
6934 401 12753
4235 10513 12759
10513 4235 12759
12759 4235 10513
13968 3821 10151
10151 3821 13968
3821 10151 13968
11758 399 2445
399 2445 11758
2445 399 11758
14342 910 6015
910 6015 14342
6015 910 14342
13330 9167 10189
10189 9167 13330
9167 10189 13330
5685 6516 14394
6516 5685 14394
14394 5685 6516
2230 752 13850
752 2230 13850
13850 752 2230
8357 915 6045
915 6045 8357
6045 915 8357
9683 6258 7404
7404 6258 9683
6258 7404 9683
3293 7550 12526
12526 3293 7550
7550 3293 12526
11873 2496 12019
2496 11873 12019
12019 2496 11873
12956 686 11768
11768 686 12956
686 11768 12956
5004 5857 9660
9660 5004 5857
5857 5004 9660
12558 7450 10279
10279 7450 12558
7450 10279 12558
13526 6984 11890
6984 11890 13526
11890 6984 13526
480 3135 6602
6602 480 3135
3135 480 6602
10928 2173 11326
2173 10928 11326
11326 2173 10928
8341 5556 9962
9962 5556 8341
5556 8341 9962
6345 8306 8441
8441 6345 8306
8306 6345 8441
2927 2469 2764
2469 2764 2927
2764 2469 2927
14279 4855 7676
7676 4855 14279
4855 7676 14279
11352 4009 13820
13820 4009 11352
4009 11352 13820
14703 3445 10456
10456 3445 14703
3445 10456 14703
4896 3386 7690
7690 3386 4896
3386 4896 7690
4342 3120 9807
9807 3120 4342
3120 4342 9807
13319 5158 11674
11674 5158 13319
5158 11674 13319
8796 2444 8594
8594 2444 8796
2444 8594 8796
2507 4861 12488
12488 2507 4861
4861 2507 12488
1878 6741 7354
6741 1878 7354
7354 1878 6741
4301 7551 7831
7831 4301 7551
7551 4301 7831
6922 4131 14929
4131 6922 14929
14929 4131 6922
12481 6633 14200
6633 12481 14200
14200 6633 12481
11143 1864 5501
5501 1864 11143
1864 5501 11143
569 555 11525
555 569 11525
11525 555 569
12574 2455 6727
2455 6727 12574
6727 2455 12574
10301 50 2602
50 2602 10301
2602 50 10301
1368 10773 14852
14852 1368 10773
10773 1368 14852
14951 2550 12304
2550 12304 14951
12304 2550 14951
7575 1649 4779
1649 4779 7575
4779 1649 7575
10550 9352 9473
9352 9473 10550
9473 9352 10550
5007 3012 13447
13447 3012 5007
3012 5007 13447
7803 8202 11017
8202 7803 11017
11017 7803 8202
7553 451 1895
451 1895 7553
1895 451 7553
5474 3654 7648
7648 3654 5474
3654 5474 7648
11118 4315 8860
8860 4315 11118
4315 8860 11118
14108 6315 11561
6315 11561 14108
11561 6315 14108
14326 9376 14345
14345 9376 14326
9376 14326 14345
11732 6979 7736
7736 6979 11732
6979 7736 11732
4066 1964 11607
1964 4066 11607
11607 1964 4066
14551 875 10519
875 10519 14551
10519 875 14551
47 10853 11117
10853 47 11117
11117 47 10853
14274 1327 10043
10043 1327 14274
1327 10043 14274
2826 108 888
108 888 2826
888 108 2826
3998 6824 11605
6824 3998 11605
11605 3998 6824
1740 2805 3473
2805 1740 3473
3473 1740 2805
3799 3837 11246
3837 3799 11246
11246 3799 3837
9241 575 3242
575 3242 9241
3242 575 9241
2574 2152 4256
4256 2152 2574
2152 2574 4256
13622 2484 2519
2484 2519 13622
2519 2484 13622
12789 1381 3954
3954 1381 12789
1381 3954 12789
3777 3437 11199
3437 3777 11199
11199 3437 3777
12794 3223 7259
7259 3223 12794
3223 7259 12794
5355 5718 13175
13175 5355 5718
5718 5355 13175
9256 6961 9561
6961 9256 9561
9561 6961 9256
12587 12822 13464
13464 12587 12822
12822 12587 13464
7130 8277 8525
8525 7130 8277
8277 7130 8525
12377 6384 9964
9964 6384 12377
6384 9964 12377
7792 4793 9158
4793 7792 9158
9158 4793 7792
2755 4344 9757
9757 2755 4344
4344 2755 9757
10959 2458 4366
2458 4366 10959
4366 2458 10959
13104 2085 4134
2085 4134 13104
4134 2085 13104
10859 6137 12052
12052 6137 10859
6137 10859 12052
11552 3990 12951
12951 3990 11552
3990 11552 12951
2022 918 1408
918 1408 2022
1408 918 2022
640 9023 9631
9631 640 9023
9023 640 9631
1997 4364 9013
9013 1997 4364
4364 1997 9013
10621 1020 8881
1020 8881 10621
8881 1020 10621
10793 862 6462
862 6462 10793
6462 862 10793
7309 14 6559
6559 14 7309
14 6559 7309
11531 6206 12967
6206 11531 12967
12967 6206 11531
6094 1743 5113
1743 5113 6094
5113 1743 6094
6403 1621 5818
5818 1621 6403
1621 5818 6403
10255 9090 10482
10482 9090 10255
9090 10255 10482
2414 9104 12184
9104 2414 12184
12184 2414 9104
2120 100 14804
14804 100 2120
100 2120 14804
12781 1497 7072
1497 7072 12781
7072 1497 12781
4469 2959 3679
3679 2959 4469
2959 3679 4469
8535 6245 11089
6245 8535 11089
11089 6245 8535
2204 7975 9198
9198 2204 7975
7975 2204 9198
6972 12082 12110
12110 6972 12082
12082 6972 12110
12988 7027 12503
12503 7027 12988
7027 12503 12988
10697 927 11177
927 10697 11177
11177 927 10697
12691 10234 11027
11027 10234 12691
10234 11027 12691
751 9772 12259
12259 751 9772
9772 751 12259
8182 2799 12556
2799 8182 12556
12556 2799 8182
4847 3993 13612
13612 3993 4847
3993 4847 13612
6905 4675 13910
4675 6905 13910
13910 4675 6905
5313 7167 7967
7967 5313 7167
7167 5313 7967
8944 9755 14880
9755 8944 14880
14880 8944 9755
9657 11571 12819
12819 9657 11571
11571 9657 12819
14047 2461 8898
2461 8898 14047
8898 2461 14047
1699 1409 5730
5730 1409 1699
1409 1699 5730
3649 861 5912
861 3649 5912
5912 861 3649
5756 10085 11883
11883 5756 10085
10085 5756 11883
5784 7547 11258
7547 5784 11258
11258 5784 7547
3210 11564 14573
11564 3210 14573
14573 3210 11564
5984 3742 6163
6163 3742 5984
3742 5984 6163
1250 9347 14769
9347 1250 14769
14769 1250 9347
11594 5509 14453
14453 5509 11594
5509 11594 14453
3455 2880 11315
2880 3455 11315
11315 2880 3455
5048 1314 13685
13685 1314 5048
1314 5048 13685
282 6789 9414
6789 282 9414
9414 282 6789
11953 8076 11195
8076 11195 11953
11195 8076 11953
6827 11813 14889
