8174 65370 126783
65370 8174 126783
126783 8174 65370
99900 71498 101538
71498 99900 101538
101538 71498 99900
40418 125352 135181
135181 40418 125352
125352 40418 135181
129639 139733 142941
142941 129639 139733
139733 129639 142941
72362 35772 74746
74746 35772 72362
35772 72362 74746
69989 47315 58886
58886 47315 69989
47315 58886 69989
38984 51066 146408
51066 38984 146408
146408 38984 51066
55209 18040 21396
18040 21396 55209
21396 18040 55209
142281 13257 57467
13257 57467 142281
57467 13257 142281
23439 12449 18875
12449 18875 23439
18875 12449 23439
86209 33423 118595
33423 86209 118595
118595 33423 86209
27423 3695 146952
146952 3695 27423
3695 27423 146952
129224 64013 119571
119571 64013 129224
64013 119571 129224
73617 74779 125646
74779 73617 125646
125646 73617 74779
138451 15867 17282
17282 15867 138451
15867 17282 138451
37835 12779 87435
12779 37835 87435
87435 12779 37835
45863 13376 89197
89197 13376 45863
13376 45863 89197
137611 97644 103676
103676 97644 137611
97644 103676 137611
100797 97198 136183
136183 97198 100797
97198 100797 136183
45152 133184 139797
139797 45152 133184
133184 45152 139797
40443 7705 110513
7705 40443 110513
110513 7705 40443
85277 487 1506
1506 487 85277
487 1506 85277
149516 69540 105026
105026 69540 149516
69540 105026 149516
144512 58863 102874
102874 58863 144512
58863 102874 144512
63410 30782 141367
141367 30782 63410
30782 63410 141367
98142 24330 24910
24330 24910 98142
24910 24330 98142
129278 14151 101618
101618 14151 129278
14151 101618 129278
90134 3957 12886
12886 3957 90134
3957 12886 90134
31216 9713 25660
9713 25660 31216
25660 9713 31216
69428 49272 90255
49272 69428 90255
90255 49272 69428
12689 49489 121134
49489 12689 121134
121134 12689 49489
23873 40090 71990
71990 23873 40090
40090 23873 71990
77280 29603 124398
29603 77280 124398
124398 29603 77280
50077 46107 127438
127438 46107 50077
46107 50077 127438
73485 38180 62064
38180 62064 73485
62064 38180 73485
6374 175 85903
175 6374 85903
85903 175 6374
104315 2891 15918
15918 2891 104315
2891 15918 104315
85633 30443 34040
30443 34040 85633
34040 30443 85633
115390 34931 140257
140257 34931 115390
34931 115390 140257
14594 122425 140226
140226 14594 122425
122425 14594 140226
30919 97934 103040
103040 30919 97934
97934 30919 103040
115349 3637 24552
3637 24552 115349
24552 3637 115349
9368 15347 130750
15347 9368 130750
130750 9368 15347
104731 99901 131569
99901 104731 131569
131569 99901 104731
27799 5603 93727
93727 5603 27799
5603 27799 93727
90197 68117 115551
115551 68117 90197
68117 90197 115551
139048 30346 53762
30346 53762 139048
53762 30346 139048
47514 13488 55962
13488 47514 55962
55962 13488 47514
60622 27505 114738
27505 60622 114738
114738 27505 60622
97738 27460 35207
35207 27460 97738
27460 35207 97738
128674 8579 25230
8579 25230 128674
25230 8579 128674
36399 87981 107196
107196 36399 87981
87981 36399 107196
45023 57131 88967
57131 45023 88967
88967 45023 57131
42554 22850 114663
22850 42554 114663
114663 22850 42554
134324 71707 71737
71707 71737 134324
71737 71707 134324
127097 72110 146390
72110 127097 146390
146390 72110 127097
8629 44425 126592
44425 8629 126592
126592 8629 44425
33772 81500 143409
143409 33772 81500
81500 33772 143409
122121 14123 79218
14123 79218 122121
79218 14123 122121
48560 92361 99653
92361 48560 99653
99653 48560 92361
72275 7248 126104
126104 7248 72275
7248 72275 126104
65595 99950 145931
99950 65595 145931
145931 65595 99950
15165 1373 43923
1373 15165 43923
43923 1373 15165
78063 45943 86185
45943 78063 86185
86185 45943 78063
81122 84693 90065
90065 81122 84693
84693 81122 90065
42046 51888 63765
63765 42046 51888
51888 42046 63765
78211 79053 120632
79053 78211 120632
120632 78211 79053
85700 25500 36173
36173 25500 85700
25500 36173 85700
11177 44156 79543
44156 11177 79543
79543 11177 44156
38312 67768 149163
149163 38312 67768
67768 38312 149163
146267 8544 135468
135468 8544 146267
8544 135468 146267
80065 66260 89629
89629 66260 80065
66260 80065 89629
81923 40722 116961
116961 40722 81923
40722 81923 116961
64502 18810 62045
18810 62045 64502
62045 18810 64502
18570 28028 104913
104913 18570 28028
28028 18570 104913
128204 9504 111194
9504 111194 128204
111194 9504 128204
56261 49962 127212
127212 49962 56261
49962 56261 127212
42512 10780 53409
53409 10780 42512
10780 42512 53409
111317 91867 123691
91867 111317 123691
123691 91867 111317
130488 48441 81428
81428 48441 130488
48441 81428 130488
105311 17555 23939
17555 23939 105311
23939 17555 105311
8380 5637 38886
5637 8380 38886
38886 5637 8380
130075 143800 144154
144154 130075 143800
143800 130075 144154
104295 17163 93975
93975 17163 104295
17163 93975 104295
54462 5643 19652
5643 19652 54462
19652 5643 54462
143095 79923 142814
142814 79923 143095
79923 142814 143095
75810 30358 92650
30358 75810 92650
92650 30358 75810
115266 15564 32490
15564 32490 115266
32490 15564 115266
108063 53148 144631
53148 108063 144631
144631 53148 108063
3867 62379 144909
144909 3867 62379
62379 3867 144909
122221 96397 98624
98624 96397 122221
96397 98624 122221
125748 52756 73894
73894 52756 125748
52756 73894 125748
76938 47512 49887
47512 49887 76938
49887 47512 76938
86305 43990 139697
139697 43990 86305
43990 86305 139697
23658 115356 134072
134072 23658 115356
115356 23658 134072
97623 17672 103387
17672 97623 103387
103387 17672 97623
24802 11146 87002
11146 24802 87002
87002 11146 24802
72189 67307 147878
67307 72189 147878
147878 67307 72189
83732 56124 96440
96440 56124 83732
56124 83732 96440
68850 31416 35809
35809 31416 68850
31416 35809 68850
95169 124086 147408
147408 95169 124086
124086 95169 147408
92272 96657 109397
96657 92272 109397
109397 92272 96657
116955 2621 44689
2621 44689 116955
44689 2621 116955
56641 110169 139956
110169 56641 139956
139956 56641 110169
4709 129391 143690
143690 4709 129391
129391 4709 143690
136418 5843 26833
26833 5843 136418
5843 26833 136418
142436 72933 140240
72933 140240 142436
140240 72933 142436
20358 37117 120280
120280 20358 37117
37117 20358 120280
501 62155 119218
62155 501 119218
119218 501 62155
80841 44650 147035
44650 80841 147035
147035 44650 80841
38269 9300 68007
9300 38269 68007
68007 9300 38269
42600 24447 97642
24447 42600 97642
97642 24447 42600
117422 48378 137211
48378 117422 137211
137211 48378 117422
42889 47498 118798
47498 42889 118798
118798 42889 47498
101541 79494 89708
89708 79494 101541
79494 89708 101541
5201 34621 71866
71866 5201 34621
34621 5201 71866
95846 121499 135887
135887 95846 121499
121499 95846 135887
1286 42980 136677
136677 1286 42980
42980 1286 136677
24176 68979 117205
117205 24176 68979
68979 24176 117205
128689 13123 65090
65090 13123 128689
13123 65090 128689
58190 116166 145153
116166 58190 145153
145153 58190 116166
121856 5764 133748
133748 5764 121856
5764 121856 133748
128196 35192 59069
59069 35192 128196
35192 59069 128196
103519 36094 118288
36094 103519 118288
118288 36094 103519
16781 37261 101313
37261 16781 101313
101313 16781 37261
79396 6461 54427
6461 54427 79396
54427 6461 79396
52946 95171 107013
95171 52946 107013
107013 52946 95171
143062 78323 129348
78323 129348 143062
129348 78323 143062
81045 38486 46787
38486 46787 81045
46787 38486 81045
21700 15946 125315
15946 21700 125315
125315 15946 21700
125828 50447 134915
134915 50447 125828
50447 125828 134915
14519 88624 141554
88624 14519 141554
141554 14519 88624
20703 71960 148278
71960 20703 148278
148278 20703 71960
147493 16090 87405
87405 16090 147493
16090 87405 147493
122660 65240 139396
65240 122660 139396
139396 65240 122660
43252 15426 101565
101565 15426 43252
15426 43252 101565
55747 75408 78367
75408 55747 78367
78367 55747 75408
33696 446 45241
446 33696 45241
45241 446 33696
107686 71283 103627
103627 71283 107686
71283 103627 107686
133140 79010 111223
79010 111223 133140
111223 79010 133140
107099 85790 128341
85790 107099 128341
128341 85790 107099
54806 56755 69341
56755 54806 69341
69341 54806 56755
23264 89004 123014
89004 23264 123014
123014 23264 89004
2450 41758 99723
41758 2450 99723
99723 2450 41758
119865 1666 131930
1666 119865 131930
131930 1666 119865
712 40298 84860
84860 712 40298
40298 712 84860
13661 22716 33115
33115 13661 22716
22716 13661 33115
41729 45191 135273
135273 41729 45191
45191 41729 135273
125110 47983 125201
125201 47983 125110
47983 125110 125201
142132 3263 144629
144629 3263 142132
3263 142132 144629
73208 59589 120666
59589 73208 120666
120666 59589 73208
26921 71172 134105
134105 26921 71172
71172 26921 134105
60815 15955 120726
120726 15955 60815
15955 60815 120726
17618 47728 85577
85577 17618 47728
47728 17618 85577
8186 66027 87455
87455 8186 66027
66027 8186 87455
143514 61811 91974
61811 91974 143514
91974 61811 143514
17540 74424 142757
74424 17540 142757
142757 17540 74424
125216 23564 85970
85970 23564 125216
23564 85970 125216
79009 34162 38444
38444 34162 79009
34162 38444 79009
53667 15505 16731
16731 15505 53667
15505 16731 53667
130727 47298 92859
47298 92859 130727
92859 47298 130727
42807 121305 122919
121305 42807 122919
122919 42807 121305
69174 51403 142456
142456 51403 69174
51403 69174 142456
59303 31861 54384
54384 31861 59303
31861 54384 59303
144055 8682 10001
8682 10001 144055
10001 8682 144055
9302 91427 95218
91427 9302 95218
95218 9302 91427
123754 4312 124967
124967 4312 123754
4312 123754 124967
55860 93422 126286
126286 55860 93422
93422 55860 126286
22607 65987 98850
98850 22607 65987
65987 22607 98850
116541 42690 131711
42690 116541 131711
131711 42690 116541
29175 28341 63439
28341 29175 63439
63439 28341 29175
46428 96040 137453
137453 46428 96040
96040 46428 137453
131487 6889 92073
6889 92073 131487
92073 6889 131487
47972 66675 143582
66675 47972 143582
143582 47972 66675
132586 71340 71399
71340 71399 132586
71399 71340 132586
69335 81123 91300
91300 69335 81123
81123 69335 91300
102979 65655 66598
66598 65655 102979
65655 66598 102979
135187 13991 83438
83438 13991 135187
13991 83438 135187
16870 75034 80822
75034 16870 80822
80822 16870 75034
55485 66245 85130
85130 55485 66245
66245 55485 85130
25406 7285 116316
7285 25406 116316
116316 7285 25406
5938 57018 130395
57018 5938 130395
130395 5938 57018
32953 43265 100438
100438 32953 43265
43265 32953 100438
13478 17042 113247
113247 13478 17042
17042 13478 113247
123696 18775 117472
18775 117472 123696
117472 18775 123696
42879 43612 136185
43612 42879 136185
136185 42879 43612
46057 31343 85513
31343 46057 85513
85513 31343 46057
6459 64658 96940
64658 6459 96940
96940 6459 64658
38638 30660 42418
30660 38638 42418
42418 30660 38638
88596 85591 115771
115771 85591 88596
85591 88596 115771
97974 148948 149747
148948 97974 149747
149747 97974 148948
76371 15225 123815
123815 15225 76371
15225 76371 123815
85279 78006 110369
110369 78006 85279
78006 85279 110369
83615 117557 123496
123496 83615 117557
117557 83615 123496
95173 44110 98880
44110 95173 98880
98880 44110 95173
20366 18674 77238
18674 20366 77238
77238 18674 20366
53914 11801 88613
11801 53914 88613
88613 11801 53914
139253 32031 47420
47420 32031 139253
32031 47420 139253
92645 56673 78286
78286 56673 92645
56673 78286 92645
52195 87503 131467
131467 52195 87503
87503 52195 131467
24648 24968 91151
24968 24648 91151
91151 24648 24968
60502 15893 42791
15893 42791 60502
42791 15893 60502
27247 46623 107912
46623 27247 107912
107912 27247 46623
10923 16174 38340
16174 10923 38340
38340 10923 16174
96320 74348 83725
83725 74348 96320
74348 83725 96320
117220 22377 98943
22377 98943 117220
98943 22377 117220
80710 107435 114223
114223 80710 107435
107435 80710 114223
39714 20364 43625
43625 20364 39714
20364 39714 43625
75029 86908 128865
128865 75029 86908
86908 75029 128865
29377 51185 136820
51185 29377 136820
136820 29377 51185
86163 41043 123848
123848 41043 86163
41043 86163 123848
132581 42471 109577
42471 109577 132581
109577 42471 132581
139264 13214 73661
13214 73661 139264
73661 13214 139264
83502 8439 25366
8439 25366 83502
25366 8439 83502
42618 23397 149865
23397 42618 149865
149865 23397 42618
36798 89746 90764
89746 36798 90764
90764 36798 89746
46421 44509 66937
44509 46421 66937
66937 44509 46421
28490 74542 132115
74542 28490 132115
132115 28490 74542
133418 34408 79029
34408 79029 133418
79029 34408 133418
101968 36588 40948
36588 40948 101968
40948 36588 101968
46474 61983 74680
61983 46474 74680
74680 46474 61983
90374 45379 111640
45379 90374 111640
111640 45379 90374
73438 115716 132048
132048 73438 115716
115716 73438 132048
116130 95453 105081
105081 95453 116130
95453 105081 116130
22668 98105 139296
98105 22668 139296
139296 22668 98105
74759 17351 134103
17351 74759 134103
134103 17351 74759
85261 96067 129792
96067 85261 129792
129792 85261 96067
19917 53648 130854
130854 19917 53648
53648 19917 130854
42162 106990 143651
143651 42162 106990
106990 42162 143651
100987 11465 27473
27473 11465 100987
11465 27473 100987
102838 138484 140961
140961 102838 138484
138484 102838 140961
35352 47013 68841
68841 35352 47013
47013 35352 68841
146551 12094 46330
46330 12094 146551
12094 46330 146551
124124 85695 132768
85695 124124 132768
132768 85695 124124
88558 23327 126178
23327 88558 126178
126178 23327 88558
115816 109822 131737
131737 109822 115816
109822 115816 131737
137009 3935 12977
3935 12977 137009
12977 3935 137009
97845 71156 124175
71156 97845 124175
124175 71156 97845
96 27842 41094
27842 96 41094
41094 96 27842
26864 21537 108532
21537 26864 108532
108532 21537 26864
102609 14213 68396
14213 68396 102609
68396 14213 102609
47233 31160 47883
47883 31160 47233
31160 47233 47883
32775 116910 117296
116910 32775 117296
117296 32775 116910
99505 39632 96938
39632 96938 99505
96938 39632 99505
23316 58622 95454
58622 23316 95454
95454 23316 58622
83963 32072 104084
32072 83963 104084
104084 32072 83963
27610 55341 115364
115364 27610 55341
55341 27610 115364
130928 132114 147476
147476 130928 132114
132114 130928 147476
75519 17332 102851
102851 17332 75519
17332 75519 102851
3901 53043 106529
106529 3901 53043
53043 3901 106529
9588 100684 114013
114013 9588 100684
100684 9588 114013
10860 17906 37126
17906 10860 37126
37126 10860 17906
13753 16491 46080
16491 13753 46080
46080 13753 16491
145155 36454 107956
36454 107956 145155
107956 36454 145155
39186 42836 121529
121529 39186 42836
42836 39186 121529
72433 24995 40547
40547 24995 72433
24995 40547 72433
24680 511 97250
511 24680 97250
97250 511 24680
98927 7402 91748
7402 91748 98927
91748 7402 98927
55496 93746 133556
133556 55496 93746
93746 55496 133556
113225 96077 131288
131288 96077 113225
96077 113225 131288
107809 35208 111320
111320 35208 107809
35208 107809 111320
36768 42550 107041
107041 36768 42550
42550 36768 107041
10995 25522 114739
25522 10995 114739
114739 10995 25522
64774 69864 107560
107560 64774 69864
69864 64774 107560
103728 57893 136432
57893 103728 136432
136432 57893 103728
16409 3567 18384
3567 16409 18384
18384 3567 16409
82403 34626 149287
149287 34626 82403
34626 82403 149287
89962 64026 144838
64026 89962 144838
144838 64026 89962
100559 84023 101005
101005 84023 100559
84023 100559 101005
98898 18202 116223
116223 18202 98898
18202 98898 116223
143697 43670 142563
142563 43670 143697
43670 142563 143697
98408 25478 58150
58150 25478 98408
25478 58150 98408
28665 44060 50499
50499 28665 44060
44060 28665 50499
21987 121201 126031
121201 21987 126031
126031 21987 121201
37735 19588 57889
57889 19588 37735
19588 37735 57889
97227 41790 77443
41790 77443 97227
77443 41790 97227
137194 92181 97202
97202 92181 137194
92181 97202 137194
1140 78365 143889
78365 1140 143889
143889 1140 78365
14286 41044 142240
41044 14286 142240
142240 14286 41044
19504 35637 117193
117193 19504 35637
35637 19504 117193
43154 82076 124529
124529 43154 82076
82076 43154 124529
24576 7050 37419
7050 24576 37419
37419 7050 24576
88091 38183 118739
38183 88091 118739
118739 38183 88091
76971 3324 130392
3324 76971 130392
130392 3324 76971
50309 20304 139252
20304 50309 139252
139252 20304 50309
140194 13297 125397
13297 125397 140194
125397 13297 140194
88623 75159 138660
138660 75159 88623
75159 88623 138660
93285 122615 131162
122615 93285 131162
131162 93285 122615
131764 1133 85288
85288 1133 131764
1133 85288 131764
96285 30729 142219
142219 30729 96285
30729 96285 142219
17389 71698 126944
71698 17389 126944
126944 17389 71698
122110 37244 79888
79888 37244 122110
37244 79888 122110
87022 47790 116395
47790 87022 116395
116395 47790 87022
93872 18830 36771
36771 18830 93872
18830 36771 93872
126277 4323 29851
4323 29851 126277
29851 4323 126277
13442 8 5304
8 5304 13442
5304 8 13442
52322 40556 101728
101728 40556 52322
40556 52322 101728
12245 66455 124673
66455 12245 124673
124673 12245 66455
74603 16097 129705
129705 16097 74603
16097 74603 129705
39339 20827 41387
41387 20827 39339
20827 39339 41387
92712 70467 88668
88668 70467 92712
70467 88668 92712
132691 43774 84882
84882 43774 132691
43774 84882 132691
121066 54622 77676
54622 77676 121066
77676 54622 121066
103871 91331 125707
125707 91331 103871
91331 103871 125707
123697 3155 66327
3155 66327 123697
66327 3155 123697
1241 19863 49715
49715 1241 19863
19863 1241 49715
101568 53543 67260
53543 67260 101568
67260 53543 101568
76218 31306 47956
31306 47956 76218
47956 31306 76218
35627 29322 76965
29322 35627 76965
76965 29322 35627
134117 12242 61457
61457 12242 134117
12242 61457 134117
121230 22324 129692
129692 22324 121230
22324 121230 129692
80606 64622 74991
74991 64622 80606
64622 74991 80606
86861 54880 72893
72893 54880 86861
54880 72893 86861
122277 73598 80246
80246 73598 122277
73598 80246 122277
54302 83608 111597
111597 54302 83608
83608 54302 111597
119946 3327 11903
3327 11903 119946
11903 3327 119946
36048 45648 117869
117869 36048 45648
45648 36048 117869
123051 21947 35578
35578 21947 123051
21947 35578 123051
34271 69250 127727
127727 34271 69250
69250 34271 127727
102402 19944 74358
19944 74358 102402
74358 19944 102402
84358 6473 6708
6473 6708 84358
6708 6473 84358
57771 33407 84444
84444 33407 57771
33407 57771 84444
99115 54348 122137
122137 54348 99115
54348 99115 122137
82111 100470 144251
100470 82111 144251
144251 82111 100470
89874 51744 97678
97678 51744 89874
51744 89874 97678
121413 74514 77705
74514 77705 121413
77705 74514 121413
118692 54269 101295
54269 101295 118692
101295 54269 118692
71370 48013 66729
48013 66729 71370
66729 48013 71370
125883 59694 97984
97984 59694 125883
59694 97984 125883
48343 66166 107026
107026 48343 66166
66166 48343 107026
23000 134921 145707
134921 23000 145707
145707 23000 134921
88326 112282 138404
112282 88326 138404
138404 88326 112282
106629 114566 117275
117275 106629 114566
114566 106629 117275
99503 66408 116504
116504 66408 99503
66408 99503 116504
70279 111276 144545
111276 70279 144545
144545 70279 111276
11545 88842 126444
88842 11545 126444
126444 11545 88842
76958 19100 97268
19100 76958 97268
97268 19100 76958
59731 10388 41521
41521 10388 59731
10388 41521 59731
16438 2711 4897
2711 4897 16438
4897 2711 16438
134220 64939 81181
64939 81181 134220
81181 64939 134220
65668 37500 109353
109353 37500 65668
37500 65668 109353
94633 59068 121402
59068 94633 121402
121402 59068 94633
23320 91187 107106
91187 23320 107106
107106 23320 91187
76164 41403 52235
41403 52235 76164
52235 41403 76164
47131 18709 122451
122451 18709 47131
18709 47131 122451
98828 105340 129899
129899 98828 105340
105340 98828 129899
571 98460 139367
98460 571 139367
139367 571 98460
144637 65084 97752
65084 97752 144637
97752 65084 144637
24112 42926 92043
92043 24112 42926
42926 24112 92043
76341 117087 137947
117087 76341 137947
137947 76341 117087
14456 73798 117485
73798 14456 117485
117485 14456 73798
27044 54032 139325
54032 27044 139325
139325 27044 54032
37555 55579 77627
55579 37555 77627
77627 37555 55579
33427 100535 132324
132324 33427 100535
100535 33427 132324
115830 94699 127081
127081 94699 115830
94699 115830 127081
90987 48536 77928
77928 48536 90987
48536 77928 90987
121192 120288 147377
120288 121192 147377
147377 120288 121192
103548 93271 139995
93271 103548 139995
139995 93271 103548
84895 94294 115033
115033 84895 94294
94294 84895 115033
62154 44390 78266
78266 44390 62154
44390 62154 78266
131309 18711 116778
116778 18711 131309
18711 116778 131309
55723 64800 123238
64800 55723 123238
123238 55723 64800
119345 105349 128738
105349 119345 128738
128738 105349 119345
98645 49684 123400
123400 49684 98645
49684 98645 123400
14721 66397 130714
66397 14721 130714
130714 14721 66397
142094 22419 35039
35039 22419 142094
22419 35039 142094
145742 40760 91082
91082 40760 145742
40760 91082 145742
140567 24038 70465
24038 70465 140567
70465 24038 140567
40017 89556 133059
89556 40017 133059
133059 40017 89556
52609 18522 72652
18522 52609 72652
72652 18522 52609
97658 15376 143926
15376 97658 143926
143926 15376 97658
107340 21193 139560
21193 107340 139560
139560 21193 107340
10050 60204 65360
60204 10050 65360
65360 10050 60204
36275 69078 91814
69078 36275 91814
91814 36275 69078
107759 101786 137564
101786 107759 137564
137564 101786 107759
65531 17144 38149
17144 38149 65531
38149 17144 65531
56476 13705 18844
18844 13705 56476
13705 18844 56476
63923 32784 97111
97111 32784 63923
32784 63923 97111
35341 15048 33015
15048 33015 35341
33015 15048 35341
120422 65664 111375
65664 111375 120422
111375 65664 120422
136636 24195 67393
24195 67393 136636
67393 24195 136636
35368 28241 44279
44279 28241 35368
28241 35368 44279
118148 31508 54018
54018 31508 118148
31508 54018 118148
56041 17 57200
57200 17 56041
17 56041 57200
112306 28987 90629
90629 28987 112306
28987 90629 112306
107292 23336 91479
91479 23336 107292
23336 91479 107292
120747 21760 142370
21760 120747 142370
142370 21760 120747
81742 10947 131335
131335 10947 81742
10947 81742 131335
101871 134059 139824
134059 101871 139824
139824 101871 134059
29626 128655 144015
128655 29626 144015
144015 29626 128655
132936 6552 139945
139945 6552 132936
6552 132936 139945
6929 56258 57445
57445 6929 56258
56258 6929 57445
101421 99427 100648
100648 99427 101421
99427 100648 101421
147778 55110 112631
55110 112631 147778
112631 55110 147778
75380 21062 52577
21062 52577 75380
52577 21062 75380
128983 123410 128363
123410 128363 128983
128363 123410 128983
140947 116484 127325
127325 116484 140947
116484 127325 140947
109580 35417 141769
35417 109580 141769
141769 35417 109580
130630 51868 64350
51868 64350 130630
64350 51868 130630
98572 34138 128195
34138 98572 128195
128195 34138 98572
78855 118616 133899
133899 78855 118616
118616 78855 133899
130637 115446 124903
115446 124903 130637
124903 115446 130637
85252 42069 63297
42069 63297 85252
63297 42069 85252
59981 72909 82875
72909 59981 82875
82875 59981 72909
22872 74261 83144
74261 22872 83144
83144 22872 74261
140132 118882 145941
118882 140132 145941
145941 118882 140132
118627 8604 102778
8604 102778 118627
102778 8604 118627
34200 68340 136656
68340 34200 136656
136656 34200 68340
144954 5914 125566
125566 5914 144954
5914 125566 144954
116050 19876 42101
19876 42101 116050
42101 19876 116050
12348 10571 13091
10571 12348 13091
13091 10571 12348
110558 23339 54236
23339 54236 110558
54236 23339 110558
7379 81699 111969
111969 7379 81699
81699 7379 111969
19737 14060 49942
14060 19737 49942
49942 14060 19737
66471 25124 50647
50647 25124 66471
25124 50647 66471
110425 93133 149969
149969 93133 110425
93133 110425 149969
63113 30544 132847
132847 30544 63113
30544 63113 132847
96113 76997 137635
137635 76997 96113
76997 96113 137635
106350 87920 134004
134004 87920 106350
87920 106350 134004
12602 41468 79068
79068 12602 41468
41468 12602 79068
23995 4297 64414
64414 4297 23995
4297 23995 64414
83767 17053 55748
17053 55748 83767
55748 17053 83767
23062 50401 140035
140035 23062 50401
50401 23062 140035
61709 48446 126279
48446 61709 126279
126279 48446 61709
81882 31654 90461
31654 81882 90461
90461 31654 81882
82576 23574 139720
23574 82576 139720
139720 23574 82576
73974 57337 131311
57337 73974 131311
131311 57337 73974
99824 71115 73688
73688 71115 99824
71115 73688 99824
69704 108271 130454
130454 69704 108271
108271 69704 130454
28031 10655 82603
82603 10655 28031
10655 28031 82603
133896 56256 68883
56256 68883 133896
68883 56256 133896
45322 13363 107029
107029 13363 45322
13363 45322 107029
100226 6785 144514
144514 6785 100226
6785 100226 144514
54980 29249 70787
70787 29249 54980
29249 54980 70787
63072 85599 148708
85599 63072 148708
148708 63072 85599
27734 107307 115241
115241 27734 107307
107307 27734 115241
132523 59475 77726
77726 59475 132523
59475 77726 132523
137889 106924 118342
106924 118342 137889
118342 106924 137889
49136 17322 88781
17322 49136 88781
88781 17322 49136
7522 71111 129547
71111 7522 129547
129547 7522 71111
106195 15640 57266
57266 15640 106195
15640 57266 106195
137415 45438 52173
52173 45438 137415
45438 52173 137415
54057 116703 146900
116703 54057 146900
146900 54057 116703
64010 11089 80158
80158 11089 64010
11089 64010 80158
116574 46597 63449
63449 46597 116574
46597 63449 116574
44116 38730 41443
41443 38730 44116
38730 41443 44116
90772 54912 91114
91114 54912 90772
54912 90772 91114
144342 63378 107932
107932 63378 144342
63378 107932 144342
136705 85497 141176
141176 85497 136705
85497 136705 141176
54646 20369 109866
20369 54646 109866
109866 20369 54646
69109 104080 147544
147544 69109 104080
104080 69109 147544
129346 1267 142107
142107 1267 129346
1267 129346 142107
129932 34929 138973
138973 34929 129932
34929 129932 138973
149154 5376 85646
5376 85646 149154
85646 5376 149154
53661 37601 135497
135497 37601 53661
37601 53661 135497
36224 100148 101718
100148 36224 101718
101718 36224 100148
121595 135927 137766
135927 121595 137766
137766 121595 135927
71089 69427 72685
69427 71089 72685
72685 69427 71089
45817 90111 138263
90111 45817 138263
138263 45817 90111
5757 121532 137173
137173 5757 121532
121532 5757 137173
106786 20026 45704
45704 20026 106786
20026 45704 106786
14609 104794 114570
104794 14609 114570
114570 14609 104794
49237 78146 129922
129922 49237 78146
78146 49237 129922
116638 40010 55455
40010 55455 116638
55455 40010 116638
34434 26565 67470
67470 26565 34434
26565 34434 67470
121870 135709 144225
135709 121870 144225
144225 121870 135709
86546 25275 108670
108670 25275 86546
25275 86546 108670
135176 102418 119211
119211 102418 135176
102418 119211 135176
2007 6066 81956
6066 2007 81956
81956 2007 6066
120625 8792 22054
8792 22054 120625
22054 8792 120625
85235 98922 129331
98922 85235 129331
129331 85235 98922
67363 148749 149493
148749 67363 149493
149493 67363 148749
47727 9944 18363
9944 18363 47727
18363 9944 47727
48262 116399 124783
124783 48262 116399
116399 48262 124783
20989 13384 88652
13384 20989 88652
88652 13384 20989
115813 8263 15190
8263 15190 115813
15190 8263 115813
111764 9943 109172
9943 109172 111764
109172 9943 111764
139905 7005 40098
40098 7005 139905
7005 40098 139905
146676 123147 132077
132077 123147 146676
123147 132077 146676
112477 91858 144191
144191 91858 112477
91858 112477 144191
33669 15014 119939
15014 33669 119939
119939 15014 33669
36288 2503 129688
2503 36288 129688
129688 2503 36288
75054 70222 130725
130725 70222 75054
70222 75054 130725
71062 67030 93008
67030 71062 93008
93008 67030 71062
18543 125516 130135
125516 18543 130135
130135 18543 125516
14857 91746 112857
91746 14857 112857
112857 14857 91746
92676 77037 135559
135559 77037 92676
77037 92676 135559
140397 4660 27078
4660 27078 140397
27078 4660 140397
17219 53188 82279
82279 17219 53188
53188 17219 82279
55855 41260 98134
98134 41260 55855
41260 55855 98134
20580 85964 111977
111977 20580 85964
85964 20580 111977
138021 14581 129114
129114 14581 138021
14581 129114 138021
148517 42415 140302
140302 42415 148517
42415 140302 148517
82683 31446 95298
31446 82683 95298
95298 31446 82683
83398 64925 136350
136350 64925 83398
64925 83398 136350
103973 10874 22909
10874 22909 103973
22909 10874 103973
59706 128298 129520
129520 59706 128298
128298 59706 129520
82116 36879 139834
36879 82116 139834
139834 36879 82116
101954 71580 115931
71580 101954 115931
115931 71580 101954
76289 104097 124035
124035 76289 104097
104097 76289 124035
109227 30534 122987
122987 30534 109227
30534 109227 122987
15862 92540 149157
92540 15862 149157
149157 15862 92540
134519 90371 113400
90371 113400 134519
113400 90371 134519
64273 73493 122826
73493 64273 122826
122826 64273 73493
103143 28105 98992
28105 98992 103143
98992 28105 103143
23784 121598 128339
121598 23784 128339
128339 23784 121598
100203 55705 70748
55705 70748 100203
70748 55705 100203
86420 80586 89073
80586 86420 89073
89073 80586 86420
61288 66080 80928
66080 61288 80928
80928 61288 66080
34332 13084 61270
61270 13084 34332
13084 34332 61270
96091 70460 132925
70460 96091 132925
132925 70460 96091
115133 48477 80736
80736 48477 115133
48477 80736 115133
75518 45727 110751
45727 75518 110751
110751 45727 75518
80166 25231 79145
25231 79145 80166
79145 25231 80166
38329 15827 88379
15827 38329 88379
88379 15827 38329
117060 70766 145788
145788 70766 117060
70766 117060 145788
1804 12303 84797
12303 1804 84797
84797 1804 12303
27577 8680 8770
8680 8770 27577
8770 8680 27577
34345 26049 46971
46971 26049 34345
26049 34345 46971
51530 57637 75505
57637 51530 75505
75505 51530 57637
101654 23200 27292
27292 23200 101654
23200 27292 101654
44975 12833 63952
63952 12833 44975
12833 44975 63952
26959 28683 114561
28683 26959 114561
114561 26959 28683
14837 13133 111564
111564 13133 14837
13133 14837 111564
121098 31166 149980
149980 31166 121098
31166 121098 149980
144551 38990 54902
38990 54902 144551
54902 38990 144551
21673 23898 30149
30149 21673 23898
23898 21673 30149
34346 84408 138621
84408 34346 138621
138621 34346 84408
93106 73066 115622
115622 73066 93106
73066 93106 115622
42392 8192 33593
33593 8192 42392
8192 33593 42392
29747 16392 43411
16392 29747 43411
43411 16392 29747
85943 8540 18267
18267 8540 85943
8540 18267 85943
6641 83312 105931
105931 6641 83312
83312 6641 105931
41040 15941 62897
15941 41040 62897
62897 15941 41040
137075 84782 128369
128369 84782 137075
84782 128369 137075
7834 57340 75300
75300 7834 57340
57340 7834 75300
143661 47374 99774
47374 99774 143661
99774 47374 143661
141475 638 40495
638 40495 141475
40495 638 141475
13953 59880 98079
98079 13953 59880
59880 13953 98079
118652 63556 111143
111143 63556 118652
63556 111143 118652
75452 11024 146006
146006 11024 75452
11024 75452 146006
79259 37111 44057
37111 44057 79259
44057 37111 79259
130092 17369 23886
23886 17369 130092
17369 23886 130092
92253 49051 124123
49051 92253 124123
124123 49051 92253
54300 60880 97159
97159 54300 60880
60880 54300 97159
57017 43953 49890
49890 43953 57017
43953 49890 57017
88737 18170 141660
141660 18170 88737
18170 88737 141660
15739 19972 142335
142335 15739 19972
19972 15739 142335
54638 90056 100895
100895 54638 90056
90056 54638 100895
106238 87292 88202
88202 87292 106238
87292 88202 106238
25412 58876 122574
58876 25412 122574
122574 25412 58876
10016 10170 42121
42121 10016 10170
10170 10016 42121
100712 26589 65644
65644 26589 100712
26589 65644 100712
138480 80195 131632
80195 131632 138480
131632 80195 138480
118540 40480 64651
40480 64651 118540
64651 40480 118540
124818 22446 129350
129350 22446 124818
22446 124818 129350
95006 123562 129797
129797 95006 123562
123562 95006 129797
34378 56585 100989
100989 34378 56585
56585 34378 100989
117005 82324 148516
148516 82324 117005
82324 117005 148516
22792 24599 145614
24599 22792 145614
145614 22792 24599
2679 105159 113178
113178 2679 105159
105159 2679 113178
72842 47024 60855
60855 47024 72842
47024 60855 72842
57234 4508 8834
8834 4508 57234
4508 8834 57234
63995 75587 144438
144438 63995 75587
75587 63995 144438
66358 25596 75655
25596 66358 75655
75655 25596 66358
43977 4471 111373
4471 43977 111373
111373 4471 43977
44924 38983 118466
118466 38983 44924
38983 44924 118466
44605 124373 149946
124373 44605 149946
149946 44605 124373
33291 29051 95018
29051 33291 95018
95018 29051 33291
5792 13631 66082
13631 5792 66082
66082 5792 13631
133550 71997 94370
94370 71997 133550
71997 94370 133550
121214 78162 113243
113243 78162 121214
78162 113243 121214
66493 31944 61892
31944 61892 66493
61892 31944 66493
102975 26346 47503
47503 26346 102975
26346 47503 102975
46264 20217 79174
79174 20217 46264
20217 46264 79174
88337 14584 83591
14584 83591 88337
83591 14584 88337
96199 58989 110977
110977 58989 96199
58989 96199 110977
42496 18846 30914
18846 30914 42496
30914 18846 42496
124245 6670 42176
6670 42176 124245
42176 6670 124245
62713 17347 28920
17347 28920 62713
28920 17347 62713
111540 33576 125461
33576 111540 125461
125461 33576 111540
20533 7677 137844
137844 7677 20533
7677 20533 137844
74359 33832 134747
134747 33832 74359
33832 74359 134747
485 36633 75267
36633 485 75267
75267 485 36633
91129 75208 146452
75208 91129 146452
146452 75208 91129
128022 39498 68408
68408 39498 128022
39498 68408 128022
134216 4931 135269
135269 4931 134216
4931 134216 135269
67977 55475 86555
86555 55475 67977
55475 67977 86555
88812 50123 105713
50123 88812 105713
105713 50123 88812
146684 14900 119416
119416 14900 146684
14900 119416 146684
38461 89559 93786
93786 38461 89559
89559 38461 93786
9426 137701 149524
149524 9426 137701
137701 9426 149524
142559 21687 69706
21687 69706 142559
69706 21687 142559
37362 13556 20923
13556 20923 37362
20923 13556 37362
30024 65940 138885
138885 30024 65940
65940 30024 138885
81961 97225 115453
115453 81961 97225
97225 81961 115453
11244 78305 133799
78305 11244 133799
133799 11244 78305
106119 102816 133187
102816 106119 133187
133187 102816 106119
3027 60471 115526
60471 3027 115526
115526 3027 60471
28935 36866 114117
36866 28935 114117
114117 28935 36866
80477 15380 125085
125085 15380 80477
15380 80477 125085
84508 109666 141217
141217 84508 109666
109666 84508 141217
61247 12470 134674
134674 12470 61247
12470 61247 134674
117351 101299 146324
146324 101299 117351
101299 117351 146324
39905 21930 58227
58227 21930 39905
21930 39905 58227
32556 40902 48810
40902 32556 48810
48810 32556 40902
54010 40289 88334
40289 54010 88334
88334 40289 54010
126184 14190 75433
75433 14190 126184
14190 75433 126184
9973 44997 56003
56003 9973 44997
44997 9973 56003
73755 48938 128785
128785 48938 73755
48938 73755 128785
105774 49677 65128
49677 65128 105774
65128 49677 105774
134833 89223 130211
130211 89223 134833
89223 130211 134833
12261 102363 145913
102363 12261 145913
145913 12261 102363
48585 21574 110370
21574 48585 110370
110370 21574 48585
135030 16597 84962
84962 16597 135030
16597 84962 135030
95978 14117 110281
110281 14117 95978
14117 95978 110281
123919 16514 38895
16514 38895 123919
38895 16514 123919
29223 121914 130817
121914 29223 130817
130817 29223 121914
33610 23685 115238
23685 33610 115238
115238 23685 33610
10616 71474 120466
71474 10616 120466
120466 10616 71474
91752 94327 97172
94327 91752 97172
97172 91752 94327
109566 5584 40998
40998 5584 109566
5584 40998 109566
69392 30726 51485
30726 51485 69392
51485 30726 69392
135287 76836 118284
76836 118284 135287
118284 76836 135287
82427 91138 139938
91138 82427 139938
139938 82427 91138
16449 54811 56724
56724 16449 54811
54811 16449 56724
19250 4134 95949
95949 4134 19250
4134 19250 95949
64398 61719 75930
75930 61719 64398
61719 64398 75930
57050 11417 62472
62472 11417 57050
11417 57050 62472
28091 22919 42751
22919 28091 42751
42751 22919 28091
58054 85574 105982
85574 58054 105982
105982 58054 85574
42589 107955 117347
117347 42589 107955
107955 42589 117347
76679 84231 103144
103144 76679 84231
84231 76679 103144
59489 54481 123020
54481 59489 123020
123020 54481 59489
12941 23965 92487
92487 12941 23965
23965 12941 92487
97639 97967 111887
111887 97639 97967
97967 97639 111887
56147 45489 61392
45489 56147 61392
61392 45489 56147
27344 65808 97420
97420 27344 65808
65808 27344 97420
80394 132701 134464
132701 80394 134464
134464 80394 132701
128304 48552 63592
63592 48552 128304
48552 63592 128304
4825 6117 63141
6117 4825 63141
63141 4825 6117
86613 72171 110336
110336 72171 86613
72171 86613 110336
91677 33812 76357
76357 33812 91677
33812 76357 91677
72143 19752 43887
19752 43887 72143
43887 19752 72143
149534 3591 122765
122765 3591 149534
3591 122765 149534
129341 79789 88718
79789 88718 129341
88718 79789 129341
23921 35463 148525
148525 23921 35463
35463 23921 148525
41649 44304 115336
115336 41649 44304
44304 41649 115336
116658 76545 140121
76545 116658 140121
140121 76545 116658
57929 35321 78524
35321 57929 78524
78524 35321 57929
122693 65194 76963
65194 76963 122693
76963 65194 122693
53901 14295 53500
53500 14295 53901
14295 53500 53901
89058 69931 131341
131341 69931 89058
69931 89058 131341
39907 110881 130673
110881 39907 130673
130673 39907 110881
27306 497 110646
110646 497 27306
497 27306 110646
136340 33965 124136
124136 33965 136340
33965 124136 136340
133383 88121 127044
88121 127044 133383
127044 88121 133383
130416 125063 145526
125063 130416 145526
145526 125063 130416
100468 103789 116609
116609 100468 103789
103789 100468 116609
5314 28204 133241
133241 5314 28204
28204 5314 133241
55370 91209 123976
123976 55370 91209
91209 55370 123976
139982 46011 70150
46011 70150 139982
70150 46011 139982
93473 79651 87202
87202 79651 93473
79651 87202 93473
129830 43985 53848
53848 43985 129830
43985 53848 129830
33609 36521 146360
36521 33609 146360
146360 33609 36521
142309 3370 88801
3370 88801 142309
88801 3370 142309
77742 6284 71002
6284 71002 77742
71002 6284 77742
89652 110794 131182
131182 89652 110794
110794 89652 131182
19602 33996 99861
33996 19602 99861
99861 19602 33996
4881 55340 134779
55340 4881 134779
134779 4881 55340
93958 50202 81275
81275 50202 93958
50202 81275 93958
34634 11104 119067
11104 34634 119067
119067 11104 34634
102023 14629 117631
117631 14629 102023
14629 102023 117631
27638 26669 70023
70023 26669 27638
26669 27638 70023
115397 53970 148840
148840 53970 115397
53970 115397 148840
34424 37785 51372
37785 34424 51372
51372 34424 37785
75265 60851 91095
60851 75265 91095
91095 60851 75265
93019 80752 122936
80752 93019 122936
122936 80752 93019
56006 101183 108040
108040 56006 101183
101183 56006 108040
40446 12279 12377
12279 12377 40446
12377 12279 40446
51329 40678 143201
40678 51329 143201
143201 40678 51329
107486 106435 129791
106435 107486 129791
129791 106435 107486
20907 36826 122790
36826 20907 122790
122790 20907 36826
48823 95934 121239
121239 48823 95934
95934 48823 121239
14634 25135 33346
33346 14634 25135
25135 14634 33346
105525 9267 123941
123941 9267 105525
9267 105525 123941
32929 79977 148008
79977 32929 148008
148008 32929 79977
135007 89222 115495
89222 115495 135007
115495 89222 135007
77820 120502 139718
139718 77820 120502
120502 77820 139718
69525 86947 93861
86947 69525 93861
93861 69525 86947
107555 14992 113707
14992 107555 113707
113707 14992 107555
59312 107406 134233
107406 59312 134233
134233 59312 107406
2716 19710 111416
111416 2716 19710
19710 2716 111416
21262 103938 143080
103938 21262 143080
143080 21262 103938
118556 19160 110325
110325 19160 118556
19160 110325 118556
128524 71263 100094
71263 100094 128524
100094 71263 128524
65968 34700 41034
41034 34700 65968
34700 41034 65968
114178 85050 106533
106533 85050 114178
85050 106533 114178
102138 93816 135177
135177 93816 102138
93816 102138 135177
60211 62715 146860
62715 60211 146860
146860 60211 62715
52599 2048 97217
2048 52599 97217
97217 2048 52599
61224 71676 106356
71676 61224 106356
106356 61224 71676
5787 45373 122705
122705 5787 45373
45373 5787 122705
79991 3300 125887
125887 3300 79991
3300 79991 125887
29325 34740 117131
117131 29325 34740
34740 29325 117131
120982 26941 65011
65011 26941 120982
26941 65011 120982
54288 90980 131297
90980 54288 131297
131297 54288 90980
66941 54790 134642
134642 54790 66941
54790 66941 134642
43776 101699 136334
136334 43776 101699
101699 43776 136334
80947 37346 89595
37346 80947 89595
