13014 2218 6364
6364 2218 13014
2218 6364 13014
2862 11891 14599
11891 2862 14599
14599 2862 11891
1380 1270 12482
1270 1380 12482
12482 1270 1380
10566 172 14237
172 10566 14237
14237 172 10566
6835 7935 10879
7935 6835 10879
10879 6835 7935
4413 4114 6088
4114 4413 6088
6088 4114 4413
2083 11215 12742
12742 2083 11215
11215 2083 12742
14804 3227 9054
3227 9054 14804
9054 3227 14804
7698 1943 9822
9822 1943 7698
1943 7698 9822
9236 1226 7257
7257 1226 9236
1226 7257 9236
6792 1046 10202
1046 6792 10202
10202 1046 6792
3222 772 12295
12295 772 3222
772 3222 12295
14779 2012 10542
2012 10542 14779
10542 2012 14779
3165 3044 3069
3044 3069 3165
3069 3044 3165
65 2323 11227
11227 65 2323
2323 65 11227
690 7089 12885
7089 690 12885
12885 690 7089
10704 1220 2915
2915 1220 10704
1220 2915 10704
1836 3489 13822
3489 1836 13822
13822 1836 3489
2884 6809 13402
13402 2884 6809
6809 2884 13402
1242 1144 2484
1144 1242 2484
2484 1144 1242
11359 3180 7769
3180 7769 11359
7769 3180 11359
6986 1271 12753
1271 6986 12753
12753 1271 6986
2809 9502 14345
9502 2809 14345
14345 2809 9502
7646 727 1762
727 1762 7646
1762 727 7646
10970 10682 14454
14454 10682 10970
10682 10970 14454
13729 6888 12547
6888 12547 13729
12547 6888 13729
7675 1200 9839
9839 1200 7675
1200 7675 9839
5629 6529 8725
6529 5629 8725
8725 5629 6529
1536 6476 11414
6476 1536 11414
11414 1536 6476
10016 2088 3501
3501 2088 10016
2088 3501 10016
732 620 3004
620 732 3004
3004 620 732
3183 10852 13798
10852 3183 13798
13798 3183 10852
1439 2090 7384
2090 1439 7384
7384 1439 2090
1754 1418 11145
1418 1754 11145
11145 1418 1754
510 11860 13682
11860 510 13682
13682 510 11860
1917 12215 12958
12958 1917 12215
12215 1917 12958
6060 8878 9510
8878 6060 9510
9510 6060 8878
10578 9828 14254
9828 10578 14254
14254 9828 10578
1810 9558 12891
12891 1810 9558
9558 1810 12891
5598 4259 7221
7221 4259 5598
4259 5598 7221
4723 7569 8766
7569 4723 8766
8766 4723 7569
7464 7712 12238
12238 7464 7712
7712 7464 12238
5019 3271 10878
10878 3271 5019
3271 5019 10878
11533 11275 12966
11275 11533 12966
12966 11275 11533
1004 6385 6953
6385 1004 6953
6953 1004 6385
2316 3743 14501
3743 2316 14501
14501 2316 3743
9116 6316 7846
6316 7846 9116
7846 6316 9116
4704 6026 7358
6026 4704 7358
7358 4704 6026
10598 4596 12156
12156 4596 10598
4596 10598 12156
12632 7700 11408
11408 7700 12632
7700 11408 12632
14917 862 4039
862 4039 14917
4039 862 14917
8528 6454 8776
6454 8528 8776
8776 6454 8528
6727 592 1131
592 1131 6727
1131 592 6727
5543 1735 6712
1735 5543 6712
6712 1735 5543
10406 8680 14846
14846 8680 10406
8680 10406 14846
7421 4294 8902
4294 7421 8902
8902 4294 7421
7742 8307 12677
12677 7742 8307
8307 7742 12677
4702 2281 13112
2281 4702 13112
13112 2281 4702
12596 3720 13553
3720 12596 13553
13553 3720 12596
3049 1021 14696
14696 1021 3049
1021 3049 14696
2086 1763 13401
1763 2086 13401
13401 1763 2086
10258 9948 12860
9948 10258 12860
12860 9948 10258
6314 7278 14314
7278 6314 14314
14314 6314 7278
4389 4026 12783
4026 4389 12783
12783 4026 4389
3063 8012 9493
8012 3063 9493
9493 3063 8012
9442 813 3531
3531 813 9442
813 3531 9442
2380 1956 10266
10266 1956 2380
1956 2380 10266
8079 14406 14591
14591 8079 14406
14406 8079 14591
5495 328 1070
328 1070 5495
1070 328 5495
661 1910 2135
2135 661 1910
1910 661 2135
2223 744 14228
14228 744 2223
744 2223 14228
11473 511 3693
511 3693 11473
3693 511 11473
2001 3939 4288
4288 2001 3939
3939 2001 4288
12377 1728 14117
14117 1728 12377
1728 12377 14117
2152 7485 13773
7485 2152 13773
13773 2152 7485
3677 694 14840
694 3677 14840
14840 694 3677
164 5337 14549
5337 164 14549
14549 164 5337
11692 4608 11122
4608 11122 11692
11122 4608 11692
6763 5012 12412
5012 6763 12412
12412 5012 6763
3361 14509 14984
14509 3361 14984
14984 3361 14509
14359 5449 12611
5449 12611 14359
12611 5449 14359
244 8154 11635
11635 244 8154
8154 244 11635
8301 13587 13767
13767 8301 13587
13587 8301 13767
13427 17 9395
17 9395 13427
9395 17 13427
13905 2536 12196
2536 12196 13905
12196 2536 13905
3754 6931 11763
6931 3754 11763
11763 3754 6931
4295 6539 12141
6539 4295 12141
12141 4295 6539
6063 2638 8824
2638 6063 8824
8824 2638 6063
2172 764 9647
9647 764 2172
764 2172 9647
7715 560 5098
560 5098 7715
5098 560 7715
9165 11889 12875
11889 9165 12875
12875 9165 11889
10207 7228 14830
7228 10207 14830
14830 7228 10207
5121 11974 13061
13061 5121 11974
11974 5121 13061
13326 7242 13764
7242 13326 13764
13764 7242 13326
8688 3409 6272
6272 3409 8688
3409 6272 8688
3017 11844 14780
14780 3017 11844
11844 3017 14780
12769 6661 11250
6661 11250 12769
11250 6661 12769
6407 8303 13211
8303 6407 13211
13211 6407 8303
6923 7920 9702
7920 6923 9702
9702 6923 7920
4140 3449 8034
8034 3449 4140
3449 4140 8034
8487 2329 9301
9301 2329 8487
2329 8487 9301
12848 10820 12693
12693 10820 12848
10820 12693 12848
6353 4692 12351
12351 4692 6353
4692 6353 12351
13292 323 10955
323 10955 13292
10955 323 13292
1374 3663 14895
14895 1374 3663
3663 1374 14895
4620 3624 11247
11247 3624 4620
3624 4620 11247
12759 1354 14223
1354 12759 14223
14223 1354 12759
1865 5623 14609
5623 1865 14609
14609 1865 5623
6764 12122 12570
12122 6764 12570
12570 6764 12122
7310 3648 6431
3648 6431 7310
6431 3648 7310
3285 5366 12666
12666 3285 5366
5366 3285 12666
13501 7601 12913
7601 12913 13501
12913 7601 13501
1370 6003 9731
6003 1370 9731
9731 1370 6003
3410 276 2649
276 2649 3410
2649 276 3410
5688 12025 13609
13609 5688 12025
12025 5688 13609
5690 4567 7780
7780 4567 5690
4567 5690 7780
10520 7530 10676
10676 7530 10520
7530 10520 10676
13731 3197 4779
3197 4779 13731
4779 3197 13731
5897 1994 7894
1994 5897 7894
7894 1994 5897
664 1557 12956
1557 664 12956
12956 664 1557
3281 8020 9598
9598 3281 8020
8020 3281 9598
9299 2226 12921
2226 9299 12921
12921 2226 9299
5501 4218 4789
4218 4789 5501
4789 4218 5501
13775 13373 14698
14698 13373 13775
13373 13775 14698
3696 7884 10834
7884 3696 10834
10834 3696 7884
7447 1957 12904
1957 7447 12904
12904 1957 7447
4822 2700 4890
2700 4822 4890
4890 2700 4822
8676 299 7483
299 7483 8676
7483 299 8676
11367 12337 13992
13992 11367 12337
12337 11367 13992
10060 3740 8092
3740 8092 10060
8092 3740 10060
9542 1749 11780
1749 9542 11780
11780 1749 9542
7605 2384 8618
2384 7605 8618
8618 2384 7605
572 4380 6713
6713 572 4380
4380 572 6713
14428 2938 10091
10091 2938 14428
2938 10091 14428
8507 5811 7564
7564 5811 8507
5811 7564 8507
2214 604 2913
2913 604 2214
604 2214 2913
3626 961 8779
8779 961 3626
961 3626 8779
6439 2978 10845
2978 6439 10845
10845 2978 6439
4365 13987 14191
13987 4365 14191
14191 4365 13987
2279 1716 10996
10996 1716 2279
1716 2279 10996
3032 9739 12150
12150 3032 9739
9739 3032 12150
10092 11781 12722
11781 10092 12722
12722 10092 11781
2065 5592 12641
5592 2065 12641
12641 2065 5592
14152 6824 8473
8473 6824 14152
6824 8473 14152
6754 3111 6976
3111 6754 6976
6976 3111 6754
5193 7537 12439
7537 5193 12439
12439 5193 7537
13223 9836 13680
9836 13223 13680
13680 9836 13223
13744 3383 7216
7216 3383 13744
3383 7216 13744
2210 8242 12499
12499 2210 8242
8242 2210 12499
10044 1989 9479
9479 1989 10044
1989 9479 10044
12788 10965 14233
10965 12788 14233
14233 10965 12788
609 2496 14739
14739 609 2496
2496 609 14739
9131 9553 10330
10330 9131 9553
9553 9131 10330
10481 11538 14083
14083 10481 11538
11538 10481 14083
2844 3251 5288
3251 2844 5288
5288 2844 3251
8220 4546 8957
4546 8220 8957
8957 4546 8220
6409 3549 11195
3549 6409 11195
11195 3549 6409
2524 5336 12288
12288 2524 5336
5336 2524 12288
4921 3544 6158
3544 4921 6158
6158 3544 4921
3775 1094 2695
2695 1094 3775
1094 2695 3775
7245 3207 13853
13853 3207 7245
3207 7245 13853
7260 7580 9087
7580 7260 9087
9087 7260 7580
12780 4471 10384
10384 4471 12780
4471 10384 12780
1539 5732 9411
9411 1539 5732
5732 1539 9411
8105 7316 13571
13571 7316 8105
7316 8105 13571
6469 534 2637
2637 534 6469
534 2637 6469
8992 2569 4662
2569 4662 8992
4662 2569 8992
6425 8046 8684
8684 6425 8046
8046 6425 8684
756 3570 8560
8560 756 3570
3570 756 8560
13968 3132 11708
11708 3132 13968
3132 11708 13968
5558 2169 7370
7370 2169 5558
2169 5558 7370
9577 8733 10754
8733 9577 10754
10754 8733 9577
9691 11914 13988
11914 9691 13988
13988 9691 11914
9807 8496 9890
8496 9807 9890
9890 8496 9807
3128 628 7113
628 3128 7113
7113 628 3128
3888 4916 11953
11953 3888 4916
4916 3888 11953
10419 5584 6416
6416 5584 10419
5584 6416 10419
9155 2161 11470
11470 2161 9155
2161 9155 11470
9560 1326 6402
1326 6402 9560
6402 1326 9560
10925 2181 11892
11892 2181 10925
2181 10925 11892
1963 4176 8541
8541 1963 4176
4176 1963 8541
1965 7757 14849
7757 1965 14849
14849 1965 7757
668 1091 14230
14230 668 1091
1091 668 14230
4411 4682 6700
6700 4411 4682
4682 4411 6700
10785 61 2545
61 2545 10785
2545 61 10785
2435 1431 7864
1431 2435 7864
7864 1431 2435
5470 1448 6178
1448 5470 6178
6178 1448 5470
9275 11362 14290
14290 9275 11362
11362 9275 14290
13700 1168 14209
1168 13700 14209
14209 1168 13700
9232 1420 12426
12426 1420 9232
1420 9232 12426
3718 2303 10675
10675 2303 3718
2303 3718 10675
985 2949 9957
9957 985 2949
2949 985 9957
13921 5073 5434
5434 5073 13921
5073 5434 13921
4374 9 10876
10876 9 4374
9 4374 10876
14608 1122 13592
13592 1122 14608
1122 13592 14608
2784 1683 5824
1683 2784 5824
5824 1683 2784
12233 2725 9910
2725 9910 12233
9910 2725 12233
13472 4187 8090
4187 8090 13472
8090 4187 13472
3747 12520 12840
12520 3747 12840
12840 3747 12520
13192 11139 13416
13416 11139 13192
11139 13192 13416
13871 7328 13541
13541 7328 13871
7328 13541 13871
10300 783 1207
1207 783 10300
783 1207 10300
13335 2529 12008
12008 2529 13335
2529 12008 13335
10919 1513 10442
10442 1513 10919
1513 10442 10919
10425 7399 12881
12881 7399 10425
7399 10425 12881
12384 3561 10797
3561 10797 12384
10797 3561 12384
918 348 11948
348 918 11948
11948 348 918
4169 1985 2891
1985 2891 4169
2891 1985 4169
9321 7579 8714
8714 7579 9321
7579 8714 9321
8425 236 7387
7387 236 8425
236 7387 8425
3035 6746 9845
9845 3035 6746
6746 3035 9845
5904 8800 8942
8942 5904 8800
8800 5904 8942
3639 10960 11563
11563 3639 10960
10960 3639 11563
14628 5186 12870
5186 12870 14628
12870 5186 14628
12757 2252 14996
14996 2252 12757
2252 12757 14996
3036 8218 14202
14202 3036 8218
8218 3036 14202
3874 7586 9993
9993 3874 7586
7586 3874 9993
14983 8333 10913
10913 8333 14983
8333 10913 14983
14886 2679 14640
14640 2679 14886
2679 14640 14886
7264 7201 12932
12932 7201 7264
7201 7264 12932
4086 2752 11296
11296 2752 4086
2752 4086 11296
3235 2227 8275
2227 3235 8275
8275 2227 3235
8377 6776 10629
10629 6776 8377
6776 8377 10629
2982 5952 7320
7320 2982 5952
5952 2982 7320
12210 8718 10137
8718 10137 12210
10137 8718 12210
5800 2904 11917
2904 5800 11917
11917 2904 5800
13509 521 8858
521 8858 13509
8858 521 13509
8418 9704 12114
12114 8418 9704
9704 8418 12114
8991 1051 1366
1051 1366 8991
1366 1051 8991
9392 2357 14424
14424 2357 9392
2357 9392 14424
7024 12969 13695
13695 7024 12969
12969 7024 13695
12106 4331 13679
4331 12106 13679
13679 4331 12106
2050 7098 14251
14251 2050 7098
7098 2050 14251
4914 1614 9472
9472 1614 4914
1614 4914 9472
2451 4128 12199
12199 2451 4128
4128 2451 12199
2155 2017 10392
2017 2155 10392
10392 2017 2155
217 5480 11130
11130 217 5480
5480 217 11130
11263 1228 11900
1228 11263 11900
11900 1228 11263
14869 9638 11989
9638 11989 14869
11989 9638 14869
2079 2999 5103
2999 2079 5103
5103 2079 2999
10158 3283 6370
3283 6370 10158
6370 3283 10158
7832 8561 12873
12873 7832 8561
8561 7832 12873
19 767 8734
767 19 8734
8734 19 767
4367 1139 13629
1139 4367 13629
13629 1139 4367
11847 9396 12651
12651 9396 11847
9396 11847 12651
3 1107 5341
5341 3 1107
1107 3 5341
7996 11166 12620
12620 7996 11166
11166 7996 12620
8094 9853 11435
11435 8094 9853
9853 8094 11435
3427 1218 4880
4880 1218 3427
1218 3427 4880
13618 1807 9424
9424 1807 13618
1807 9424 13618
2351 747 2048
747 2048 2351
2048 747 2351
14086 1010 13884
13884 1010 14086
1010 13884 14086
13794 1855 9407
9407 1855 13794
1855 9407 13794
4158 1485 8809
1485 4158 8809
8809 1485 4158
6328 2676 4528
2676 4528 6328
4528 2676 6328
2098 3199 7513
3199 2098 7513
7513 2098 3199
10908 919 7391
919 7391 10908
7391 919 10908
9796 10755 13953
10755 9796 13953
13953 9796 10755
536 1097 14876
1097 536 14876
14876 536 1097
5290 5658 10320
5658 5290 10320
10320 5290 5658
5730 8482 13848
8482 5730 13848
13848 5730 8482
14190 6995 12328
6995 12328 14190
12328 6995 14190
5399 903 10612
903 5399 10612
10612 903 5399
2685 3324 9893
3324 2685 9893
9893 2685 3324
5240 4634 7831
7831 4634 5240
4634 5240 7831
11472 4512 9049
9049 4512 11472
4512 9049 11472
14533 4687 12599
12599 4687 14533
4687 12599 14533
4588 10923 14298
14298 4588 10923
10923 4588 14298
13217 205 9260
205 9260 13217
9260 205 13217
3580 6817 13290
13290 3580 6817
6817 3580 13290
14496 711 10365
10365 711 14496
711 10365 14496
12347 1958 6163
6163 1958 12347
1958 6163 12347
14512 1588 5335
1588 5335 14512
5335 1588 14512
8357 7371 8652
8652 7371 8357
7371 8357 8652
7212 1852 3156
3156 1852 7212
1852 3156 7212
106 4361 6312
6312 106 4361
4361 106 6312
3051 2410 10495
10495 2410 3051
2410 3051 10495
8129 5078 13531
13531 5078 8129
5078 8129 13531
762 7054 12481
12481 762 7054
7054 762 12481
1984 9667 9824
9667 1984 9824
9824 1984 9667
1751 9148 10213
9148 1751 10213
10213 1751 9148
1721 10634 14211
14211 1721 10634
10634 1721 14211
14396 1387 5512
5512 1387 14396
1387 5512 14396
5571 180 5655
180 5571 5655
5655 180 5571
1172 3170 7325
3170 1172 7325
7325 1172 3170
5642 519 8420
8420 519 5642
519 5642 8420
11305 8566 10123
10123 8566 11305
8566 10123 11305
7621 1801 9541
9541 1801 7621
1801 7621 9541
7518 13724 13958
13724 7518 13958
13958 7518 13724
9470 3815 8008
8008 3815 9470
3815 8008 9470
836 1962 14300
14300 836 1962
1962 836 14300
10914 1982 14691
1982 10914 14691
14691 1982 10914
3617 2011 13963
2011 3617 13963
13963 2011 3617
13295 11000 13036
13036 11000 13295
11000 13036 13295
9246 4972 12422
12422 4972 9246
4972 9246 12422
9569 1236 3306
3306 1236 9569
1236 3306 9569
7704 9231 13399
13399 7704 9231
9231 7704 13399
1291 7474 13902
7474 1291 13902
13902 1291 7474
8762 4926 14879
14879 4926 8762
4926 8762 14879
7595 5369 12686
12686 5369 7595
5369 7595 12686
2511 5627 12652
5627 2511 12652
12652 2511 5627
10102 816 12452
12452 816 10102
816 10102 12452
6495 7828 9725
7828 6495 9725
9725 6495 7828
549 3095 7650
7650 549 3095
3095 549 7650
13929 834 7993
7993 834 13929
834 7993 13929
7880 9564 14515
14515 7880 9564
9564 7880 14515
8227 558 11134
558 8227 11134
11134 558 8227
10631 11550 13328
13328 10631 11550
11550 10631 13328
9029 5738 8693
8693 5738 9029
5738 8693 9029
13085 8321 11087
11087 8321 13085
8321 11087 13085
1529 3586 6404
6404 1529 3586
3586 1529 6404
955 2908 7085
2908 955 7085
7085 955 2908
8710 1740 5144
1740 5144 8710
5144 1740 8710
4109 5536 6941
5536 4109 6941
6941 4109 5536
2247 5425 12988
5425 2247 12988
12988 2247 5425
11668 1007 3608
1007 3608 11668
3608 1007 11668
1336 3649 12093
12093 1336 3649
3649 1336 12093
8729 2302 13782
2302 8729 13782
13782 2302 8729
7429 3537 7643
7643 3537 7429
3537 7429 7643
13397 3465 5827
3465 5827 13397
5827 3465 13397
14360 886 2097
886 2097 14360
2097 886 14360
8194 1214 6029
6029 1214 8194
1214 6029 8194
10332 865 4699
865 4699 10332
4699 865 10332
6870 13366 13453
13453 6870 13366
13366 6870 13453
6293 4609 10210
10210 4609 6293
4609 6293 10210
6723 676 6572
6572 676 6723
676 6572 6723
6049 5798 12338
5798 6049 12338
12338 5798 6049
8177 5609 5659
5659 5609 8177
5609 5659 8177
6195 5466 13801
5466 6195 13801
13801 5466 6195
13389 9952 11108
11108 9952 13389
9952 11108 13389
6466 6919 7022
7022 6466 6919
6919 6466 7022
1123 5223 8228
8228 1123 5223
5223 1123 8228
12556 5612 9718
5612 9718 12556
9718 5612 12556
8428 5822 7406
5822 7406 8428
7406 5822 8428
2481 1082 1937
1937 1082 2481
1082 1937 2481
11191 492 2211
492 2211 11191
2211 492 11191
10198 5192 11876
11876 5192 10198
5192 10198 11876
1286 2743 3702
3702 1286 2743
2743 1286 3702
2144 5324 14463
5324 2144 14463
14463 2144 5324
13065 5007 14575
14575 5007 13065
5007 13065 14575
1727 2293 10507
10507 1727 2293
2293 1727 10507
11731 1637 10688
1637 10688 11731
10688 1637 11731
1206 3179 11242
11242 1206 3179
3179 1206 11242
13514 213 7372
213 7372 13514
7372 213 13514
954 5347 8445
5347 954 8445
8445 954 5347
7633 9752 12782
12782 7633 9752
9752 7633 12782
10630 10015 12340
10015 10630 12340
12340 10015 10630
45 16 4379
16 45 4379
4379 16 45
387 4748 7127
7127 387 4748
4748 387 7127
7295 13778 14851
14851 7295 13778
13778 7295 14851
9003 6116 11238
6116 9003 11238
11238 6116 9003
912 6427 11602
6427 912 11602
11602 912 6427
10427 1692 4489
4489 1692 10427
1692 4489 10427
10702 14758 14988
14758 10702 14988
14988 10702 14758
13711 10012 11431
11431 10012 13711
10012 11431 13711
3594 4467 6391
4467 3594 6391
6391 3594 4467
8066 3975 6017
3975 6017 8066
6017 3975 8066
5804 489 9901
9901 489 5804
489 5804 9901
10056 324 8291
324 8291 10056
8291 324 10056
10601 2585 10847
10847 2585 10601
2585 10601 10847
4050 5534 12682
5534 4050 12682
12682 4050 5534
11149 6783 12721
6783 11149 12721
12721 6783 11149
5550 718 9692
718 5550 9692
9692 718 5550
6850 12350 13273
12350 6850 13273
13273 6850 12350
14370 3851 5400
5400 3851 14370
3851 5400 14370
1715 4268 13068
4268 1715 13068
13068 1715 4268
13735 7517 9968
7517 9968 13735
9968 7517 13735
13558 11646 14319
14319 11646 13558
11646 13558 14319
2317 6711 10655
10655 2317 6711
6711 2317 10655
5883 2514 4857
2514 4857 5883
4857 2514 5883
9721 4598 7791
4598 7791 9721
7791 4598 9721
2101 5712 6067
5712 2101 6067
6067 2101 5712
14989 8638 8649
8649 8638 14989
8638 8649 14989
2264 10673 13897
13897 2264 10673
10673 2264 13897
2579 4691 13693
4691 2579 13693
13693 2579 4691
2788 6428 8474
8474 2788 6428
6428 2788 8474
3070 2021 11776
2021 3070 11776
11776 2021 3070
6755 6230 13153
6230 6755 13153
13153 6230 6755
4933 11286 13683
13683 4933 11286
11286 4933 13683
2965 758 11346
758 2965 11346
11346 758 2965
11066 1679 5126
1679 5126 11066
5126 1679 11066
12505 1124 7946
1124 7946 12505
7946 1124 12505
4460 660 3006
3006 660 4460
660 3006 4460
10769 6350 9855
6350 9855 10769
9855 6350 10769
4823 6225 13597
13597 4823 6225
6225 4823 13597
6965 176 5892
5892 176 6965
176 5892 6965
6077 989 6571
6571 989 6077
989 6077 6571
1251 11033 13247
13247 1251 11033
11033 1251 13247
7469 1999 5289
1999 5289 7469
5289 1999 7469
3503 122 6509
6509 122 3503
122 3503 6509
14075 6302 8632
6302 8632 14075
8632 6302 14075
6984 702 6600
702 6600 6984
6600 702 6984
8318 5085 14167
14167 5085 8318
5085 8318 14167
670 9584 10028
9584 670 10028
10028 670 9584
10793 480 5702
5702 480 10793
480 5702 10793
14703 1511 7893
1511 7893 14703
7893 1511 14703
10007 6980 9777
6980 9777 10007
9777 6980 10007
13079 9354 14790
9354 13079 14790
14790 9354 13079
5515 4911 11874
4911 5515 11874
11874 4911 5515
11517 2263 7865
7865 2263 11517
2263 7865 11517
8981 6162 10607
6162 8981 10607
10607 6162 8981
3928 2817 6750
2817 3928 6750
6750 2817 3928
12614 904 3065
3065 904 12614
904 3065 12614
3908 1531 5673
1531 3908 5673
5673 1531 3908
5429 11603 14398
11603 5429 14398
14398 5429 11603
10429 4300 7644
4300 7644 10429
7644 4300 10429
13178 8542 9837
9837 8542 13178
8542 9837 13178
10398 278 12694
12694 278 10398
278 10398 12694
14596 3363 4894
3363 4894 14596
4894 3363 14596
66 10846 14468
14468 66 10846
10846 66 14468
10395 3052 13977
3052 10395 13977
13977 3052 10395
1163 3030 12239
3030 1163 12239
12239 1163 3030
9949 3621 4959
3621 4959 9949
4959 3621 9949
6651 3524 11280
3524 6651 11280
11280 3524 6651
6825 998 13021
998 6825 13021
13021 998 6825
12476 7427 14630
7427 12476 14630
14630 7427 12476
4076 5998 9951
5998 4076 9951
9951 4076 5998
6587 3234 4840
4840 3234 6587
3234 4840 6587
10360 1264 8999
1264 8999 10360
8999 1264 10360
9181 4844 5777
5777 4844 9181
4844 5777 9181
4626 6304 13816
6304 4626 13816
13816 4626 6304
7112 1048 11288
1048 7112 11288
11288 1048 7112
2115 9642 11302
11302 2115 9642
9642 2115 11302
10235 1075 6701
1075 6701 10235
6701 1075 10235
11653 8625 10334
10334 8625 11653
8625 10334 11653
14320 3097 7441
7441 3097 14320
3097 7441 14320
4842 4615 6689
6689 4615 4842
4615 4842 6689
13745 6523 7926
6523 7926 13745
7926 6523 13745
2988 7060 10741
7060 2988 10741
10741 2988 7060
10510 5475 6960
6960 5475 10510
5475 6960 10510
3460 4578 8389
4578 3460 8389
8389 3460 4578
13504 12661 13298
13298 12661 13504
12661 13298 13504
5129 1858 4276
1858 4276 5129
4276 1858 5129
8432 6693 12097
6693 8432 12097
12097 6693 8432
9545 4202 5286
5286 4202 9545
4202 5286 9545
1831 6270 8516
6270 1831 8516
8516 1831 6270
2411 6947 9050
9050 2411 6947
6947 2411 9050
2301 3881 11100
3881 2301 11100
11100 2301 3881
3455 3114 5632
3114 3455 5632
5632 3114 3455
8782 3991 5481
3991 5481 8782
5481 3991 8782
7114 6666 10169
6666 7114 10169
10169 6666 7114
7927 1154 8682
1154 7927 8682
8682 1154 7927
3067 9176 12385
12385 3067 9176
9176 3067 12385
11257 3150 4957
3150 4957 11257
4957 3150 11257
6091 8 7246
8 6091 7246
7246 8 6091
7393 3633 5219
3633 5219 7393
5219 3633 7393
7107 3553 11221
11221 3553 7107
3553 7107 11221
9077 5041 8553
5041 8553 9077
8553 5041 9077
7663 6033 7392
6033 7392 7663
7392 6033 7663
3666 6440 10620
10620 3666 6440
6440 3666 10620
1823 6211 8900
6211 1823 8900
8900 1823 6211
3800 6131 11246
6131 3800 11246
11246 3800 6131
2935 4254 5613
5613 2935 4254
4254 2935 5613
3413 2489 13617
2489 3413 13617
13617 2489 3413
7767 5403 11625
11625 5403 7767
5403 7767 11625
6658 2399 9776
2399 6658 9776
9776 2399 6658
2392 6933 9141
9141 2392 6933
6933 2392 9141
7298 7154 14572
14572 7154 7298
7154 7298 14572
2602 4001 4551
4001 2602 4551
4551 2602 4001
11977 781 1811
1811 781 11977
781 1811 11977
6555 6053 7096
7096 6053 6555
6053 6555 7096
6879 4878 9267
9267 4878 6879
4878 6879 9267
14169 1180 9761
1180 9761 14169
9761 1180 14169
10055 1796 12348
12348 1796 10055
1796 10055 12348
5168 10329 11526
11526 5168 10329
10329 5168 11526
10394 10367 12409
12409 10367 10394
10367 10394 12409
4075 3814 12212
3814 4075 12212
12212 3814 4075
13475 669 10483
10483 669 13475
669 10483 13475
7696 4160 9574
4160 7696 9574
9574 4160 7696
3078 9145 10927
9145 3078 10927
10927 3078 9145
12222 378 11187
11187 378 12222
378 11187 12222
12843 1143 11769
11769 1143 12843
1143 11769 12843
6766 4636 4949
4949 4636 6766
4636 4949 6766
3008 6896 9209
9209 3008 6896
6896 3008 9209
641 4325 5596
4325 641 5596
5596 641 4325
6005 1277 12070
12070 1277 6005
1277 6005 12070
10230 2556 8450
2556 8450 10230
8450 2556 10230
8811 3236 10204
3236 8811 10204
10204 3236 8811
12754 9694 9781
9694 9781 12754
9781 9694 12754
220 8965 12984
12984 220 8965
8965 220 12984
708 785 13044
13044 708 785
785 708 13044
14632 6418 11218
11218 6418 14632
6418 11218 14632
10551 2175 7830
2175 7830 10551
7830 2175 10551
1656 7013 7333
7333 1656 7013
7013 1656 7333
5829 3392 13895
13895 3392 5829
3392 5829 13895
2792 11759 14511
11759 2792 14511
14511 2792 11759
8200 9309 12088
9309 8200 12088
12088 8200 9309
194 4353 8635
8635 194 4353
4353 194 8635
1748 1576 9550
9550 1576 1748
1576 1748 9550
13258 10033 10063
10033 10063 13258
10063 10033 13258
7068 9151 13544
9151 7068 13544
13544 7068 9151
254 1674 11638
11638 254 1674
1674 254 11638
7834 1397 14451
1397 7834 14451
14451 1397 7834
5974 1564 14754
14754 1564 5974
1564 5974 14754
5330 11226 11566
11566 5330 11226
11226 5330 11566
6490 4982 13426
13426 4982 6490
4982 6490 13426
7382 6914 13398
13398 6914 7382
6914 7382 13398
4303 8368 10304
8368 4303 10304
10304 4303 8368
13961 1140 6528
6528 1140 13961
1140 6528 13961
13457 6109 13241
6109 13241 13457
13241 6109 13457
3865 7306 7842
7306 3865 7842
7842 3865 7306
10829 1179 2907
1179 2907 10829
2907 1179 10829
229 1768 10848
1768 229 10848
10848 229 1768
9237 4752 10759
4752 9237 10759
10759 4752 9237
10569 201 1900
1900 201 10569
201 1900 10569
2479 3322 13357
3322 2479 13357
13357 2479 3322
13031 3099 7860
7860 3099 13031
3099 7860 13031
1890 11748 13157
13157 1890 11748
11748 1890 13157
12179 11721 13428
13428 11721 12179
11721 12179 13428
7999 2627 6327
2627 6327 7999
6327 2627 7999
12735 6012 12086
6012 12086 12735
12086 6012 12735
10112 4046 13825
13825 4046 10112
4046 10112 13825
9378 8309 9813
9813 8309 9378
8309 9378 9813
3644 8010 8852
8010 3644 8852
8852 3644 8010
3151 372 7854
7854 372 3151
372 3151 7854
5453 7534 8704
7534 5453 8704
8704 5453 7534
12909 2321 9042
2321 9042 12909
9042 2321 12909
1848 8077 8759
8759 1848 8077
8077 1848 8759
752 2149 13663
2149 752 13663
13663 752 2149
3472 713 9178
713 3472 9178
9178 713 3472
6025 7606 13028
13028 6025 7606
7606 6025 13028
9548 3844 12967
12967 3844 9548
3844 9548 12967
9454 456 14482
14482 456 9454
456 9454 14482
13141 5177 7270
5177 7270 13141
7270 5177 13141
13962 5490 9437
9437 5490 13962
5490 9437 13962
8484 5959 13979
13979 5959 8484
5959 8484 13979
8905 3526 10057
3526 8905 10057
10057 3526 8905
8987 3750 4718
4718 3750 8987
3750 4718 8987
830 4784 6480
6480 830 4784
4784 830 6480
6000 7434 12113
12113 6000 7434
7434 6000 12113
5848 10203 12281
12281 5848 10203
10203 5848 12281
7817 10072 11190
10072 7817 11190
11190 7817 10072
2905 4045 11433
11433 2905 4045
4045 2905 11433
12182 11163 11323
11163 11323 12182
11323 11163 12182
14639 2682 11322
2682 11322 14639
11322 2682 14639
14623 788 3853
788 3853 14623
3853 788 14623
406 8786 14172
8786 406 14172
14172 406 8786
8293 4601 4764
4601 4764 8293
4764 4601 8293
7334 1288 7921
7921 1288 7334
1288 7334 7921
8295 1554 8080
8080 1554 8295
1554 8080 8295
2667 221 10600
221 2667 10600
10600 221 2667
6040 6214 11214
11214 6040 6214
6214 6040 11214
3646 9439 10130
10130 3646 9439
9439 3646 10130
10013 13519 14506
14506 10013 13519
13519 10013 14506
1149 1834 6527
6527 1149 1834
1834 1149 6527
8570 488 2230
488 2230 8570
2230 488 8570
10165 2364 6326
2364 6326 10165
6326 2364 10165
13094 4247 10430
4247 10430 13094
10430 4247 13094
11105 4927 9601
4927 9601 11105
9601 4927 11105
4217 2414 3437
3437 2414 4217
2414 3437 4217
3728 3672 9160
3672 3728 9160
9160 3672 3728
10228 407 7760
7760 407 10228
407 7760 10228
4116 4980 12427
12427 4116 4980
4980 4116 12427
4613 7192 12244
12244 4613 7192
7192 4613 12244
9329 7861 11147
7861 9329 11147
11147 7861 9329
5751 1934 2866
2866 1934 5751
1934 2866 5751
10892 2662 9546
2662 9546 10892
9546 2662 10892
4208 4371 13005
4371 4208 13005
13005 4208 4371
11830 4853 5670
4853 5670 11830
5670 4853 11830
5426 5035 9756
5035 5426 9756
9756 5035 5426
13869 445 11096
11096 445 13869
445 11096 13869
2201 82 14825
14825 82 2201
82 2201 14825
1155 4110 8051
4110 1155 8051
8051 1155 4110
932 1197 4497
4497 932 1197
1197 932 4497
1729 2504 7102
2504 1729 7102
7102 1729 2504
14908 13408 13474
13408 13474 14908
13474 13408 14908
4011 8448 12683
8448 4011 12683
12683 4011 8448
7018 13056 14372
13056 7018 14372
14372 7018 13056
12335 7305 14827
14827 7305 12335
7305 12335 14827
7046 8133 10529
10529 7046 8133
8133 7046 10529
5745 8654 10613
8654 5745 10613
10613 5745 8654
2209 1870 10679
10679 1870 2209
1870 2209 10679
13831 5545 7868
5545 7868 13831
7868 5545 13831
5771 11138 11543
11543 5771 11138
11138 5771 11543
13262 1339 3263
3263 1339 13262
1339 3263 13262
2199 476 1857
1857 476 2199
476 1857 2199
11416 6940 9607
9607 6940 11416
6940 9607 11416
5340 3707 8282
8282 3707 5340
3707 5340 8282
4470 27 13131
13131 27 4470
27 4470 13131
14307 12105 14389
14389 12105 14307
12105 14307 14389
12467 1404 14471
1404 12467 14471
14471 1404 12467
8646 10672 11726
10672 8646 11726
11726 8646 10672
6237 4735 14589
14589 4735 6237
4735 6237 14589
5299 6443 7457
7457 5299 6443
6443 5299 7457
14420 3520 4398
4398 3520 14420
3520 4398 14420
1562 551 13188
551 1562 13188
13188 551 1562
10580 3141 3185
3141 3185 10580
3185 3141 10580
6948 1257 14797
1257 6948 14797
14797 1257 6948
7876 1372 11503
11503 1372 7876
1372 7876 11503
1049 11709 14194
14194 1049 11709
11709 1049 14194
14048 2616 13299
13299 2616 14048
2616 13299 14048
714 11730 13671
13671 714 11730
11730 714 13671
4629 48 5204
5204 48 4629
48 4629 5204
3808 2127 6834
6834 2127 3808
2127 3808 6834
7453 10136 14313
10136 7453 14313
14313 7453 10136
8963 4621 8587
8587 4621 8963
4621 8587 8963
5671 4354 6397
6397 4354 5671
4354 5671 6397
7048 1278 13463
1278 7048 13463
13463 1278 7048
14187 3400 7026
7026 3400 14187
3400 7026 14187
2933 2964 10790
10790 2933 2964
2964 2933 10790
14041 6789 12889
6789 12889 14041
12889 6789 14041
3645 7799 14025
7799 3645 14025
14025 3645 7799
14208 161 12471
161 12471 14208
12471 161 14208
4586 6281 11022
11022 4586 6281
6281 4586 11022
12973 1551 3751
1551 3751 12973
3751 1551 12973
5242 1100 12359
1100 5242 12359
12359 1100 5242
2422 8329 11167
8329 2422 11167
11167 2422 8329
5737 7280 12776
12776 5737 7280
7280 5737 12776
1304 897 11826
897 1304 11826
11826 897 1304
9348 8328 12392
12392 8328 9348
8328 9348 12392
13259 6505 8875
8875 6505 13259
6505 8875 13259
5595 4407 4672
4672 4407 5595
4407 4672 5595
2782 2766 14301
2766 2782 14301
14301 2766 2782
10894 2436 11155
11155 2436 10894
2436 10894 11155
4533 12303 13686
12303 4533 13686
13686 4533 12303
14893 3155 4021
4021 3155 14893
3155 4021 14893
14297 1029 7616
1029 7616 14297
7616 1029 14297
2459 1167 13922
1167 2459 13922
13922 1167 2459
3996 4652 8289
4652 3996 8289
8289 3996 4652
11991 12640 14282
14282 11991 12640
12640 11991 14282
1019 2828 3559
2828 1019 3559
3559 1019 2828
7186 11228 12972
11228 7186 12972
12972 7186 11228
8150 8470 12173
8470 8150 12173
12173 8150 8470
956 7285 12087
12087 956 7285
7285 956 12087
12195 6308 6536
6536 6308 12195
6308 6536 12195
1262 5105 13746
13746 1262 5105
5105 1262 13746
6496 5861 8627
8627 5861 6496
5861 6496 8627
9036 6520 6623
6520 6623 9036
6623 6520 9036
8236 3536 8330
3536 8236 8330
8330 3536 8236
8937 11682 14316
14316 8937 11682
11682 8937 14316
4080 4147 14259
14259 4080 4147
4147 4080 14259
12895 1043 7998
7998 1043 12895
1043 7998 12895
11401 1038 5244
5244 1038 11401
1038 5244 11401
9729 8862 13251
8862 9729 13251
13251 8862 9729
2344 1603 10719
10719 1603 2344
1603 2344 10719
10656 11023 11290
11290 10656 11023
11023 10656 11290
7676 2027 8101
2027 7676 8101
8101 2027 7676
2833 12442 13547
13547 2833 12442
12442 2833 13547
4575 542 4038
542 4038 4575
4038 542 4575
1565 1423 3704
3704 1423 1565
1423 1565 3704
12720 2888 4032
2888 4032 12720
4032 2888 12720
5604 179 11154
179 5604 11154
11154 179 5604
10362 7820 8018
8018 7820 10362
7820 8018 10362
9363 10058 13812
10058 9363 13812
13812 9363 10058
3917 5211 5764
5764 3917 5211
5211 3917 5764
11806 2768 7479
2768 7479 11806
7479 2768 11806
8843 801 6173
801 6173 8843
6173 801 8843
313 2472 3311
3311 313 2472
2472 313 3311
8045 539 10276
10276 539 8045
539 8045 10276
1034 1636 8284
8284 1034 1636
1636 1034 8284
3662 12291 13315
12291 3662 13315
13315 3662 12291
14315 7535 9812
7535 9812 14315
9812 7535 14315
14682 10050 14878
10050 14682 14878
14878 10050 14682
2273 8870 12023
8870 2273 12023
12023 2273 8870
333 3310 9900
9900 333 3310
3310 333 9900
1272 601 1640
1640 601 1272
601 1272 1640
5748 812 9876
9876 812 5748
812 5748 9876
5476 10105 10858
10105 5476 10858
10858 5476 10105
9830 3982 4291
3982 4291 9830
4291 3982 9830
6120 3613 14536
14536 3613 6120
3613 6120 14536
1907 7248 10550
10550 1907 7248
7248 1907 10550
8848 6472 6726
6726 6472 8848
6472 6726 8848
10865 2283 12785
2283 10865 12785
12785 2283 10865
4404 1033 3686
1033 3686 4404
3686 1033 4404
11219 1175 9376
1175 9376 11219
9376 1175 11219
14136 5921 14018
14018 5921 14136
5921 14018 14136
10736 7367 8486
7367 8486 10736
8486 7367 10736
12460 6333 8253
8253 6333 12460
6333 8253 12460
6401 3253 8628
8628 3253 6401
3253 6401 8628
14115 1738 7265
1738 7265 14115
7265 1738 14115
14150 394 14066
14066 394 14150
394 14066 14150
9585 5167 7389
7389 5167 9585
5167 7389 9585
9891 11518 12260
11518 9891 12260
12260 9891 11518
13064 7462 10156
7462 10156 13064
10156 7462 13064
12035 723 10762
723 10762 12035
10762 723 12035
9967 5132 7274
5132 7274 9967
7274 5132 9967
8380 2003 14652
14652 2003 8380
2003 8380 14652
10608 8525 10534
10534 8525 10608
8525 10534 10608
4494 5573 6730
6730 4494 5573
5573 4494 6730
2006 1945 3795
1945 2006 3795
3795 1945 2006
8770 2881 5682
5682 2881 8770
2881 5682 8770
8311 7250 7590
7250 7590 8311
7590 7250 8311
2970 4399 13121
13121 2970 4399
4399 2970 13121
4125 3556 11586
11586 3556 4125
3556 4125 11586
5845 9002 11353
11353 5845 9002
9002 5845 11353
321 2016 6594
6594 321 2016
2016 321 6594
1063 859 14277
859 1063 14277
14277 859 1063
8064 463 8989
8989 463 8064
463 8064 8989
6816 3467 5969
3467 5969 6816
5969 3467 6816
3054 4548 9771
4548 3054 9771
9771 3054 4548
3280 1244 14476
14476 1244 3280
1244 3280 14476
14193 5611 6489
6489 5611 14193
5611 6489 14193
13144 7596 14740
7596 13144 14740
14740 7596 13144
5276 2369 12551
2369 5276 12551
12551 2369 5276
2452 6143 6213
6143 2452 6213
6213 2452 6143
14071 4068 9109
4068 9109 14071
9109 4068 14071
6674 12 12531
12 6674 12531
12531 12 6674
13103 7912 8577
8577 7912 13103
7912 8577 13103
743 1212 2059
2059 743 1212
1212 743 2059
5106 4649 9031
9031 4649 5106
4649 5106 9031
12509 3404 10020
10020 3404 12509
3404 10020 12509
2843 2989 3369
2989 2843 3369
3369 2843 2989
1706 13986 14516
14516 1706 13986
13986 1706 14516
12069 251 13851
251 12069 13851
13851 251 12069
11728 3668 11439
3668 11439 11728
11439 3668 11728
9204 1141 2555
1141 2555 9204
2555 1141 9204
5997 3634 9736
9736 3634 5997
3634 5997 9736
7082 6736 14787
6736 7082 14787
14787 6736 7082
13345 2389 4179
2389 4179 13345
4179 2389 13345
11617 11457 11951
11457 11617 11951
11951 11457 11617
9322 9533 12258
12258 9322 9533
9533 9322 12258
1669 6702 10636
10636 1669 6702
6702 1669 10636
9014 1493 13215
13215 1493 9014
1493 9014 13215
12537 8336 10941
10941 8336 12537
8336 10941 12537
4929 2054 14248
14248 2054 4929
2054 4929 14248
1279 4481 10684
10684 1279 4481
4481 1279 10684
7126 3496 5396
5396 3496 7126
3496 5396 7126
4485 9523 9675
9675 4485 9523
9523 4485 9675
7900 4504 8861
8861 4504 7900
4504 7900 8861
10327 948 9580
9580 948 10327
948 9580 10327
11905 10722 14045
14045 10722 11905
10722 11905 14045
803 335 10513
10513 335 803
335 803 10513
7983 6862 10196
6862 7983 10196
10196 6862 7983
13057 5436 8388
5436 8388 13057
8388 5436 13057
4123 3615 10051
10051 3615 4123
3615 4123 10051
13278 3861 14699
3861 13278 14699
14699 3861 13278
10409 1360 10950
1360 10409 10950
10950 1360 10409
5459 555 11063
555 5459 11063
11063 555 5459
6072 7448 14651
14651 6072 7448
7448 6072 14651
2246 3206 12421
12421 2246 3206
3206 2246 12421
12846 1377 4539
1377 4539 12846
4539 1377 12846
4624 7873 12936
7873 4624 12936
12936 4624 7873
3213 7450 11384
7450 3213 11384
11384 3213 7450
14952 3335 3903
3903 3335 14952
3335 3903 14952
8413 4243 9035
4243 8413 9035
9035 4243 8413
8342 3048 4513
4513 3048 8342
3048 4513 8342
570 6790 8722
8722 570 6790
6790 570 8722
612 9083 10366
9083 612 10366
10366 612 9083
3166 6506 13600
6506 3166 13600
13600 3166 6506
7522 9520 14292
9520 7522 14292
14292 7522 9520
11604 11041 11931
11931 11041 11604
11041 11604 11931
3082 809 9048
9048 809 3082
809 3082 9048
7895 4229 4420
4229 4420 7895
4420 4229 7895
7541 3940 5755
3940 5755 7541
5755 3940 7541
10187 1803 5265
1803 5265 10187
5265 1803 10187
11216 8681 9023
9023 8681 11216
8681 9023 11216
4991 1602 11513
11513 1602 4991
1602 4991 11513
11378 12158 12567
12158 11378 12567
12567 11378 12158
12219 4333 8935
4333 8935 12219
8935 4333 12219
14119 1454 8061
1454 8061 14119
8061 1454 14119
9331 1908 7716
7716 1908 9331
1908 7716 9331
8331 7454 14079
14079 7454 8331
7454 8331 14079
10902 204 11358
204 10902 11358
11358 204 10902
3587 7496 11584
11584 3587 7496
7496 3587 11584
11649 2873 14936
14936 2873 11649
2873 11649 14936
14260 1229 7223
7223 1229 14260
1229 7223 14260
2298 9916 10263
10263 2298 9916
9916 2298 10263
7802 565 12012
12012 565 7802
565 7802 12012
10994 1593 9202
1593 9202 10994
9202 1593 10994
12649 11442 12315
12315 11442 12649
11442 12315 12649
7701 12918 14672
14672 7701 12918
12918 7701 14672
753 8340 11295
11295 753 8340
8340 753 11295
11010 11510 11831
11831 11010 11510
11510 11010 11831
7972 6962 9218
9218 6962 7972
6962 7972 9218
11967 1700 10160
1700 10160 11967
10160 1700 11967
605 4658 9594
9594 605 4658
4658 605 9594
2757 3447 8314
8314 2757 3447
3447 2757 8314
1808 622 916
916 622 1808
622 916 1808
5750 7674 9171
9171 5750 7674
7674 5750 9171
12013 10596 11006
11006 10596 12013
10596 11006 12013
3058 3769 6978
3769 3058 6978
6978 3058 3769
10594 11482 13379
11482 10594 13379
13379 10594 11482
1864 8895 14556
8895 1864 14556
14556 1864 8895
8288 6847 14947
14947 6847 8288
6847 8288 14947
4329 7376 7493
7493 4329 7376
7376 4329 7493
12996 4483 6578
6578 4483 12996
4483 6578 12996
14986 760 10161
760 10161 14986
10161 760 14986
9821 4560 10590
4560 9821 10590
10590 4560 9821
4236 3228 7219
3228 4236 7219
7219 3228 4236
5966 6883 10343
6883 5966 10343
10343 5966 6883
14287 6183 9491
9491 6183 14287
6183 9491 14287
8950 7502 11001
11001 7502 8950
7502 8950 11001
5863 636 13381
636 5863 13381
13381 636 5863
5016 7153 12634
12634 5016 7153
7153 5016 12634
5887 2635 5483
5483 2635 5887
2635 5483 5887
3083 1685 7341
7341 1685 3083
1685 3083 7341
4710 2858 7300
7300 2858 4710
2858 4710 7300
11814 5071 7006
5071 7006 11814
7006 5071 11814
3191 7188 10973
7188 3191 10973
10973 3191 7188
6028 773 6581
6581 773 6028
773 6028 6581
896 2746 5535
5535 896 2746
2746 896 5535
5563 3240 14756
3240 5563 14756
14756 3240 5563
14054 4740 13454
13454 4740 14054
4740 13454 14054
8160 9085 13621
9085 8160 13621
13621 8160 9085
1219 7819 10076
10076 1219 7819
7819 1219 10076
7692 5381 7785
7785 5381 7692
5381 7692 7785
2596 11403 13471
13471 2596 11403
11403 2596 13471
10641 2185 12737
2185 10641 12737
12737 2185 10641
1077 2822 9334
9334 1077 2822
2822 1077 9334
1697 7883 12118
12118 1697 7883
7883 1697 12118
10647 10872 14009
10872 10647 14009
14009 10647 10872
11564 10283 11412
11412 10283 11564
10283 11412 11564
12336 495 6796
6796 495 12336
495 6796 12336
8656 4348 12857
4348 8656 12857
12857 4348 8656
4087 2354 4661
2354 4087 4661
4661 2354 4087
1182 12018 14196
12018 1182 14196
14196 1182 12018
7236 4351 12130
4351 7236 12130
12130 4351 7236
6782 688 11446
11446 688 6782
688 6782 11446
12186 655 5591
5591 655 12186
655 5591 12186
189 2736 7409
2736 189 7409
7409 189 2736
5378 6224 14160
6224 5378 14160
14160 5378 6224
9265 2458 5680
2458 5680 9265
5680 2458 9265
1333 5846 11254
5846 1333 11254
11254 1333 5846
13980 2645 14730
14730 2645 13980
2645 13980 14730
2025 6279 13358
6279 2025 13358
13358 2025 6279
3072 5209 11462
11462 3072 5209
5209 3072 11462
5001 8867 10478
8867 5001 10478
10478 5001 8867
5135 2748 12117
2748 5135 12117
12117 2748 5135
4783 7585 9177
7585 4783 9177
9177 4783 7585
11803 12234 12325
12325 11803 12234
12234 11803 12325
7680 4223 12190
4223 7680 12190
12190 4223 7680
3802 9399 11042
9399 3802 11042
11042 3802 9399
4211 9840 10652
10652 4211 9840
9840 4211 10652
4918 6667 14155
6667 4918 14155
14155 4918 6667
10642 3772 13521
3772 10642 13521
13521 3772 10642
1187 3550 5057
3550 1187 5057
5057 1187 3550
7106 3092 13418
13418 3092 7106
3092 7106 13418
6851 4126 4727
4126 4727 6851
4727 4126 6851
625 7722 13288
13288 625 7722
7722 625 13288
1707 3604 10691
3604 1707 10691
10691 1707 3604
2837 796 4472
796 2837 4472
4472 796 2837
5641 5639 12835
12835 5639 5641
5639 5641 12835
214 7592 13750
7592 214 13750
13750 214 7592
9707 9544 12200
12200 9544 9707
9544 9707 12200
2204 2349 12664
12664 2204 2349
2349 2204 12664
2449 3591 13496
13496 2449 3591
3591 2449 13496
14995 709 1013
709 1013 14995
1013 709 14995
3265 3367 4088
3367 3265 4088
4088 3265 3367
14901 682 7688
682 7688 14901
7688 682 14901
4491 3057 8459
3057 4491 8459
8459 3057 4491
12732 4777 10710
4777 10710 12732
10710 4777 12732
5717 9380 13029
9380 5717 13029
13029 5717 9380
3470 6455 8591
8591 3470 6455
6455 3470 8591
10587 2242 7711
2242 7711 10587
7711 2242 10587
3216 3709 12569
12569 3216 3709
3709 3216 12569
14689 5178 6987
5178 6987 14689
6987 5178 14689
9907 4841 4996
