9471 8324 13020
13020 8324 9471
8324 9471 13020
13643 2173 2697
2697 2173 13643
2173 2697 13643
9204 4919 13888
4919 9204 13888
13888 4919 9204
12283 3152 7531
3152 7531 12283
7531 3152 12283
3005 3962 13302
3962 3005 13302
13302 3005 3962
3917 6648 13655
6648 3917 13655
13655 3917 6648
1214 4751 11546
11546 1214 4751
4751 1214 11546
2492 10478 13466
10478 2492 13466
13466 2492 10478
14861 4495 10445
10445 4495 14861
4495 10445 14861
8625 614 14206
614 8625 14206
14206 614 8625
13567 12253 14263
12253 13567 14263
14263 12253 13567
6920 526 5137
5137 526 6920
526 5137 6920
10295 4953 7773
4953 7773 10295
7773 4953 10295
9451 2139 6713
6713 2139 9451
2139 6713 9451
10582 603 8015
8015 603 10582
603 8015 10582
10259 7372 7417
7372 7417 10259
7417 7372 10259
7240 4647 4716
4716 4647 7240
4647 4716 7240
4731 55 3556
55 3556 4731
3556 55 4731
9275 3535 13580
13580 3535 9275
3535 9275 13580
8113 9317 9654
9317 8113 9654
9654 8113 9317
11309 1108 8979
1108 8979 11309
8979 1108 11309
6277 2892 3329
3329 2892 6277
2892 3329 6277
2007 280 4503
4503 280 2007
280 2007 4503
13555 7767 10254
7767 10254 13555
10254 7767 13555
10734 9234 14834
9234 10734 14834
14834 9234 10734
6330 5196 8567
8567 5196 6330
5196 6330 8567
12474 5732 13210
13210 5732 12474
5732 12474 13210
13496 6348 8210
6348 8210 13496
8210 6348 13496
10714 4193 6366
4193 6366 10714
6366 4193 10714
934 6911 9009
6911 934 9009
9009 934 6911
11199 12646 13463
13463 11199 12646
12646 11199 13463
1634 420 9256
420 1634 9256
9256 420 1634
7909 8775 9205
9205 7909 8775
8775 7909 9205
8539 2200 12662
12662 2200 8539
2200 8539 12662
1153 3059 7090
7090 1153 3059
3059 1153 7090
600 314 11500
314 600 11500
11500 314 600
11808 1636 8854
8854 1636 11808
1636 8854 11808
6120 4356 7703
4356 6120 7703
7703 4356 6120
12683 10935 13325
10935 12683 13325
13325 10935 12683
10220 3673 9895
9895 3673 10220
3673 9895 10220
11714 1256 12678
12678 1256 11714
1256 11714 12678
3833 1385 2813
2813 1385 3833
1385 2813 3833
2523 8085 9267
9267 2523 8085
8085 2523 9267
2422 6024 10129
10129 2422 6024
6024 2422 10129
1722 8525 9382
8525 1722 9382
9382 1722 8525
6574 1622 6046
6046 1622 6574
1622 6046 6574
4269 537 6035
537 4269 6035
6035 537 4269
9428 7257 9915
7257 9428 9915
9915 7257 9428
12072 8721 14307
14307 8721 12072
8721 12072 14307
5909 10695 12004
12004 5909 10695
10695 5909 12004
6 4709 11654
11654 6 4709
4709 6 11654
243 3522 5743
3522 243 5743
5743 243 3522
7922 3645 13660
13660 3645 7922
3645 7922 13660
3888 8056 13459
8056 3888 13459
13459 3888 8056
4463 10481 13342
10481 4463 13342
13342 4463 10481
1039 7437 12775
7437 1039 12775
12775 1039 7437
4245 145 3254
3254 145 4245
145 3254 4245
8505 491 3625
491 3625 8505
3625 491 8505
4837 9090 14522
9090 4837 14522
14522 4837 9090
11268 9799 10654
10654 9799 11268
9799 10654 11268
739 8952 10697
8952 739 10697
10697 739 8952
6114 2586 5897
5897 2586 6114
2586 5897 6114
699 2158 8219
8219 699 2158
2158 699 8219
14100 1329 4038
1329 4038 14100
4038 1329 14100
13665 500 14252
500 13665 14252
14252 500 13665
6554 3164 6371
6371 3164 6554
3164 6371 6554
5050 9598 12800
9598 5050 12800
12800 5050 9598
1361 77 2307
77 1361 2307
2307 77 1361
6419 629 13426
629 6419 13426
13426 629 6419
2696 4950 10879
10879 2696 4950
4950 2696 10879
8939 3395 14855
14855 3395 8939
3395 8939 14855
3674 8137 9044
9044 3674 8137
8137 3674 9044
14054 10457 14892
10457 14054 14892
14892 10457 14054
11672 11064 13556
11064 11672 13556
13556 11064 11672
4563 3976 4790
4790 3976 4563
3976 4563 4790
13392 3744 5376
5376 3744 13392
3744 5376 13392
13382 7077 7607
7607 7077 13382
7077 7607 13382
4162 4058 13236
13236 4058 4162
4058 4162 13236
8948 8382 13873
13873 8382 8948
8382 8948 13873
1940 9974 14744
9974 1940 14744
14744 1940 9974
11749 1475 9308
1475 9308 11749
9308 1475 11749
14443 14362 14938
14938 14362 14443
14362 14443 14938
11788 3678 4578
4578 3678 11788
3678 4578 11788
1476 2334 8052
2334 1476 8052
8052 1476 2334
1394 3162 3394
3394 1394 3162
3162 1394 3394
7639 289 2264
2264 289 7639
289 2264 7639
10321 6007 14013
14013 6007 10321
6007 10321 14013
998 5266 6782
6782 998 5266
5266 998 6782
7561 1318 11985
11985 1318 7561
1318 7561 11985
8380 5165 10228
10228 5165 8380
5165 8380 10228
12812 5126 11492
5126 11492 12812
11492 5126 12812
3571 771 12843
771 3571 12843
12843 771 3571
13734 4028 8607
8607 4028 13734
4028 8607 13734
2682 809 4505
4505 809 2682
809 2682 4505
9309 4061 7307
7307 4061 9309
4061 7307 9309
3544 134 13288
134 3544 13288
13288 134 3544
5201 7284 9217
9217 5201 7284
7284 5201 9217
10119 6522 6863
6863 6522 10119
6522 6863 10119
12721 322 2022
322 2022 12721
2022 322 12721
486 2553 3457
2553 486 3457
3457 486 2553
7515 558 1133
558 1133 7515
1133 558 7515
4004 2351 11864
2351 4004 11864
11864 2351 4004
14969 4516 14828
4516 14828 14969
14828 4516 14969
4189 4496 11301
11301 4189 4496
4496 4189 11301
14503 7942 9957
7942 9957 14503
9957 7942 14503
1871 4367 14447
4367 1871 14447
14447 1871 4367
14805 3508 6722
3508 6722 14805
6722 3508 14805
14666 4313 10238
10238 4313 14666
4313 10238 14666
8702 12118 12898
12118 8702 12898
12898 8702 12118
6737 5075 13672
5075 6737 13672
13672 5075 6737
4133 4253 13068
4253 4133 13068
13068 4133 4253
5986 7719 8392
8392 5986 7719
7719 5986 8392
14000 7455 10705
7455 10705 14000
10705 7455 14000
7031 3655 10691
10691 3655 7031
3655 7031 10691
8766 2280 12891
12891 2280 8766
2280 8766 12891
10876 7321 13953
13953 7321 10876
7321 10876 13953
7685 1992 4758
1992 4758 7685
4758 1992 7685
12613 11339 12486
11339 12486 12613
12486 11339 12613
11428 2640 8742
8742 2640 11428
2640 8742 11428
14039 3821 10137
3821 10137 14039
10137 3821 14039
11260 1766 3501
3501 1766 11260
1766 3501 11260
8365 1647 12367
1647 8365 12367
12367 1647 8365
6546 8856 14711
14711 6546 8856
8856 6546 14711
12806 4363 9126
4363 9126 12806
9126 4363 12806
1339 8423 10971
8423 1339 10971
10971 1339 8423
9880 5411 8207
5411 8207 9880
8207 5411 9880
12694 733 1919
1919 733 12694
733 1919 12694
4577 698 918
918 698 4577
698 918 4577
7962 11811 13529
11811 7962 13529
13529 7962 11811
10400 4667 4858
4667 4858 10400
4858 4667 10400
3654 126 12755
126 3654 12755
12755 126 3654
453 3547 7698
7698 453 3547
3547 453 7698
14190 2174 5661
5661 2174 14190
2174 5661 14190
14032 553 1716
553 1716 14032
1716 553 14032
5811 5093 13184
5093 5811 13184
13184 5093 5811
7117 3749 3936
3936 3749 7117
3749 3936 7117
9626 3857 4296
3857 4296 9626
4296 3857 9626
9199 8300 11835
11835 8300 9199
8300 9199 11835
8637 9028 11829
11829 8637 9028
9028 8637 11829
6933 8841 13048
13048 6933 8841
8841 6933 13048
8677 3724 4986
3724 4986 8677
4986 3724 8677
10924 4975 12409
12409 4975 10924
4975 10924 12409
3173 4147 11710
4147 3173 11710
11710 3173 4147
1596 10130 14718
10130 1596 14718
14718 1596 10130
1414 234 13265
13265 234 1414
234 1414 13265
2414 6015 10433
10433 2414 6015
6015 2414 10433
10088 9332 13063
9332 10088 13063
13063 9332 10088
14692 5535 13590
5535 13590 14692
13590 5535 14692
11036 1652 4832
4832 1652 11036
1652 4832 11036
13149 1749 8303
1749 8303 13149
8303 1749 13149
11877 545 3103
545 3103 11877
3103 545 11877
9568 2805 9262
9262 2805 9568
2805 9262 9568
11844 9714 11573
9714 11573 11844
11573 9714 11844
2783 11021 12950
11021 2783 12950
12950 2783 11021
1416 376 3942
3942 376 1416
376 1416 3942
9912 14585 14829
14829 9912 14585
14585 9912 14829
939 4007 11501
11501 939 4007
4007 939 11501
14436 2427 3819
2427 3819 14436
3819 2427 14436
12749 7203 11875
7203 11875 12749
11875 7203 12749
2670 2373 12204
12204 2373 2670
2373 2670 12204
230 6614 7196
7196 230 6614
6614 230 7196
6119 679 12828
12828 679 6119
679 6119 12828
6991 1152 9885
1152 6991 9885
9885 1152 6991
12389 1591 7461
7461 1591 12389
1591 7461 12389
2462 8230 14052
14052 2462 8230
8230 2462 14052
8276 9616 13809
9616 8276 13809
13809 8276 9616
13963 5241 6931
5241 6931 13963
6931 5241 13963
4060 3732 13608
3732 4060 13608
13608 3732 4060
8029 5627 9237
5627 8029 9237
9237 5627 8029
1989 3903 11319
11319 1989 3903
3903 1989 11319
4340 5911 6034
6034 4340 5911
5911 4340 6034
14835 7599 12993
12993 7599 14835
7599 12993 14835
7666 5753 6183
5753 6183 7666
6183 5753 7666
13413 318 1226
1226 318 13413
318 1226 13413
12172 1661 3294
3294 1661 12172
1661 3294 12172
8533 7008 8127
8127 7008 8533
7008 8127 8533
8636 4284 12807
4284 8636 12807
12807 4284 8636
877 8759 14702
14702 877 8759
8759 877 14702
9439 13834 14497
13834 9439 14497
14497 9439 13834
7355 4288 5843
4288 5843 7355
5843 4288 7355
2913 11595 13204
11595 2913 13204
13204 2913 11595
11998 13175 14372
13175 11998 14372
14372 11998 13175
1695 2512 7308
2512 1695 7308
7308 1695 2512
1918 5699 7177
5699 1918 7177
7177 1918 5699
12966 2942 3396
2942 3396 12966
3396 2942 12966
4072 12612 13483
12612 4072 13483
13483 4072 12612
3748 6944 14536
14536 3748 6944
6944 3748 14536
4823 5805 9313
9313 4823 5805
5805 4823 9313
10307 11802 12405
11802 10307 12405
12405 10307 11802
5134 1777 13166
13166 1777 5134
1777 5134 13166
7906 1841 3349
1841 3349 7906
3349 1841 7906
11969 644 11789
11789 644 11969
644 11789 11969
6413 13651 14008
14008 6413 13651
13651 6413 14008
3226 8620 12062
8620 3226 12062
12062 3226 8620
12133 2996 8947
8947 2996 12133
2996 8947 12133
1208 341 6850
341 1208 6850
6850 341 1208
5545 5064 14257
5064 5545 14257
14257 5064 5545
14420 5563 11247
5563 11247 14420
11247 5563 14420
3100 7160 10689
10689 3100 7160
7160 3100 10689
2060 3480 13868
3480 2060 13868
13868 2060 3480
2431 3862 12937
12937 2431 3862
3862 2431 12937
11979 7917 11708
11708 7917 11979
7917 11708 11979
3423 7128 12143
7128 3423 12143
12143 3423 7128
780 9771 13779
13779 780 9771
9771 780 13779
1277 8540 13770
13770 1277 8540
8540 1277 13770
1568 6906 7761
7761 1568 6906
6906 1568 7761
13411 6437 12675
12675 6437 13411
6437 12675 13411
4398 2844 10158
10158 2844 4398
2844 4398 10158
13671 2481 6131
6131 2481 13671
2481 6131 13671
5852 2894 14380
2894 5852 14380
14380 2894 5852
8262 8756 13592
8756 8262 13592
13592 8262 8756
5428 3775 10860
3775 5428 10860
10860 3775 5428
6225 9017 13569
9017 6225 13569
13569 6225 9017
6164 2936 6013
2936 6013 6164
6013 2936 6164
1530 9035 14568
14568 1530 9035
9035 1530 14568
6379 7094 7876
7876 6379 7094
7094 6379 7876
5025 1886 8868
8868 1886 5025
1886 5025 8868
8425 268 8081
8081 268 8425
268 8081 8425
14105 570 5503
5503 570 14105
570 5503 14105
13857 4488 13222
4488 13222 13857
13222 4488 13857
577 811 3362
3362 577 811
811 577 3362
12014 1055 14720
1055 12014 14720
14720 1055 12014
2930 4989 12054
4989 2930 12054
12054 2930 4989
3893 4128 11978
4128 3893 11978
11978 3893 4128
8061 8130 13475
13475 8061 8130
8130 8061 13475
5678 9777 13763
13763 5678 9777
9777 5678 13763
11448 3899 6878
3899 6878 11448
6878 3899 11448
4662 975 8944
8944 975 4662
975 4662 8944
10799 7394 10023
10023 7394 10799
7394 10023 10799
10055 1810 2690
1810 2690 10055
2690 1810 10055
5388 3030 14072
14072 3030 5388
3030 5388 14072
3905 9378 13950
9378 3905 13950
13950 3905 9378
9300 1924 5628
5628 1924 9300
1924 5628 9300
4881 1033 3825
3825 1033 4881
1033 3825 4881
8847 4433 7040
7040 4433 8847
4433 7040 8847
4521 4834 6521
4834 4521 6521
6521 4521 4834
14745 3866 8500
8500 3866 14745
3866 8500 14745
7212 755 3125
755 3125 7212
3125 755 7212
11545 8325 13802
13802 8325 11545
8325 11545 13802
746 9197 13427
13427 746 9197
9197 746 13427
1980 10017 12570
12570 1980 10017
10017 1980 12570
14117 4399 13822
4399 13822 14117
13822 4399 14117
2291 12035 13885
13885 2291 12035
12035 2291 13885
5973 5964 14152
5964 5973 14152
14152 5964 5973
5508 10477 11027
11027 5508 10477
10477 5508 11027
6917 13605 13712
13605 6917 13712
13712 6917 13605
2455 2914 5830
5830 2455 2914
2914 2455 5830
10042 8205 13883
8205 10042 13883
13883 8205 10042
8189 791 5952
5952 791 8189
791 5952 8189
1461 994 14487
994 1461 14487
14487 994 1461
5267 4621 12255
4621 5267 12255
12255 4621 5267
8591 12804 14286
14286 8591 12804
12804 8591 14286
2972 4841 5127
5127 2972 4841
4841 2972 5127
984 3127 9849
3127 984 9849
9849 984 3127
10636 5139 11103
5139 10636 11103
11103 5139 10636
3907 11283 14974
11283 3907 14974
14974 3907 11283
3971 7627 12513
12513 3971 7627
7627 3971 12513
9336 3113 7251
7251 3113 9336
3113 7251 9336
5808 4813 11882
4813 5808 11882
11882 4813 5808
4448 326 10870
326 4448 10870
10870 326 4448
3143 2679 6309
6309 2679 3143
2679 3143 6309
6907 2372 9519
2372 6907 9519
9519 2372 6907
1328 5672 10857
10857 1328 5672
5672 1328 10857
1284 2916 5867
2916 1284 5867
5867 1284 2916
9061 2709 8832
8832 2709 9061
2709 8832 9061
8699 2315 12865
12865 2315 8699
2315 8699 12865
2273 5780 10979
10979 2273 5780
5780 2273 10979
6221 9407 12716
12716 6221 9407
9407 6221 12716
9768 2039 4449
4449 2039 9768
2039 4449 9768
8509 10058 11273
11273 8509 10058
10058 8509 11273
8338 5801 9992
5801 8338 9992
9992 5801 8338
9440 5276 10761
10761 5276 9440
5276 9440 10761
5476 5932 12816
5932 5476 12816
12816 5476 5932
1932 2163 8931
2163 1932 8931
8931 1932 2163
10383 10179 14285
10179 10383 14285
14285 10179 10383
2394 10380 10986
10986 2394 10380
10380 2394 10986
13405 2748 3709
2748 3709 13405
3709 2748 13405
4499 93 4485
4485 93 4499
93 4485 4499
5968 1050 5515
1050 5515 5968
5515 1050 5968
3272 569 11227
569 3272 11227
11227 569 3272
6318 805 1308
1308 805 6318
805 1308 6318
2724 946 6541
946 2724 6541
6541 946 2724
13897 11697 12995
11697 12995 13897
12995 11697 13897
3816 9437 10641
10641 3816 9437
9437 3816 10641
14647 1369 2440
2440 1369 14647
1369 2440 14647
6777 643 12026
12026 643 6777
643 6777 12026
2861 2959 9373
9373 2861 2959
2959 2861 9373
1317 11635 14302
14302 1317 11635
11635 1317 14302
12892 8195 9079
8195 9079 12892
9079 8195 12892
11522 8815 11913
11913 8815 11522
8815 11522 11913
5896 90 1293
1293 90 5896
90 1293 5896
7816 12189 13740
12189 7816 13740
13740 7816 12189
2342 6816 12534
6816 2342 12534
12534 2342 6816
9818 5420 7318
5420 7318 9818
7318 5420 9818
1954 6065 11559
6065 1954 11559
11559 1954 6065
5781 6668 8321
6668 5781 8321
8321 5781 6668
12967 2030 11089
11089 2030 12967
2030 11089 12967
6915 6472 9360
6472 6915 9360
9360 6472 6915
7194 1829 4099
4099 1829 7194
1829 4099 7194
6966 921 11592
921 6966 11592
11592 921 6966
10096 1116 1947
1116 1947 10096
1947 1116 10096
10120 2478 5293
5293 2478 10120
2478 5293 10120
10990 2363 13716
13716 2363 10990
2363 10990 13716
3904 3154 6810
3154 3904 6810
6810 3154 3904
5647 3165 13100
13100 3165 5647
3165 5647 13100
7379 9953 13761
13761 7379 9953
9953 7379 13761
4301 6180 13345
6180 4301 13345
13345 4301 6180
5430 1185 6238
1185 5430 6238
6238 1185 5430
11065 2571 9171
2571 9171 11065
9171 2571 11065
2292 2488 6868
2488 2292 6868
6868 2292 2488
8627 3810 13674
13674 3810 8627
3810 8627 13674
13961 795 2216
795 2216 13961
2216 795 13961
5041 997 14029
14029 997 5041
997 5041 14029
14972 1372 14947
1372 14947 14972
14947 1372 14972
6913 2699 3199
3199 2699 6913
2699 3199 6913
12205 368 3153
368 3153 12205
3153 368 12205
6102 4233 6159
6159 4233 6102
4233 6102 6159
10235 3618 9488
9488 3618 10235
3618 9488 10235
5444 7106 10104
7106 5444 10104
10104 5444 7106
3244 4486 9869
4486 3244 9869
9869 3244 4486
14330 3636 12298
3636 12298 14330
12298 3636 14330
12501 5020 12886
5020 12501 12886
12886 5020 12501
3040 8803 8884
8803 3040 8884
8884 3040 8803
6396 2107 14438
14438 2107 6396
2107 6396 14438
10359 6620 14830
6620 10359 14830
14830 6620 10359
4546 2945 5677
2945 4546 5677
5677 2945 4546
6656 6584 6652
6584 6652 6656
6652 6584 6656
598 9331 13661
13661 598 9331
9331 598 13661
1003 7469 12551
7469 1003 12551
12551 1003 7469
394 6415 7337
7337 394 6415
6415 394 7337
8293 7592 12399
12399 7592 8293
7592 8293 12399
10760 5358 8638
5358 8638 10760
8638 5358 10760
697 11055 12869
12869 697 11055
11055 697 12869
8236 4980 8289
8289 4980 8236
4980 8236 8289
11514 5859 11356
5859 11356 11514
11356 5859 11514
14095 7845 10315
10315 7845 14095
7845 10315 14095
1899 8369 10309
10309 1899 8369
8369 1899 10309
11909 953 4585
953 4585 11909
4585 953 11909
7279 2400 8430
8430 2400 7279
2400 7279 8430
10916 8729 10732
10732 8729 10916
8729 10732 10916
8475 1011 4281
4281 1011 8475
1011 4281 8475
13513 2177 10394
10394 2177 13513
2177 10394 13513
12345 5347 14504
5347 12345 14504
14504 5347 12345
10412 9642 14506
9642 10412 14506
14506 9642 10412
1564 8513 8534
8534 1564 8513
8513 1564 8534
4151 32 13940
13940 32 4151
32 4151 13940
3403 4358 14788
14788 3403 4358
4358 3403 14788
6265 2715 3961
2715 3961 6265
3961 2715 6265
7779 2255 2896
2896 2255 7779
2255 2896 7779
3650 4163 5224
4163 3650 5224
5224 3650 4163
9797 3064 5599
3064 5599 9797
5599 3064 9797
6088 7316 10013
7316 6088 10013
10013 6088 7316
10344 2747 10933
2747 10344 10933
10933 2747 10344
1844 1097 5839
5839 1097 1844
1097 1844 5839
14935 7075 7776
7075 7776 14935
7776 7075 14935
14640 11682 11912
11912 11682 14640
11682 11912 14640
3192 11130 11756
11756 3192 11130
11130 3192 11756
14076 1839 9210
1839 9210 14076
9210 1839 14076
3834 10184 12700
12700 3834 10184
10184 3834 12700
13438 6263 8091
8091 6263 13438
6263 8091 13438
1366 10804 14958
10804 1366 14958
14958 1366 10804
1812 8580 9544
9544 1812 8580
8580 1812 9544
13603 5441 13584
13584 5441 13603
5441 13584 13603
8723 9344 11943
9344 8723 11943
11943 8723 9344
2676 6590 14381
14381 2676 6590
6590 2676 14381
5300 10103 14181
10103 5300 14181
14181 5300 10103
12589 1444 10430
10430 1444 12589
1444 10430 12589
12161 4869 10908
4869 10908 12161
10908 4869 12161
6848 744 7994
7994 744 6848
744 6848 7994
1218 12211 13727
13727 1218 12211
12211 1218 13727
2635 1501 7569
7569 1501 2635
1501 2635 7569
7686 1278 9539
1278 7686 9539
9539 1278 7686
2501 372 7471
7471 372 2501
372 2501 7471
859 4966 8181
4966 859 8181
8181 859 4966
12020 10785 13477
13477 10785 12020
10785 12020 13477
5533 6499 12101
12101 5533 6499
6499 5533 12101
5181 4268 12959
12959 4268 5181
4268 5181 12959
5198 5046 11206
5046 5198 11206
11206 5046 5198
2016 4692 12375
12375 2016 4692
4692 2016 12375
1371 5958 10391
10391 1371 5958
5958 1371 10391
1477 2740 3684
2740 1477 3684
3684 1477 2740
14886 4379 14845
4379 14845 14886
14845 4379 14886
9383 5259 12951
12951 5259 9383
5259 9383 12951
11423 2376 14186
14186 2376 11423
2376 11423 14186
11976 5783 8536
5783 8536 11976
8536 5783 11976
5674 2021 8122
8122 2021 5674
2021 5674 8122
4763 2542 6551
2542 4763 6551
6551 2542 4763
14915 3179 10612
10612 3179 14915
3179 10612 14915
4258 5334 8384
5334 4258 8384
8384 4258 5334
10356 3477 13876
3477 10356 13876
13876 3477 10356
14355 5970 8674
8674 5970 14355
5970 8674 14355
1619 12594 14495
14495 1619 12594
12594 1619 14495
483 2839 5607
2839 483 5607
5607 483 2839
8083 4209 10090
4209 8083 10090
10090 4209 8083
6409 246 5475
5475 246 6409
246 5475 6409
14628 498 3155
3155 498 14628
498 3155 14628
8838 1325 10902
1325 8838 10902
10902 1325 8838
13160 4909 10770
10770 4909 13160
4909 10770 13160
1174 6028 10322
10322 1174 6028
6028 1174 10322
4339 3007 9099
3007 4339 9099
9099 3007 4339
1655 9589 13415
9589 1655 13415
13415 1655 9589
6476 2199 13031
2199 6476 13031
13031 2199 6476
4725 814 6117
814 4725 6117
6117 814 4725
10080 11586 14444
14444 10080 11586
11586 10080 14444
7905 9442 13797
9442 7905 13797
13797 7905 9442
3029 965 11938
11938 965 3029
965 3029 11938
2729 9533 12832
12832 2729 9533
9533 2729 12832
1292 5432 11705
5432 1292 11705
11705 1292 5432
5524 8577 12873
8577 5524 12873
12873 5524 8577
1827 2521 10627
10627 1827 2521
2521 1827 10627
13880 541 1951
541 1951 13880
1951 541 13880
1673 490 11442
11442 490 1673
490 1673 11442
11681 1714 3413
1714 3413 11681
3413 1714 11681
1333 1889 5785
1889 1333 5785
5785 1333 1889
4423 409 6044
409 4423 6044
6044 409 4423
12763 10064 13588
13588 10064 12763
10064 12763 13588
13181 6451 9595
6451 9595 13181
9595 6451 13181
4830 6000 14316
14316 4830 6000
6000 4830 14316
397 35 4661
35 397 4661
4661 35 397
143 7925 13230
7925 143 13230
13230 143 7925
11851 6743 6872
6743 6872 11851
6872 6743 11851
6718 1677 7894
7894 1677 6718
1677 6718 7894
3409 6014 13653
6014 3409 13653
13653 3409 6014
5507 2535 10781
2535 5507 10781
10781 2535 5507
12329 5254 5394
5254 5394 12329
5394 5254 12329
1245 4863 11395
11395 1245 4863
4863 1245 11395
1320 5208 11343
5208 1320 11343
11343 1320 5208
4997 2831 7739
7739 2831 4997
2831 4997 7739
13303 2081 2430
2081 2430 13303
2430 2081 13303
12344 646 6347
646 6347 12344
6347 646 12344
1878 5945 13216
5945 1878 13216
13216 1878 5945
7252 4482 6593
4482 6593 7252
6593 4482 7252
13056 8911 14106
14106 8911 13056
8911 13056 14106
539 7872 9320
9320 539 7872
7872 539 9320
14382 593 7676
593 7676 14382
7676 593 14382
2595 9380 13730
9380 2595 13730
13730 2595 9380
2085 1225 4244
4244 1225 2085
1225 2085 4244
8823 8267 9925
8267 8823 9925
9925 8267 8823
2484 2323 5905
5905 2323 2484
2323 2484 5905
8379 852 3695
3695 852 8379
852 3695 8379
13135 6284 10488
10488 6284 13135
6284 10488 13135
10629 11202 11587
11587 10629 11202
11202 10629 11587
5391 936 11429
936 5391 11429
11429 936 5391
9851 4240 8902
8902 4240 9851
4240 8902 9851
5548 8450 11093
8450 5548 11093
11093 5548 8450
5693 4698 10535
4698 5693 10535
10535 4698 5693
1862 10728 13151
10728 1862 13151
13151 1862 10728
5141 8980 11264
11264 5141 8980
8980 5141 11264
5125 3638 10100
3638 5125 10100
10100 3638 5125
2013 3669 13276
3669 2013 13276
13276 2013 3669
7932 5868 8882
5868 7932 8882
8882 5868 7932
5071 10847 10915
10915 5071 10847
10847 5071 10915
7074 5881 12837
12837 5881 7074
5881 7074 12837
14237 8494 12685
12685 8494 14237
8494 12685 14237
8340 8221 12296
12296 8221 8340
8221 8340 12296
11760 3949 9990
9990 3949 11760
3949 9990 11760
13238 10142 13764
13764 10142 13238
10142 13238 13764
9032 3232 12128
12128 3232 9032
3232 9032 12128
7254 3622 13021
13021 3622 7254
3622 7254 13021
9303 381 7642
7642 381 9303
381 7642 9303
14769 1393 10801
10801 1393 14769
1393 10801 14769
4098 3121 7722
7722 3121 4098
3121 4098 7722
6206 4008 9871
4008 6206 9871
9871 4008 6206
4538 796 10845
796 4538 10845
10845 796 4538
8875 2529 7263
2529 7263 8875
7263 2529 8875
14243 1221 5840
1221 5840 14243
5840 1221 14243
5676 13586 14426
13586 5676 14426
14426 5676 13586
10549 4740 9724
4740 9724 10549
9724 4740 10549
10811 3611 9219
9219 3611 10811
3611 9219 10811
9018 137 13281
13281 137 9018
137 9018 13281
10049 23 730
730 23 10049
23 730 10049
3540 1316 7229
7229 1316 3540
1316 3540 7229
6640 1998 14578
14578 1998 6640
1998 6640 14578
4318 6785 7968
6785 4318 7968
7968 4318 6785
4413 1901 8499
1901 4413 8499
8499 1901 4413
13755 6085 9259
6085 9259 13755
9259 6085 13755
11169 1894 13000
13000 1894 11169
1894 11169 13000
6998 62 9967
9967 62 6998
62 6998 9967
2570 9963 14476
9963 2570 14476
14476 2570 9963
2393 6465 11772
11772 2393 6465
6465 2393 11772
13197 647 7967
647 7967 13197
7967 647 13197
13308 3660 10043
10043 3660 13308
3660 10043 13308
8821 797 12381
12381 797 8821
797 8821 12381
9955 1267 6334
6334 1267 9955
1267 6334 9955
11394 187 7798
7798 187 11394
187 7798 11394
4308 4884 9359
4884 4308 9359
9359 4308 4884
5813 4260 4654
4260 4654 5813
4654 4260 5813
232 6661 9013
6661 232 9013
9013 232 6661
13550 4598 7957
7957 4598 13550
4598 7957 13550
12863 7594 8905
7594 8905 12863
8905 7594 12863
14658 7495 9254
7495 9254 14658
9254 7495 14658
1452 1659 8752
8752 1452 1659
1659 1452 8752
9158 2332 2550
2332 2550 9158
2550 2332 9158
5501 9995 13357
9995 5501 13357
13357 5501 9995
1482 1 10230
10230 1 1482
1 1482 10230
7791 6462 6569
6462 6569 7791
6569 6462 7791
9609 1769 3800
3800 1769 9609
1769 3800 9609
5912 9564 11360
11360 5912 9564
9564 5912 11360
12432 1864 8780
1864 8780 12432
8780 1864 12432
5248 2229 12007
12007 2229 5248
2229 5248 12007
4895 2574 14872
14872 2574 4895
2574 4895 14872
3487 9555 11331
9555 3487 11331
11331 3487 9555
12343 1927 11945
11945 1927 12343
1927 11945 12343
14122 5414 6298
5414 6298 14122
6298 5414 14122
9542 4130 11557
4130 9542 11557
11557 4130 9542
9972 5557 14946
5557 9972 14946
14946 5557 9972
13368 10040 11707
10040 11707 13368
11707 10040 13368
736 515 8537
515 736 8537
8537 515 736
13295 4454 6557
6557 4454 13295
4454 6557 13295
2115 6417 9202
9202 2115 6417
6417 2115 9202
5421 9485 13619
9485 5421 13619
13619 5421 9485
6313 5278 10357
10357 5278 6313
5278 6313 10357
7223 12449 12962
12962 7223 12449
12449 7223 12962
14660 2648 5097
5097 2648 14660
2648 5097 14660
10589 11172 12225
11172 10589 12225
12225 10589 11172
13255 5975 11401
5975 11401 13255
11401 5975 13255
6948 3132 11511
3132 6948 11511
11511 3132 6948
2536 7323 14296
14296 2536 7323
7323 2536 14296
11006 3198 7756
7756 3198 11006
3198 7756 11006
8395 4695 13976
13976 4695 8395
4695 8395 13976
10985 3450 7916
7916 3450 10985
3450 7916 10985
6986 6239 7951
6239 6986 7951
7951 6239 6986
2869 434 7726
434 2869 7726
7726 434 2869
11607 2432 7652
7652 2432 11607
2432 7652 11607
12623 13116 14081
14081 12623 13116
13116 12623 14081
1698 531 7182
7182 531 1698
531 1698 7182
13852 5220 14775
14775 5220 13852
5220 13852 14775
10840 1099 14992
14992 1099 10840
1099 10840 14992
14838 1038 1613
1613 1038 14838
1038 1613 14838
2590 2686 8492
8492 2590 2686
2686 2590 8492
1556 9436 12069
9436 1556 12069
12069 1556 9436
6600 1429 11328
11328 1429 6600
1429 6600 11328
8246 3935 11383
3935 8246 11383
11383 3935 8246
687 3397 14697
3397 687 14697
14697 687 3397
7001 9101 9764
9764 7001 9101
9101 7001 9764
4201 6883 9024
9024 4201 6883
6883 4201 9024
3567 6694 7476
6694 3567 7476
7476 3567 6694
10555 8888 10601
8888 10555 10601
10601 8888 10555
6565 2204 2952
2204 2952 6565
2952 2204 6565
14493 10713 13462
10713 13462 14493
13462 10713 14493
5060 13434 14197
13434 5060 14197
14197 5060 13434
8664 6972 14786
6972 8664 14786
14786 6972 8664
11920 13760 14795
13760 11920 14795
14795 11920 13760
7209 7301 10006
7301 7209 10006
10006 7209 7301
10327 217 8851
8851 217 10327
217 8851 10327
11345 9224 11435
11435 9224 11345
9224 11345 11435
10995 4737 7724
4737 7724 10995
7724 4737 10995
14563 3641 4191
4191 3641 14563
3641 4191 14563
1928 3796 5008
5008 1928 3796
3796 1928 5008
9423 418 7110
7110 418 9423
418 7110 9423
8714 9795 11722
11722 8714 9795
9795 8714 11722
11387 11296 11464
11464 11296 11387
11296 11387 11464
11335 2863 8946
2863 8946 11335
8946 2863 11335
1021 4024 10341
4024 1021 10341
10341 1021 4024
392 5461 10514
5461 392 10514
10514 392 5461
10951 4707 11216
4707 10951 11216
11216 4707 10951
4254 375 11870
375 4254 11870
11870 375 4254
13495 6932 7484
6932 7484 13495
7484 6932 13495
5380 4730 7879
4730 5380 7879
7879 4730 5380
12386 7176 14208
14208 7176 12386
7176 12386 14208
9814 4704 5036
4704 5036 9814
5036 4704 9814
4326 2876 9499
2876 4326 9499
9499 2876 4326
5301 3570 4550
4550 3570 5301
3570 4550 5301
11502 11548 12385
12385 11502 11548
11548 11502 12385
8183 359 4941
4941 359 8183
359 4941 8183
5105 6038 14246
6038 5105 14246
14246 5105 6038
5017 202 7799
202 5017 7799
7799 202 5017
6096 8853 12614
8853 6096 12614
12614 6096 8853
8603 2035 8304
8304 2035 8603
2035 8304 8603
10329 7687 14907
7687 10329 14907
14907 7687 10329
4690 664 13532
13532 664 4690
664 4690 13532
9510 8951 11800
8951 9510 11800
11800 8951 9510
1362 4568 11060
4568 1362 11060
11060 1362 4568
447 2084 7832
7832 447 2084
2084 447 7832
3251 7950 10953
10953 3251 7950
7950 3251 10953
9605 8495 13317
8495 9605 13317
13317 8495 9605
11983 2439 12684
12684 2439 11983
2439 11983 12684
947 1684 11001
1684 947 11001
11001 947 1684
10656 11016 13365
13365 10656 11016
11016 10656 13365
14930 13312 14847
14847 13312 14930
13312 14847 14930
4748 1388 2154
2154 1388 4748
1388 2154 4748
3107 977 2345
2345 977 3107
977 2345 3107
865 4747 8519
4747 865 8519
8519 865 4747
14687 11713 14349
11713 14349 14687
14349 11713 14687
13960 1922 10174
10174 1922 13960
1922 10174 13960
74 5152 12579
12579 74 5152
5152 74 12579
9448 6507 12230
12230 6507 9448
6507 9448 12230
1289 3401 4738
4738 1289 3401
3401 1289 4738
364 2494 11310
2494 364 11310
11310 364 2494
5074 6440 9691
6440 5074 9691
9691 5074 6440
3502 1822 2407
1822 2407 3502
2407 1822 3502
6367 3184 12165
12165 3184 6367
3184 6367 12165
1160 2983 4911
4911 1160 2983
2983 1160 4911
4559 991 11807
991 4559 11807
11807 991 4559
1487 2473 13507
2473 1487 13507
13507 1487 2473
1797 10131 12917
12917 1797 10131
10131 1797 12917
11476 11646 13864
11646 11476 13864
13864 11476 11646
13560 12323 13131
12323 13131 13560
13131 12323 13560
10528 8366 13899
13899 8366 10528
8366 10528 13899
8806 9117 14230
9117 8806 14230
14230 8806 9117
12580 356 11528
11528 356 12580
356 11528 12580
10312 11842 13633
13633 10312 11842
11842 10312 13633
1091 1952 13520
13520 1091 1952
1952 1091 13520
1154 3785 7827
3785 1154 7827
7827 1154 3785
14682 219 9922
219 9922 14682
9922 219 14682
414 2593 7815
2593 414 7815
7815 414 2593
8647 1978 5937
1978 5937 8647
5937 1978 8647
2069 3735 6921
3735 2069 6921
6921 2069 3735
2528 10005 11389
11389 2528 10005
10005 2528 11389
9809 5841 13526
5841 9809 13526
13526 5841 9809
10893 13881 14530
14530 10893 13881
13881 10893 14530
9645 4805 8679
4805 8679 9645
8679 4805 9645
5712 767 12765
12765 767 5712
767 5712 12765
6167 3459 6216
3459 6167 6216
6216 3459 6167
4985 316 6201
6201 316 4985
316 4985 6201
4925 7727 9684
9684 4925 7727
7727 4925 9684
7293 3901 7804
7804 3901 7293
3901 7293 7804
5793 3584 14171
3584 5793 14171
14171 3584 5793
4802 7765 7912
7912 4802 7765
7765 4802 7912
3002 10075 11523
10075 3002 11523
11523 3002 10075
9811 72 10066
72 9811 10066
10066 72 9811
7728 190 11151
190 7728 11151
11151 190 7728
4270 2898 12881
2898 4270 12881
12881 2898 4270
6999 8506 11258
11258 6999 8506
8506 6999 11258
7746 2246 9330
2246 7746 9330
9330 2246 7746
8451 260 2768
2768 260 8451
260 2768 8451
14049 4556 12162
12162 4556 14049
4556 12162 14049
119 46 11431
46 119 11431
11431 46 119
836 778 4303
4303 778 836
778 836 4303
12550 493 2549
493 2549 12550
2549 493 12550
6791 1398 14212
1398 6791 14212
14212 1398 6791
10376 6925 8448
8448 6925 10376
6925 8448 10376
6202 604 14732
604 6202 14732
14732 604 6202
4818 6647 6984
6984 4818 6647
6647 4818 6984
10419 1227 11295
11295 1227 10419
1227 10419 11295
1002 5769 6534
5769 1002 6534
6534 1002 5769
1567 4129 4939
4129 1567 4939
4939 1567 4129
14191 4993 5206
4993 5206 14191
5206 4993 14191
5070 1253 13910
13910 1253 5070
1253 5070 13910
9556 9232 11371
9232 9556 11371
11371 9232 9556
4089 8000 9339
8000 4089 9339
9339 4089 8000
14927 7353 8683
8683 7353 14927
7353 8683 14927
5764 7129 8417
7129 5764 8417
8417 5764 7129
1150 3156 7644
7644 1150 3156
3156 1150 7644
13322 8871 9918
8871 9918 13322
9918 8871 13322
11063 589 2879
589 2879 11063
2879 589 11063
5327 6261 6604
6261 5327 6604
6604 5327 6261
7731 7375 8432
7375 7731 8432
8432 7375 7731
751 10599 12249
10599 751 12249
12249 751 10599
8845 2877 5502
2877 5502 8845
5502 2877 8845
2761 6341 9316
6341 2761 9316
9316 2761 6341
14625 2730 4810
2730 4810 14625
4810 2730 14625
14853 7573 13756
7573 13756 14853
13756 7573 14853
140 7581 8033
8033 140 7581
7581 140 8033
2203 3248 13128
13128 2203 3248
3248 2203 13128
12177 4551 10148
10148 4551 12177
4551 10148 12177
2262 1795 5246
1795 2262 5246
5246 1795 2262
14781 6079 10070
10070 6079 14781
6079 10070 14781
2195 7554 9455
9455 2195 7554
7554 2195 9455
367 2702 14957
14957 367 2702
2702 367 14957
7836 2467 6258
2467 6258 7836
6258 2467 7836
2225 2415 11653
11653 2225 2415
2415 2225 11653
764 2293 3038
3038 764 2293
2293 764 3038
10867 3346 7675
3346 7675 10867
7675 3346 10867
13002 11005 12733
12733 11005 13002
11005 12733 13002
10831 926 8086
8086 926 10831
926 8086 10831
9421 2834 14880
2834 9421 14880
14880 2834 9421
1854 13480 14424
14424 1854 13480
13480 1854 14424
9209 2576 2833
2833 2576 9209
2576 2833 9209
11736 4026 6140
6140 4026 11736
4026 6140 11736
5917 3717 6835
6835 3717 5917
3717 5917 6835
2951 3314 8583
8583 2951 3314
3314 2951 8583
8201 5895 12380
5895 8201 12380
12380 5895 8201
8347 4220 8160
4220 8160 8347
8160 4220 8347
5837 3634 14888
3634 5837 14888
14888 3634 5837
2454 529 5617
529 2454 5617
5617 529 2454
3933 7672 8197
7672 3933 8197
8197 3933 7672
14247 9435 10244
10244 9435 14247
9435 10244 14247
2340 6022 12465
6022 2340 12465
12465 2340 6022
880 365 12086
365 880 12086
12086 365 880
2800 6223 13539
13539 2800 6223
6223 2800 13539
2080 5310 7138
7138 2080 5310
5310 2080 7138
2358 4520 14384
14384 2358 4520
4520 2358 14384
10898 2827 8988
2827 8988 10898
8988 2827 10898
13711 7347 12997
12997 7347 13711
7347 12997 13711
416 3948 5648
5648 416 3948
3948 416 5648
10425 5948 11059
5948 10425 11059
11059 5948 10425
1547 6353 13163
13163 1547 6353
6353 1547 13163
65 8575 8934
8934 65 8575
8575 65 8934
2396 615 6608
6608 615 2396
615 2396 6608
3037 9445 11906
9445 3037 11906
11906 3037 9445
1422 14193 14943
14943 1422 14193
14193 1422 14943
2191 264 5129
264 2191 5129
5129 264 2191
9340 4373 11606
11606 4373 9340
4373 9340 11606
4346 5037 12592
5037 4346 12592
12592 4346 5037
2052 869 11075
869 2052 11075
11075 869 2052
10022 199 485
485 199 10022
199 485 10022
10393 4772 9956
9956 4772 10393
4772 9956 10393
12029 175 4493
4493 175 12029
175 4493 12029
6268 3844 10616
3844 6268 10616
10616 3844 6268
12702 7708 14327
14327 7708 12702
7708 12702 14327
11961 1140 7667
1140 7667 11961
7667 1140 11961
7965 1258 9325
9325 1258 7965
1258 7965 9325
6556 8779 9076
8779 6556 9076
9076 6556 8779
9077 864 14579
864 9077 14579
14579 864 9077
10651 247 3042
3042 247 10651
247 3042 10651
6572 4366 10285
4366 6572 10285
10285 4366 6572
4907 935 11299
11299 935 4907
935 4907 11299
12666 9424 13283
13283 9424 12666
9424 12666 13283
11891 4722 9607
4722 9607 11891
9607 4722 11891
7963 10587 13952
13952 7963 10587
10587 7963 13952
10928 1312 12711
12711 1312 10928
1312 10928 12711
12802 6779 11727
11727 6779 12802
6779 11727 12802
3698 5871 12005
5871 3698 12005
12005 3698 5871
6805 6524 12598
6524 6805 12598
12598 6524 6805
3991 174 12149
12149 174 3991
174 3991 12149
11243 978 10937
10937 978 11243
978 10937 11243
641 5595 6977
6977 641 5595
5595 641 6977
6254 973 10296
973 6254 10296
10296 973 6254
5572 2718 6696
6696 2718 5572
2718 5572 6696
1961 7866 11551
11551 1961 7866
7866 1961 11551
12562 8870 11819
8870 11819 12562
11819 8870 12562
8893 837 13474
837 8893 13474
13474 837 8893
7623 4930 9606
4930 7623 9606
9606 4930 7623
5591 911 9796
9796 911 5591
911 5591 9796
13524 8749 9391
8749 9391 13524
9391 8749 13524
8115 11140 11245
11245 8115 11140
11140 8115 11245
6533 2119 3034
3034 2119 6533
2119 3034 6533
9921 4316 9030
9030 4316 9921
4316 9030 9921
413 4047 7107
4047 413 7107
7107 413 4047
6937 12745 14875
12745 6937 14875
14875 6937 12745
3791 6571 9738
6571 3791 9738
9738 3791 6571
5614 2359 12754
12754 2359 5614
2359 5614 12754
9048 4693 5559
5559 4693 9048
4693 5559 9048
13194 3486 4956
3486 4956 13194
4956 3486 13194
12406 4548 5386
4548 5386 12406
5386 4548 12406
14132 12346 12529
12346 12529 14132
12529 12346 14132
12419 1233 14392
1233 12419 14392
14392 1233 12419
10615 5316 8378
8378 5316 10615
5316 8378 10615
8921 632 13266
13266 632 8921
632 8921 13266
14902 620 6811
620 6811 14902
6811 620 14902
14297 10798 12092
10798 12092 14297
12092 10798 14297
5718 12632 13341
12632 5718 13341
13341 5718 12632
10731 5095 13264
5095 10731 13264
13264 5095 10731
10771 2755 6380
2755 6380 10771
6380 2755 10771
5728 2510 13680
13680 2510 5728
2510 5728 13680
3089 4944 9862
9862 3089 4944
4944 3089 9862
1209 6433 11515
6433 1209 11515
11515 1209 6433
3398 758 3613
758 3398 3613
3613 758 3398
5118 225 3050
3050 225 5118
225 3050 5118
6232 6771 9258
6771 6232 9258
9258 6232 6771
9538 1513 8214
8214 1513 9538
1513 8214 9538
10541 1294 9713
9713 1294 10541
1294 9713 10541
6623 9068 14289
14289 6623 9068
9068 6623 14289
8689 1900 10905
10905 1900 8689
1900 8689 10905
6775 2612 11525
2612 6775 11525
11525 2612 6775
1419 5988 8646
8646 1419 5988
5988 1419 8646
301 6301 14047
14047 301 6301
6301 301 14047
6282 2719 2842
2719 2842 6282
2842 2719 6282
6862 241 2251
2251 241 6862
241 2251 6862
1349 3533 10248
3533 1349 10248
10248 1349 3533
2386 3313 4640
3313 2386 4640
4640 2386 3313
7778 11214 13465
13465 7778 11214
11214 7778 13465
6566 4070 11911
11911 4070 6566
4070 6566 11911
11833 653 14068
653 11833 14068
14068 653 11833
6634 5063 10463
5063 6634 10463
10463 5063 6634
7000 44 1742
1742 44 7000
44 1742 7000
11659 9868 12436
9868 11659 12436
12436 9868 11659
11082 2003 11506
11506 2003 11082
2003 11082 11506
12064 4868 5657
5657 4868 12064
4868 5657 12064
3273 3536 14454
14454 3273 3536
3536 3273 14454
14425 14045 14383
14045 14383 14425
14383 14045 14425
665 2723 9515
2723 665 9515
9515 665 2723
11732 747 10802
747 10802 11732
10802 747 11732
3402 1167 2804
2804 1167 3402
1167 2804 3402
12000 7277 11521
7277 11521 12000
11521 7277 12000
6980 1500 14418
14418 1500 6980
1500 6980 14418
11240 5644 10562
5644 10562 11240
10562 5644 11240
6110 3680 7998
7998 3680 6110
3680 6110 7998
1163 692 12217
692 1163 12217
12217 692 1163
7027 5291 8007
8007 5291 7027
5291 7027 8007
1073 11701 14883
11701 1073 14883
14883 1073 11701
7296 591 4172
591 4172 7296
4172 591 7296
722 1305 3350
1305 722 3350
3350 722 1305
14920 4083 8391
8391 4083 14920
4083 8391 14920
5029 1638 4684
4684 1638 5029
1638 4684 5029
14222 1074 12498
12498 1074 14222
1074 12498 14222
11205 451 1641
1641 451 11205
451 1641 11205
9789 7930 14430
14430 7930 9789
7930 9789 14430
9433 2976 14812
2976 9433 14812
14812 2976 9433
2592 8943 14260
14260 2592 8943
8943 2592 14260
14090 4745 10159
4745 10159 14090
10159 4745 14090
8242 2133 8280
2133 8242 8280
8280 2133 8242
14754 13376 13542
13376 13542 14754
13542 13376 14754
4629 5062 7048
5062 4629 7048
7048 4629 5062
106 900 1173
1173 106 900
900 106 1173
5772 2261 12261
12261 2261 5772
2261 5772 12261
14446 6773 8208
8208 6773 14446
6773 8208 14446
14374 4333 13589
4333 13589 14374
13589 4333 14374
13162 1176 10306
1176 10306 13162
10306 1176 13162
2843 8036 9014
9014 2843 8036
8036 2843 9014
898 1828 10788
1828 898 10788
10788 898 1828
428 3065 14909
3065 428 14909
14909 428 3065
12660 835 11972
11972 835 12660
835 11972 12660
8554 5390 14277
5390 8554 14277
14277 5390 8554
1187 3957 13227
3957 1187 13227
13227 1187 3957
3018 6953 14357
6953 3018 14357
14357 3018 6953
551 3607 9186
9186 551 3607
3607 551 9186
7670 459 10294
459 7670 10294
10294 459 7670
3523 10195 14704
10195 3523 14704
14704 3523 10195
14201 7658 11117
7658 11117 14201
11117 7658 14201
4408 9290 14597
9290 4408 14597
14597 4408 9290
1262 942 1255
1255 942 1262
942 1255 1262
9139 6019 7939
6019 7939 9139
7939 6019 9139
14063 3177 9888
9888 3177 14063
3177 9888 14063
7433 3906 6449
3906 6449 7433
6449 3906 7433
7839 8848 14020
14020 7839 8848
8848 7839 14020
11493 10059 13654
13654 10059 11493
10059 11493 13654
14459 5257 7812
7812 5257 14459
5257 7812 14459
6397 12522 12958
12522 6397 12958
12958 6397 12522
259 10081 13123
13123 259 10081
10081 259 13123
8151 7958 13211
13211 7958 8151
7958 8151 13211
12074 6084 6192
6084 6192 12074
6192 6084 12074
1805 1425 3309
1425 1805 3309
3309 1425 1805
7047 1370 14204
14204 1370 7047
1370 7047 14204
2041 4032 4636
4032 2041 4636
4636 2041 4032
11611 5044 5761
5044 5761 11611
5761 5044 11611
9842 12506 13052
12506 9842 13052
13052 9842 12506
10379 7300 11281
7300 10379 11281
11281 7300 10379
13489 10202 12750
10202 12750 13489
12750 10202 13489
13075 2361 12924
12924 2361 13075
2361 12924 13075
3599 5179 10745
5179 3599 10745
10745 3599 5179
5776 6691 8867
8867 5776 6691
6691 5776 8867
6654 1861 4334
4334 1861 6654
1861 4334 6654
2790 242 13799
13799 242 2790
242 2790 13799
12611 3361 12867
12867 3361 12611
3361 12611 12867
10591 1200 8599
8599 1200 10591
1200 8599 10591
894 1188 5383
5383 894 1188
1188 894 5383
12248 3288 10225
3288 10225 12248
10225 3288 12248
6319 10730 13841
13841 6319 10730
10730 6319 13841
5319 2180 14549
14549 2180 5319
2180 5319 14549
10324 9214 12309
12309 9214 10324
9214 10324 12309
8126 1599 4096
4096 1599 8126
1599 4096 8126
10143 2573 4600
2573 4600 10143
4600 2573 10143
718 6739 11308
11308 718 6739
6739 718 11308
6596 2101 7755
2101 6596 7755
7755 2101 6596
2437 3496 7587
3496 2437 7587
7587 2437 3496
13895 666 2142
666 2142 13895
2142 666 13895
