1240 524 920
920 524 1240
524 920 1240
573 660 968
660 573 968
968 573 660
1210 1382 1477
1477 1210 1382
1382 1210 1477
367 587 851
851 367 587
587 367 851
94 550 1290
550 94 1290
1290 94 550
354 671 905
671 354 905
905 354 671
1125 580 617
617 580 1125
580 617 1125
103 396 794
396 103 794
794 103 396
1008 234 1082
1082 234 1008
234 1008 1082
1447 152 576
576 152 1447
152 576 1447
472 204 1266
1266 204 472
204 472 1266
426 1071 1158
1071 426 1158
1158 426 1071
1410 107 347
347 107 1410
107 347 1410
371 349 1279
349 371 1279
1279 349 371
645 554 991
554 645 991
991 554 645
1292 2 505
505 2 1292
2 505 1292
477 1155 1488
1155 477 1488
1488 477 1155
1035 889 963
963 889 1035
889 963 1035
1373 147 569
147 569 1373
569 147 1373
1139 1045 1481
1481 1045 1139
1045 1139 1481
223 113 335
113 223 335
335 113 223
1060 290 716
290 716 1060
716 290 1060
593 578 1202
578 593 1202
1202 578 593
1234 737 1487
737 1234 1487
1487 737 1234
169 732 1425
1425 169 732
732 169 1425
1223 373 807
807 373 1223
373 807 1223
372 1375 1484
1484 372 1375
1375 372 1484
1415 350 659
350 659 1415
659 350 1415
1187 117 877
877 117 1187
117 877 1187
1115 1339 1459
1339 1115 1459
1459 1115 1339
792 275 990
275 792 990
990 275 792
1021 752 867
752 867 1021
867 752 1021
1428 1042 1356
1356 1042 1428
1042 1356 1428
109 970 1429
1429 109 970
970 109 1429
1336 261 1485
261 1336 1485
1485 261 1336
342 537 718
718 342 537
537 342 718
207 1212 1372
1372 207 1212
1212 207 1372
900 700 1048
1048 700 900
700 900 1048
314 625 690
625 314 690
690 314 625
776 59 1159
59 776 1159
1159 59 776
266 967 1321
967 266 1321
1321 266 967
1128 678 774
678 774 1128
774 678 1128
28 887 1123
887 28 1123
1123 28 887
844 466 964
964 466 844
466 844 964
1038 628 1132
628 1038 1132
1132 628 1038
393 3 855
3 393 855
855 3 393
1239 1206 1394
1394 1206 1239
1206 1239 1394
1012 53 1075
53 1012 1075
1075 53 1012
503 66 820
66 503 820
820 66 503
504 1033 1319
1319 504 1033
1033 504 1319
838 344 1160
344 838 1160
1160 344 838
230 271 1492
1492 230 271
271 230 1492
447 636 1104
1104 447 636
636 447 1104
986 655 1063
655 986 1063
1063 655 986
648 141 1208
1208 141 648
141 648 1208
40 955 1238
1238 40 955
955 40 1238
211 620 784
784 211 620
620 211 784
870 30 422
422 30 870
30 422 870
758 105 1265
105 758 1265
1265 105 758
229 755 933
755 229 933
933 229 755
1108 119 857
119 857 1108
857 119 1108
127 398 1378
1378 127 398
398 127 1378
89 681 765
765 89 681
681 89 765
348 446 704
704 348 446
446 348 704
307 1278 1299
1299 307 1278
1278 307 1299
507 123 476
476 123 507
123 476 507
199 246 973
246 199 973
973 199 246
827 57 1173
1173 57 827
57 827 1173
545 56 683
683 56 545
56 545 683
397 41 574
41 397 574
574 41 397
673 526 647
647 526 673
526 647 673
1020 132 1141
1141 132 1020
132 1020 1141
583 245 724
245 583 724
724 245 583
79 330 631
631 79 330
330 79 631
415 846 1015
1015 415 846
846 415 1015
1228 457 1197
457 1197 1228
1197 457 1228
111 399 530
399 111 530
530 111 399
922 197 1411
197 922 1411
1411 197 922
407 232 1053
232 407 1053
1053 232 407
1335 653 721
653 721 1335
721 653 1335
630 401 571
401 571 630
571 401 630
12 433 1476
1476 12 433
433 12 1476
442 26 1057
1057 26 442
26 442 1057
82 612 720
612 82 720
720 82 612
1300 287 1157
287 1157 1300
1157 287 1300
831 1026 1131
1131 831 1026
1026 831 1131
1412 259 1498
259 1412 1498
1498 259 1412
1066 11 358
11 358 1066
358 11 1066
9 387 761
761 9 387
387 9 761
739 108 1470
108 739 1470
1470 108 739
325 269 1120
1120 269 325
269 325 1120
1480 39 1226
1226 39 1480
39 1226 1480
1186 1281 1468
1468 1186 1281
1281 1186 1468
551 165 795
165 551 795
795 165 551
1189 1126 1270
1270 1126 1189
1126 1189 1270
18 363 772
363 18 772
772 18 363
702 1119 1195
1119 702 1195
1195 702 1119
180 1347 1396
1347 180 1396
1396 180 1347
626 726 1199
726 626 1199
1199 626 726
974 736 1129
736 974 1129
1129 736 974
1348 280 1294
280 1294 1348
1294 280 1348
71 662 786
662 71 786
786 71 662
120 552 622
622 120 552
552 120 622
930 177 1016
1016 177 930
177 930 1016
983 300 1092
1092 300 983
300 983 1092
561 1018 1191
1191 561 1018
1018 561 1191
139 360 637
360 139 637
637 139 360
1392 362 1364
362 1364 1392
1364 362 1392
993 212 1380
212 993 1380
1380 212 993
1091 672 1152
1152 672 1091
672 1091 1152
485 298 1111
298 485 1111
1111 298 485
1001 1359 1371
1371 1001 1359
1359 1001 1371
173 405 1486
405 173 1486
1486 173 405
368 548 694
548 368 694
694 368 548
1420 1227 1483
1227 1420 1483
1483 1227 1420
746 642 1040
642 746 1040
1040 642 746
1062 482 707
707 482 1062
482 707 1062
837 47 652
47 652 837
652 47 837
235 140 1285
1285 140 235
140 235 1285
701 443 866
443 701 866
866 443 701
134 239 806
239 134 806
806 134 239
1318 814 1417
1417 814 1318
814 1318 1417
303 421 779
421 303 779
779 303 421
886 460 1320
1320 460 886
460 886 1320
1090 236 1009
1009 236 1090
236 1009 1090
874 205 936
936 205 874
205 874 936
361 709 1330
709 361 1330
1330 361 709
965 940 1052
1052 940 965
940 965 1052
310 608 971
971 310 608
608 310 971
308 456 614
456 308 614
614 308 456
73 306 333
333 73 306
306 73 333
680 775 1475
1475 680 775
775 680 1475
1260 450 464
464 450 1260
450 464 1260
864 51 895
51 864 895
895 51 864
192 527 1337
1337 192 527
527 192 1337
1094 1236 1443
1236 1094 1443
1443 1094 1236
577 228 240
228 240 577
240 228 577
1288 635 1031
1031 635 1288
635 1031 1288
124 543 572
572 124 543
543 124 572
138 1349 1366
1366 138 1349
1349 138 1366
894 68 1142
1142 68 894
68 894 1142
1312 824 1117
1117 824 1312
824 1117 1312
882 1331 1334
1331 882 1334
1334 882 1331
1496 880 1262
880 1262 1496
1262 880 1496
326 118 685
685 118 326
118 326 685
623 144 1445
1445 144 623
144 623 1445
565 911 1310
911 565 1310
1310 565 911
1436 35 749
35 749 1436
749 35 1436
932 517 676
517 676 932
676 517 932
483 198 417
198 417 483
417 198 483
351 516 1194
1194 351 516
516 351 1194
388 1027 1403
1027 388 1403
1403 388 1027
10 423 805
805 10 423
423 10 805
416 16 395
395 16 416
16 395 416
52 1036 1440
1440 52 1036
1036 52 1440
377 1249 1374
1249 377 1374
1374 377 1249
498 202 919
919 202 498
202 498 919
1168 157 1397
157 1168 1397
1397 157 1168
717 650 850
850 650 717
650 717 850
1105 84 799
84 799 1105
799 84 1105
473 32 1333
1333 32 473
32 473 1333
324 158 876
158 324 876
876 158 324
957 217 1301
217 957 1301
1301 217 957
793 50 1242
1242 50 793
50 793 1242
1220 265 1004
265 1004 1220
1004 265 1220
879 65 1442
65 879 1442
1442 65 879
754 370 904
370 754 904
904 370 754
1316 861 1413
861 1316 1413
1413 861 1316
183 251 515
515 183 251
251 183 515
875 381 1325
381 875 1325
1325 381 875
1149 238 1322
1322 238 1149
238 1149 1322
319 698 705
705 319 698
698 319 705
1106 8 1150
8 1106 1150
1150 8 1106
385 106 1044
1044 106 385
106 385 1044
762 315 1019
1019 315 762
315 762 1019
189 286 444
286 189 444
444 189 286
1399 130 906
130 906 1399
906 130 1399
468 976 1424
976 468 1424
1424 468 976
418 731 1007
731 418 1007
1007 418 731
651 1076 1233
1233 651 1076
1076 651 1233
493 252 1134
1134 252 493
252 493 1134
853 153 686
686 153 853
153 686 853
901 1183 1474
1183 901 1474
1474 901 1183
606 649 1169
649 606 1169
1169 606 649
745 1175 1268
1268 745 1175
1175 745 1268
69 115 1317
1317 69 115
115 69 1317
114 27 1433
1433 27 114
27 114 1433
619 187 1130
1130 187 619
187 619 1130
1118 285 403
403 285 1118
285 403 1118
1214 231 730
730 231 1214
231 730 1214
798 24 860
24 798 860
860 24 798
1342 170 224
170 224 1342
224 170 1342
735 670 1200
1200 670 735
670 735 1200
1296 104 753
104 753 1296
753 104 1296
214 538 865
538 214 865
865 214 538
495 506 1499
1499 495 506
506 495 1499
471 23 435
435 23 471
23 435 471
796 159 813
813 159 796
159 796 813
1050 352 847
352 847 1050
847 352 1050
437 70 610
70 437 610
610 70 437
438 1103 1426
1103 438 1426
1426 438 1103
778 750 852
750 778 852
852 750 778
304 1432 1452
1452 304 1432
1432 304 1452
710 44 711
711 44 710
44 710 711
1188 463 1344
463 1188 1344
1344 463 1188
1466 1121 1381
1121 1381 1466
1381 1121 1466
67 19 1361
19 67 1361
1361 19 67
1298 937 1201
937 1201 1298
1201 937 1298
305 334 613
334 305 613
613 305 334
712 302 338
302 338 712
338 302 712
582 329 1253
1253 329 582
329 582 1253
289 364 1229
1229 289 364
364 289 1229
288 1357 1471
1471 288 1357
1357 288 1471
1179 540 1387
540 1179 1387
1387 540 1179
910 384 1154
384 910 1154
1154 384 910
1095 112 566
566 112 1095
112 566 1095
253 96 452
452 96 253
96 253 452
858 909 1032
909 858 1032
1032 858 909
532 148 321
321 148 532
148 321 532
455 160 427
160 427 455
427 160 455
1271 1143 1180
1180 1143 1271
1143 1180 1271
609 126 513
126 513 609
513 126 609
186 638 1303
638 186 1303
1303 186 638
1368 1251 1360
1360 1251 1368
1251 1360 1368
1198 819 985
985 819 1198
819 985 1198
969 510 1217
510 969 1217
1217 510 969
733 535 590
590 535 733
535 590 733
951 13 293
13 293 951
293 13 951
1163 696 1067
1067 696 1163
696 1067 1163
1275 257 459
257 459 1275
459 257 1275
1218 734 1379
734 1218 1379
1379 734 1218
826 741 1295
1295 741 826
741 826 1295
470 474 1064
1064 470 474
474 470 1064
1138 448 1136
448 1136 1138
1136 448 1138
116 624 1083
1083 116 624
624 116 1083
962 146 802
802 146 962
146 802 962
29 646 1005
1005 29 646
646 29 1005
924 629 1455
1455 629 924
629 924 1455
1352 467 654
467 654 1352
654 467 1352
595 916 1464
916 595 1464
1464 595 916
588 380 544
544 380 588
380 544 588
142 1089 1133
1089 142 1133
1133 142 1089
915 743 811
743 811 915
811 743 915
99 48 1391
48 99 1391
1391 48 99
501 667 1148
1148 501 667
667 501 1148
33 1 1255
1 33 1255
1255 1 33
945 926 1416
1416 926 945
926 945 1416
316 579 1258
1258 316 579
579 316 1258
1054 484 1061
1061 484 1054
484 1054 1061
1500 282 1248
282 1248 1500
1248 282 1500
42 896 1041
1041 42 896
896 42 1041
272 149 166
149 166 272
166 149 272
1363 190 1080
190 1080 1363
1080 190 1363
63 656 1165
1165 63 656
656 63 1165
80 255 602
602 80 255
255 80 602
1414 270 1408
1408 270 1414
270 1408 1414
1493 1377 1490
1490 1377 1493
1377 1490 1493
533 1304 1439
1439 533 1304
1304 533 1439
195 237 934
237 195 934
934 195 237
523 644 1280
1280 523 644
644 523 1280
912 20 1162
1162 20 912
20 912 1162
85 788 890
788 85 890
890 85 788
317 1109 1135
1135 317 1109
1109 317 1135
842 122 542
122 542 842
542 122 842
780 178 343
178 343 780
343 178 780
1404 1421 1469
1421 1404 1469
1469 1404 1421
97 791 822
791 97 822
822 97 791
38 83 1014
1014 38 83
83 38 1014
86 87 313
87 86 313
313 86 87
621 386 897
386 621 897
897 386 621
823 420 981
420 823 981
981 420 823
1389 663 1046
663 1046 1389
1046 663 1389
757 1174 1473
1174 757 1473
1473 757 1174
918 145 843
145 843 918
843 145 918
881 402 695
695 402 881
402 695 881
167 258 555
258 167 555
555 167 258
62 284 1332
284 62 1332
1332 62 284
78 947 1264
1264 78 947
947 78 1264
311 129 150
129 150 311
150 129 311
999 346 1222
346 999 1222
1222 346 999
196 715 1311
1311 196 715
715 196 1311
102 75 605
75 102 605
605 75 102
414 664 1385
664 414 1385
1385 414 664
49 175 1453
175 49 1453
1453 49 175
946 4 490
490 4 946
4 490 946
168 475 1407
475 168 1407
1407 168 475
1478 312 1367
1367 312 1478
312 1367 1478
1216 767 998
767 998 1216
998 767 1216
599 55 568
55 568 599
568 55 599
376 863 1147
863 376 1147
1147 376 863
1449 171 1491
171 1449 1491
1491 171 1449
262 268 332
268 262 332
332 262 268
954 742 883
742 883 954
883 742 954
45 54 518
54 45 518
518 45 54
162 848 1326
848 162 1326
1326 162 848
494 136 956
956 136 494
136 494 956
1002 658 1081
1081 658 1002
658 1002 1081
727 208 497
497 208 727
208 497 727
616 939 1314
1314 616 939
939 616 1314
1306 810 1489
810 1306 1489
1489 810 1306
1144 549 1390
1390 549 1144
549 1144 1390
1272 226 1456
226 1272 1456
1456 226 1272
1434 773 872
872 773 1434
773 872 1434
972 17 995
995 17 972
17 972 995
1422 14 424
424 14 1422
14 424 1422
434 836 1074
1074 434 836
836 434 1074
1244 357 492
357 492 1244
492 357 1244
453 830 1230
1230 453 830
830 453 1230
480 531 1495
1495 480 531
531 480 1495
1287 766 948
766 948 1287
948 766 1287
1086 1243 1423
1423 1086 1243
1243 1086 1423
486 206 449
449 206 486
206 449 486
43 1178 1261
1178 43 1261
1261 43 1178
429 828 1441
828 429 1441
1441 429 828
22 301 1176
1176 22 301
301 22 1176
829 72 1113
1113 72 829
72 829 1113
256 188 563
563 188 256
188 256 563
1025 390 888
390 888 1025
888 390 1025
688 682 1127
1127 682 688
682 688 1127
845 479 1207
1207 479 845
479 845 1207
751 691 1384
691 751 1384
1384 691 751
560 283 340
340 283 560
283 340 560
748 337 1482
337 748 1482
1482 337 748
1003 37 465
465 37 1003
37 465 1003
1084 400 1309
1309 400 1084
400 1084 1309
581 1011 1354
1354 581 1011
1011 581 1354
756 815 873
873 756 815
815 756 873
871 156 176
156 176 871
176 156 871
1065 101 1193
101 1065 1193
1193 101 1065
770 797 1263
1263 770 797
797 770 1263
327 1072 1458
1072 327 1458
1458 327 1072
891 100 331
100 331 891
331 100 891
591 759 1237
1237 591 759
759 591 1237
88 76 425
425 76 88
76 88 425
935 1122 1231
1231 935 1122
1122 935 1231
323 1274 1419
1419 323 1274
1274 323 1419
615 547 944
547 615 944
944 547 615
1343 949 1068
1068 949 1343
949 1068 1343
979 36 594
594 36 979
36 594 979
902 1247 1409
1409 902 1247
1247 902 1409
1444 723 1369
723 1369 1444
1369 723 1444
1058 21 233
233 21 1058
21 233 1058
950 722 1097
1097 722 950
722 950 1097
959 1114 1431
1431 959 1114
1114 959 1431
1328 391 440
440 391 1328
391 440 1328
428 15 1030
15 428 1030
1030 15 428
777 374 1383
374 777 1383
1383 374 777
250 687 699
699 250 687
687 250 699
564 185 1110
1110 185 564
185 564 1110
1308 125 668
668 125 1308
125 668 1308
263 783 1370
1370 263 783
783 263 1370
1087 763 1171
763 1087 1171
1171 763 1087
1257 546 997
997 546 1257
546 997 1257
541 249 1047
1047 249 541
249 541 1047
1323 276 509
276 509 1323
509 276 1323
1293 110 1219
110 1219 1293
1219 110 1293
161 785 1182
785 161 1182
1182 161 785
92 601 1225
601 92 1225
1225 92 601
821 980 1107
980 821 1107
1107 821 980
1098 1034 1283
1034 1098 1283
1283 1034 1098
436 6 923
923 6 436
6 436 923
61 64 216
216 61 64
64 61 216
1345 781 941
941 781 1345
781 941 1345
1170 809 1213
1213 809 1170
809 1170 1213
131 200 585
200 131 585
585 131 200
661 213 1029
1029 213 661
213 661 1029
1254 703 903
903 703 1254
703 903 1254
728 597 1405
1405 597 728
597 728 1405
1437 966 1350
1350 966 1437
966 1350 1437
1289 77 1446
1446 77 1289
77 1289 1446
254 1017 1340
1017 254 1340
1340 254 1017
557 164 789
164 557 789
789 164 557
1259 133 408
133 408 1259
408 133 1259
151 281 525
525 151 281
281 151 525
1156 58 121
121 58 1156
58 121 1156
1256 1028 1284
1028 1256 1284
1284 1028 1256
1346 528 801
528 801 1346
801 528 1346
404 297 462
297 404 462
462 297 404
264 679 1362
1362 264 679
679 264 1362
74 603 953
603 74 953
953 74 603
1406 203 1479
203 1406 1479
1479 203 1406
693 345 1056
1056 345 693
345 693 1056
60 412 633
412 60 633
633 60 412
618 194 675
675 194 618
194 618 675
760 379 607
607 379 760
379 607 760
1427 553 586
586 553 1427
553 586 1427
1269 790 1177
1177 790 1269
790 1177 1269
1286 643 1077
1077 643 1286
643 1077 1286
1461 383 1395
383 1395 1461
1395 383 1461
1276 98 1203
98 1203 1276
1203 98 1276
1497 143 274
274 143 1497
143 274 1497
389 684 1273
1273 389 684
684 389 1273
689 454 1172
454 689 1172
1172 454 689
1024 355 1438
355 1024 1438
1438 355 1024
1196 713 1140
1140 713 1196
713 1140 1196
917 522 1267
522 917 1267
1267 522 917
1291 277 833
277 833 1291
833 277 1291
1185 556 825
556 825 1185
825 556 1185
137 291 1376
291 137 1376
1376 137 291
697 292 869
869 292 697
292 697 869
632 201 977
201 632 977
977 201 632
1093 520 1353
1353 520 1093
520 1093 1353
91 378 1467
378 91 1467
1467 91 378
738 519 1430
519 738 1430
1430 519 738
432 893 1451
893 432 1451
1451 432 893
674 294 627
294 627 674
627 294 674
714 611 1166
1166 611 714
611 714 1166
155 1100 1305
1100 155 1305
1305 155 1100
487 808 1472
1472 487 808
808 487 1472
296 841 1302
1302 296 841
841 296 1302
988 818 1398
1398 818 988
818 988 1398
913 771 1393
1393 771 913
771 913 1393
856 669 878
878 669 856
669 856 878
832 163 1365
1365 163 832
163 832 1365
369 430 1232
1232 369 430
430 369 1232
928 339 1355
1355 339 928
339 928 1355
1000 812 929
812 929 1000
929 812 1000
135 534 975
534 135 975
975 135 534
309 273 1448
273 309 1448
1448 273 309
439 1085 1327
1085 439 1327
1327 439 1085
961 413 1022
1022 413 961
413 961 1022
849 419 512
512 419 849
419 512 849
987 502 719
719 502 987
502 719 987
394 210 218
218 210 394
210 218 394
496 478 1006
478 496 1006
1006 478 496
536 469 769
769 469 536
469 536 769
892 5 1088
1088 5 892
5 892 1088
491 267 747
747 267 491
267 491 747
1146 931 1102
1102 931 1146
931 1102 1146
641 859 1282
859 641 1282
1282 641 859
914 247 539
539 247 914
247 539 914
179 725 1462
725 179 1462
1462 179 725
978 31 1116
31 978 1116
1116 31 978
410 1450 1460
1460 410 1450
1450 410 1460
406 1338 1463
1338 406 1463
1463 406 1338
1137 692 1215
692 1137 1215
1215 692 1137
1351 172 1211
1211 172 1351
172 1211 1351
938 907 1341
1341 907 938
907 938 1341
441 665 1315
1315 441 665
665 441 1315
341 708 1494
1494 341 708
708 341 1494
589 336 1388
1388 336 589
336 589 1388
575 817 1151
1151 575 817
817 575 1151
1307 898 1161
898 1161 1307
1161 898 1307
366 260 921
921 260 366
260 366 921
382 1192 1329
1329 382 1192
1192 382 1329
1252 884 1224
884 1224 1252
1224 884 1252
299 640 908
908 299 640
640 299 908
1167 243 706
243 706 1167
706 243 1167
782 499 558
558 499 782
499 558 782
1079 639 787
639 787 1079
787 639 1079
445 181 508
181 445 508
508 181 445
431 242 1073
242 431 1073
1073 242 431
840 899 1465
1465 840 899
899 840 1465
592 1051 1164
1051 592 1164
1164 592 1051
1209 295 521
295 521 1209
521 295 1209
514 989 1358
989 514 1358
1358 514 989
1457 128 942
942 128 1457
128 942 1457
222 191 489
489 191 222
191 222 489
1297 458 1190
1190 458 1297
458 1190 1297
960 1013 1435
1013 960 1435
1435 960 1013
1043 804 1010
1010 804 1043
804 1010 1043
1235 943 1037
943 1037 1235
1037 943 1235
994 25 34
25 34 994
34 25 994
1099 279 868
868 279 1099
279 868 1099
570 800 1124
800 570 1124
1124 570 800
764 559 768
559 764 768
768 559 764
1401 359 1221
1221 359 1401
359 1221 1401
375 567 1454
567 375 1454
1454 375 567
241 81 392
81 241 392
392 81 241
184 353 1184
353 184 1184
1184 184 353
244 182 451
451 182 244
182 244 451
221 952 996
952 221 996
996 221 952
885 225 409
409 225 885
225 409 885
461 328 677
328 461 677
677 328 461
320 666 1386
666 320 1386
1386 320 666
90 356 657
356 90 657
657 90 356
511 193 227
227 193 511
193 227 511
835 411 1245
1245 411 835
411 835 1245
839 278 925
278 839 925
925 278 839
729 322 1096
1096 322 729
322 729 1096
562 174 1023
174 562 1023
1023 174 562
834 95 1101
95 834 1101
1101 95 834
500 529 1402
529 500 1402
1402 500 529
1400 488 816
816 488 1400
488 816 1400
1055 318 1241
318 1055 1241
1241 318 1055
154 1205 1250
1250 154 1205
1205 154 1250
1418 219 1145
219 1145 1418
1145 219 1418
1204 600 1324
1324 600 1204
600 1204 1324
365 598 1313
598 365 1313
1313 365 598
93 46 1059
46 93 1059
1059 46 93
1069 744 1153
744 1069 1153
1153 744 1069
740 209 958
209 740 958
958 209 740
1078 803 1277
1277 803 1078
803 1078 1277
854 220 1049
1049 220 854
220 854 1049
248 215 481
215 248 481
481 215 248
1181 862 982
862 982 1181
982 862 1181
1246 596 1039
1039 596 1246
596 1039 1246
992 584 634
634 584 992
584 634 992
604 7 1070
7 604 1070
1070 7 604
984 927 1112
927 984 1112
1112 927 984
