118935 73071 75873
75873 73071 118935
73071 75873 118935
37544 67681 129212
67681 37544 129212
129212 37544 67681
531 85539 88238
88238 531 85539
85539 531 88238
55572 22638 80614
22638 55572 80614
80614 22638 55572
39437 29064 86054
29064 39437 86054
86054 29064 39437
132568 47643 95425
95425 47643 132568
47643 95425 132568
141262 67251 70619
67251 70619 141262
70619 67251 141262
35365 30877 40058
40058 30877 35365
30877 35365 40058
3402 7003 88123
7003 3402 88123
88123 3402 7003
11651 86666 130918
130918 11651 86666
86666 11651 130918
135091 106189 122958
106189 122958 135091
122958 106189 135091
64072 32026 42290
32026 42290 64072
42290 32026 64072
134432 74186 132201
74186 132201 134432
132201 74186 134432
137366 28525 60332
60332 28525 137366
28525 60332 137366
22888 18105 135717
18105 22888 135717
135717 18105 22888
83455 13924 15332
13924 15332 83455
15332 13924 83455
99639 74843 107504
74843 99639 107504
107504 74843 99639
105128 33258 106252
106252 33258 105128
33258 105128 106252
31671 84214 149591
84214 31671 149591
149591 31671 84214
130063 73490 86807
86807 73490 130063
73490 86807 130063
30348 59936 129617
59936 30348 129617
129617 30348 59936
32009 13755 98995
98995 13755 32009
13755 32009 98995
134780 41238 62501
41238 62501 134780
62501 41238 134780
64015 346 130200
130200 346 64015
346 64015 130200
118997 30803 45149
45149 30803 118997
30803 45149 118997
105191 18564 125676
18564 105191 125676
125676 18564 105191
109888 105340 119592
105340 109888 119592
119592 105340 109888
86556 17453 62521
17453 62521 86556
62521 17453 86556
62284 22877 39942
39942 22877 62284
22877 39942 62284
26620 70115 78472
78472 26620 70115
70115 26620 78472
91967 74020 83865
83865 74020 91967
74020 83865 91967
115432 859 57998
859 57998 115432
57998 859 115432
112861 56073 97409
97409 56073 112861
56073 97409 112861
88300 113127 124361
124361 88300 113127
113127 88300 124361
46831 37318 81268
81268 37318 46831
37318 46831 81268
72620 33891 67738
33891 67738 72620
67738 33891 72620
31275 51912 108234
108234 31275 51912
51912 31275 108234
78974 63009 100943
63009 78974 100943
100943 63009 78974
23104 31443 76815
76815 23104 31443
31443 23104 76815
127133 11731 86621
86621 11731 127133
11731 86621 127133
116174 86522 125611
125611 86522 116174
86522 116174 125611
89720 4847 133217
4847 89720 133217
133217 4847 89720
72890 55122 125506
125506 55122 72890
55122 72890 125506
4960 21444 72128
21444 4960 72128
72128 4960 21444
39092 46293 111555
111555 39092 46293
46293 39092 111555
41965 16892 113770
113770 16892 41965
16892 41965 113770
44973 42964 72590
72590 42964 44973
42964 44973 72590
108918 115514 124001
124001 108918 115514
115514 108918 124001
62491 49468 81126
49468 62491 81126
81126 49468 62491
134877 42273 68956
42273 68956 134877
68956 42273 134877
142396 12062 27550
27550 12062 142396
12062 27550 142396
148564 76957 134382
134382 76957 148564
76957 134382 148564
62860 13235 86249
86249 13235 62860
13235 62860 86249
74388 41974 117013
41974 74388 117013
117013 41974 74388
64622 69481 137565
69481 64622 137565
137565 64622 69481
143493 51269 56804
51269 56804 143493
56804 51269 143493
20901 47537 141752
47537 20901 141752
141752 20901 47537
128016 2641 47605
47605 2641 128016
2641 47605 128016
47582 121049 137666
137666 47582 121049
121049 47582 137666
131552 245 111869
245 111869 131552
111869 245 131552
71263 39387 44861
39387 44861 71263
44861 39387 71263
14760 33175 121961
121961 14760 33175
33175 14760 121961
45232 28072 90452
28072 45232 90452
90452 28072 45232
60843 95506 132317
95506 60843 132317
132317 60843 95506
27230 64848 121339
64848 27230 121339
121339 27230 64848
118958 2250 73722
73722 2250 118958
2250 73722 118958
60738 19104 117249
19104 60738 117249
117249 19104 60738
121760 88551 116039
116039 88551 121760
88551 116039 121760
53211 20580 139369
139369 20580 53211
20580 53211 139369
9104 68402 71468
71468 9104 68402
68402 9104 71468
84467 26014 55951
55951 26014 84467
26014 55951 84467
134208 92303 92309
92303 92309 134208
92309 92303 134208
137396 51777 87885
51777 87885 137396
87885 51777 137396
4091 7617 85577
85577 4091 7617
7617 4091 85577
53886 2080 4718
2080 4718 53886
4718 2080 53886
139837 25135 51059
25135 51059 139837
51059 25135 139837
71598 78885 107606
107606 71598 78885
78885 71598 107606
107173 27530 90831
27530 90831 107173
90831 27530 107173
71678 34736 139671
139671 34736 71678
34736 71678 139671
116314 10069 91553
91553 10069 116314
10069 91553 116314
59657 54342 57242
57242 54342 59657
54342 57242 59657
82267 73185 92480
73185 82267 92480
92480 73185 82267
109903 66526 132179
132179 66526 109903
66526 109903 132179
97202 33117 143024
143024 33117 97202
33117 97202 143024
135880 34455 76241
34455 76241 135880
76241 34455 135880
70562 56286 104300
56286 70562 104300
104300 56286 70562
34602 66192 89932
89932 34602 66192
66192 34602 89932
16802 12817 37808
12817 16802 37808
37808 12817 16802
22565 54622 97616
97616 22565 54622
54622 22565 97616
133766 25651 147670
25651 133766 147670
147670 25651 133766
95062 11660 79335
79335 11660 95062
11660 79335 95062
1758 29832 51304
29832 1758 51304
51304 1758 29832
29383 7379 85766
7379 29383 85766
85766 7379 29383
116657 62969 70678
70678 62969 116657
62969 70678 116657
91691 36717 132693
36717 91691 132693
132693 36717 91691
119205 8069 89185
89185 8069 119205
8069 89185 119205
22892 6840 133433
6840 22892 133433
133433 6840 22892
2534 18286 68655
68655 2534 18286
18286 2534 68655
5579 98610 139779
139779 5579 98610
98610 5579 139779
141517 6773 90909
6773 90909 141517
90909 6773 141517
50535 7355 98199
7355 50535 98199
98199 7355 50535
64798 46519 93123
46519 64798 93123
93123 46519 64798
53272 23777 137813
23777 53272 137813
137813 23777 53272
123114 13069 108997
13069 108997 123114
108997 13069 123114
33146 46755 142813
46755 33146 142813
142813 33146 46755
1466 92454 95513
95513 1466 92454
92454 1466 95513
95649 31801 99795
99795 31801 95649
31801 95649 99795
94489 45931 112193
112193 45931 94489
45931 94489 112193
3899 33560 142665
33560 3899 142665
142665 3899 33560
133326 23391 106548
23391 106548 133326
106548 23391 133326
53669 32286 87698
32286 53669 87698
87698 32286 53669
107693 40290 64085
64085 40290 107693
40290 64085 107693
43173 5220 113121
5220 43173 113121
113121 5220 43173
110140 113214 116100
116100 110140 113214
113214 110140 116100
33078 44906 138189
138189 33078 44906
44906 33078 138189
18389 15386 68182
15386 18389 68182
68182 15386 18389
99539 32271 77155
77155 32271 99539
32271 77155 99539
19266 45928 115413
45928 19266 115413
115413 19266 45928
65200 55307 90723
55307 65200 90723
90723 55307 65200
132708 53731 130442
130442 53731 132708
53731 130442 132708
45457 93918 126522
126522 45457 93918
93918 45457 126522
98090 19690 97973
19690 97973 98090
97973 19690 98090
93145 91960 124435
91960 93145 124435
124435 91960 93145
127922 1998 96859
1998 96859 127922
96859 1998 127922
19410 1238 83276
83276 1238 19410
1238 19410 83276
140876 22181 112177
22181 112177 140876
112177 22181 140876
109671 58169 109859
58169 109671 109859
109859 58169 109671
13136 114104 124432
124432 13136 114104
114104 13136 124432
37896 17427 56883
17427 37896 56883
56883 17427 37896
64623 37591 99736
99736 37591 64623
37591 64623 99736
84096 35112 44626
35112 44626 84096
44626 35112 84096
49467 89858 139955
139955 49467 89858
89858 49467 139955
93738 83419 85282
85282 83419 93738
83419 85282 93738
80794 6176 57233
6176 57233 80794
57233 6176 80794
147293 210 91897
210 91897 147293
91897 210 147293
124690 43101 118377
118377 43101 124690
43101 118377 124690
42666 92137 102202
102202 42666 92137
92137 42666 102202
107336 67927 122586
67927 107336 122586
122586 67927 107336
110806 117693 134515
134515 110806 117693
117693 110806 134515
63223 120229 131263
120229 63223 131263
131263 63223 120229
147852 66633 73772
66633 73772 147852
73772 66633 147852
18341 47421 96995
47421 18341 96995
96995 18341 47421
23857 35322 130165
35322 23857 130165
130165 23857 35322
113345 37039 136043
136043 37039 113345
37039 113345 136043
24908 25608 77283
25608 24908 77283
77283 24908 25608
10857 3656 110713
3656 10857 110713
110713 3656 10857
66932 31245 41748
31245 41748 66932
41748 31245 66932
103830 11544 41193
11544 41193 103830
41193 11544 103830
128811 80342 85994
85994 80342 128811
80342 85994 128811
41094 80265 120858
80265 41094 120858
120858 41094 80265
43710 145358 147193
145358 43710 147193
147193 43710 145358
111 37221 97055
37221 111 97055
97055 111 37221
36973 51909 143263
143263 36973 51909
51909 36973 143263
47241 27911 82483
82483 27911 47241
27911 47241 82483
65492 69756 125477
69756 65492 125477
125477 65492 69756
24953 101201 110339
101201 24953 110339
110339 24953 101201
16794 47363 117554
47363 16794 117554
117554 16794 47363
61332 60416 78623
78623 60416 61332
60416 61332 78623
127552 30332 85429
30332 85429 127552
85429 30332 127552
22079 66645 115485
115485 22079 66645
66645 22079 115485
47647 54968 116235
116235 47647 54968
54968 47647 116235
97330 27585 32072
32072 27585 97330
27585 32072 97330
112985 37660 125078
37660 112985 125078
125078 37660 112985
30188 17690 109184
17690 30188 109184
109184 17690 30188
84164 32134 115107
32134 84164 115107
115107 32134 84164
74360 11462 116424
11462 74360 116424
116424 11462 74360
146342 47164 57265
47164 57265 146342
57265 47164 146342
37963 49255 78848
49255 37963 78848
78848 37963 49255
105858 90276 128328
128328 90276 105858
90276 105858 128328
29451 68635 110042
68635 29451 110042
110042 29451 68635
87523 100703 109579
100703 87523 109579
109579 87523 100703
37436 7649 42225
42225 7649 37436
7649 37436 42225
19843 12445 40932
12445 19843 40932
40932 12445 19843
30693 79981 94849
94849 30693 79981
79981 30693 94849
34323 10547 90272
90272 10547 34323
10547 34323 90272
43483 11730 69496
11730 43483 69496
69496 11730 43483
146368 47301 119650
47301 119650 146368
119650 47301 146368
30920 40944 94638
40944 30920 94638
94638 30920 40944
5143 19471 29152
29152 5143 19471
19471 5143 29152
92747 35119 98774
35119 92747 98774
98774 35119 92747
75447 93530 99957
99957 75447 93530
93530 75447 99957
39650 72053 107472
72053 39650 107472
107472 39650 72053
1347 32606 57106
57106 1347 32606
32606 1347 57106
113567 23695 56416
56416 23695 113567
23695 56416 113567
20721 6339 14208
6339 14208 20721
14208 6339 20721
132657 44091 83803
44091 83803 132657
83803 44091 132657
10276 34849 127354
34849 10276 127354
127354 10276 34849
86378 92336 122860
122860 86378 92336
92336 86378 122860
103721 40298 73143
73143 40298 103721
40298 73143 103721
21929 64728 97745
97745 21929 64728
64728 21929 97745
92746 11308 124882
11308 92746 124882
124882 11308 92746
87804 26041 79657
26041 79657 87804
79657 26041 87804
89021 46032 118692
118692 46032 89021
46032 89021 118692
100744 75070 105158
105158 75070 100744
75070 100744 105158
23482 87578 145715
87578 23482 145715
145715 23482 87578
120875 120232 129211
120232 120875 129211
129211 120232 120875
26652 7436 88096
88096 7436 26652
7436 26652 88096
9422 103472 138712
138712 9422 103472
103472 9422 138712
15698 36495 108196
108196 15698 36495
36495 15698 108196
85804 18837 134864
18837 85804 134864
134864 18837 85804
112940 59257 91763
91763 59257 112940
59257 91763 112940
33910 44935 99955
44935 33910 99955
99955 33910 44935
65304 58109 130251
58109 65304 130251
130251 58109 65304
73291 86672 140032
140032 73291 86672
86672 73291 140032
32507 52433 78185
78185 32507 52433
52433 32507 78185
139608 21077 43405
21077 43405 139608
43405 21077 139608
100032 3109 136830
136830 3109 100032
3109 100032 136830
19479 38629 95041
38629 19479 95041
95041 19479 38629
55610 79920 141062
79920 55610 141062
141062 55610 79920
31564 84141 130611
84141 31564 130611
130611 31564 84141
108461 42916 73151
73151 42916 108461
42916 73151 108461
148299 18886 34853
18886 34853 148299
34853 18886 148299
16201 24883 39190
39190 16201 24883
24883 16201 39190
127018 71676 114335
114335 71676 127018
71676 114335 127018
49050 50386 147968
50386 49050 147968
147968 49050 50386
32647 31728 38337
31728 32647 38337
38337 31728 32647
60682 20647 52709
20647 52709 60682
52709 20647 60682
35757 64435 88294
64435 35757 88294
88294 35757 64435
96438 12747 139124
12747 96438 139124
139124 12747 96438
8527 17096 132500
17096 8527 132500
132500 8527 17096
88464 37202 101084
101084 37202 88464
37202 88464 101084
51035 49743 136529
49743 51035 136529
136529 49743 51035
104594 103319 121422
103319 104594 121422
121422 103319 104594
628 93001 119568
93001 628 119568
119568 628 93001
80396 37926 91999
37926 80396 91999
91999 37926 80396
28060 26213 97561
97561 26213 28060
26213 28060 97561
37174 18687 101801
18687 37174 101801
101801 18687 37174
69299 15368 115984
115984 15368 69299
15368 69299 115984
113241 63344 119936
63344 113241 119936
119936 63344 113241
45490 14377 66024
66024 14377 45490
14377 45490 66024
20614 4572 43034
43034 4572 20614
4572 20614 43034
146968 6921 128656
128656 6921 146968
6921 128656 146968
75221 28898 86332
86332 28898 75221
28898 75221 86332
29926 46934 113528
113528 29926 46934
46934 29926 113528
136336 84043 134748
84043 134748 136336
134748 84043 136336
18655 11633 35402
35402 11633 18655
11633 18655 35402
84199 28826 95540
95540 28826 84199
28826 84199 95540
136201 16423 55574
55574 16423 136201
16423 55574 136201
59345 7387 108017
108017 7387 59345
7387 59345 108017
90854 9326 37887
9326 37887 90854
37887 9326 90854
57486 43331 56602
43331 56602 57486
56602 43331 57486
144294 46492 109251
46492 109251 144294
109251 46492 144294
107156 18352 54510
54510 18352 107156
18352 54510 107156
96687 3894 10501
3894 10501 96687
10501 3894 96687
127884 94571 107536
94571 107536 127884
107536 94571 127884
174 51430 137917
51430 174 137917
137917 174 51430
17723 70377 79569
70377 17723 79569
79569 17723 70377
136880 3339 37403
3339 37403 136880
37403 3339 136880
39997 117583 147895
117583 39997 147895
147895 39997 117583
76386 96714 131335
131335 76386 96714
96714 76386 131335
132767 47145 147074
47145 132767 147074
147074 47145 132767
74152 102104 105024
105024 74152 102104
102104 74152 105024
12017 46882 55409
46882 12017 55409
55409 12017 46882
61640 106156 147958
106156 61640 147958
147958 61640 106156
139419 511 13885
511 13885 139419
13885 511 139419
40524 115060 117940
117940 40524 115060
115060 40524 117940
87278 23196 81975
81975 23196 87278
23196 81975 87278
65203 90736 103421
103421 65203 90736
90736 65203 103421
142490 40152 147144
40152 142490 147144
147144 40152 142490
120897 101684 108803
108803 101684 120897
101684 108803 120897
95582 51064 94916
51064 94916 95582
94916 51064 95582
78025 43944 79610
43944 78025 79610
79610 43944 78025
73739 76083 80953
80953 73739 76083
76083 73739 80953
4461 79528 137492
79528 4461 137492
137492 4461 79528
145466 77088 148548
148548 77088 145466
77088 145466 148548
681 23318 138329
23318 681 138329
138329 681 23318
60990 82913 114644
82913 60990 114644
114644 60990 82913
80220 32933 33410
32933 33410 80220
33410 32933 80220
93346 4409 24741
4409 24741 93346
24741 4409 93346
4123 43982 145837
145837 4123 43982
43982 4123 145837
18248 73158 112702
112702 18248 73158
73158 18248 112702
41836 5009 119968
5009 41836 119968
119968 5009 41836
120527 55520 139597
55520 120527 139597
139597 55520 120527
24448 55406 111803
111803 24448 55406
55406 24448 111803
139201 58005 98805
98805 58005 139201
58005 98805 139201
61313 19882 21829
21829 19882 61313
19882 21829 61313
101273 105124 120951
120951 101273 105124
105124 101273 120951
45441 38831 136154
38831 45441 136154
136154 38831 45441
76286 10865 114591
10865 76286 114591
114591 10865 76286
94953 111794 125194
125194 94953 111794
111794 94953 125194
144554 80580 80747
80747 80580 144554
80580 80747 144554
30551 69341 136401
136401 30551 69341
69341 30551 136401
68966 110311 143102
110311 68966 143102
143102 68966 110311
90539 49883 63596
49883 63596 90539
63596 49883 90539
138487 39145 115632
115632 39145 138487
39145 115632 138487
139275 48124 112454
112454 48124 139275
48124 112454 139275
118516 68132 86097
86097 68132 118516
68132 86097 118516
121846 128493 143127
128493 121846 143127
143127 121846 128493
125534 18163 53733
18163 53733 125534
53733 18163 125534
42201 66418 140839
66418 42201 140839
140839 42201 66418
13800 63856 148764
148764 13800 63856
63856 13800 148764
135344 93050 123002
93050 123002 135344
123002 93050 135344
91022 105777 137032
137032 91022 105777
105777 91022 137032
38131 11722 85052
85052 11722 38131
11722 38131 85052
118944 34940 132780
34940 118944 132780
132780 34940 118944
53429 19409 23304
23304 19409 53429
19409 23304 53429
113320 4714 8226
4714 8226 113320
8226 4714 113320
84162 11744 133073
11744 84162 133073
133073 11744 84162
117015 61767 138721
138721 61767 117015
61767 117015 138721
77117 1738 91355
91355 1738 77117
1738 77117 91355
132009 16858 77081
77081 16858 132009
16858 77081 132009
105484 50548 97412
97412 50548 105484
50548 97412 105484
138053 8130 38167
8130 38167 138053
38167 8130 138053
132726 6172 145724
6172 132726 145724
145724 6172 132726
132185 97696 134617
134617 97696 132185
97696 132185 134617
66358 22212 113559
113559 22212 66358
22212 66358 113559
10734 52691 62687
62687 10734 52691
52691 10734 62687
106086 70901 101187
70901 101187 106086
101187 70901 106086
71062 84821 142567
142567 71062 84821
84821 71062 142567
121312 7354 24974
24974 7354 121312
7354 24974 121312
62394 11579 110490
11579 62394 110490
110490 11579 62394
101189 20870 33391
20870 33391 101189
33391 20870 101189
46608 98726 137119
98726 46608 137119
137119 46608 98726
27553 781 1061
781 1061 27553
1061 781 27553
44384 68254 122744
122744 44384 68254
68254 44384 122744
8936 75029 147978
147978 8936 75029
75029 8936 147978
117007 47773 99579
99579 47773 117007
47773 99579 117007
21875 61384 76030
61384 21875 76030
76030 21875 61384
134727 54929 63494
54929 63494 134727
63494 54929 134727
89604 33126 97486
33126 89604 97486
97486 33126 89604
141347 27350 55061
27350 55061 141347
55061 27350 141347
143190 44449 105729
44449 105729 143190
105729 44449 143190
52676 34723 78249
78249 34723 52676
34723 52676 78249
33972 68339 92056
68339 33972 92056
92056 33972 68339
26083 79917 114717
79917 26083 114717
114717 26083 79917
78620 52171 73137
52171 73137 78620
73137 52171 78620
121023 10588 134040
10588 121023 134040
134040 10588 121023
95194 102825 124075
102825 95194 124075
124075 95194 102825
111230 65449 118801
65449 111230 118801
118801 65449 111230
69476 145035 147376
147376 69476 145035
145035 69476 147376
46865 89820 104783
104783 46865 89820
89820 46865 104783
105983 41220 84890
84890 41220 105983
41220 84890 105983
113436 80120 103800
103800 80120 113436
80120 103800 113436
98768 64548 96750
96750 64548 98768
64548 96750 98768
147529 6819 12385
6819 12385 147529
12385 6819 147529
97295 90777 111955
90777 97295 111955
111955 90777 97295
13008 31039 95426
31039 13008 95426
95426 13008 31039
123712 118152 127362
127362 118152 123712
118152 123712 127362
64150 101484 106713
106713 64150 101484
101484 64150 106713
122927 38566 124610
38566 122927 124610
124610 38566 122927
41560 5158 86060
5158 41560 86060
86060 5158 41560
121075 9338 12373
9338 12373 121075
12373 9338 121075
101721 11215 90991
11215 90991 101721
90991 11215 101721
62326 32939 45319
32939 45319 62326
45319 32939 62326
14716 9229 70155
70155 9229 14716
9229 14716 70155
85992 40607 112843
112843 40607 85992
40607 85992 112843
129409 12351 29057
12351 29057 129409
29057 12351 129409
34133 75679 140554
140554 34133 75679
75679 34133 140554
119943 86525 137218
137218 86525 119943
86525 119943 137218
67496 24735 77911
24735 67496 77911
77911 24735 67496
40357 40421 51060
40421 40357 51060
51060 40357 40421
47180 72436 96420
72436 47180 96420
96420 47180 72436
136045 14638 64954
14638 64954 136045
64954 14638 136045
123639 54125 75501
75501 54125 123639
54125 75501 123639
13304 6766 99778
99778 6766 13304
6766 13304 99778
124320 54314 95378
95378 54314 124320
54314 95378 124320
71521 50340 86433
86433 50340 71521
50340 71521 86433
51625 59203 104530
104530 51625 59203
59203 51625 104530
120636 68264 139878
68264 120636 139878
139878 68264 120636
142474 66364 80877
66364 80877 142474
80877 66364 142474
80206 89570 130433
130433 80206 89570
89570 80206 130433
8227 27312 30460
27312 8227 30460
30460 8227 27312
131995 42097 117847
42097 117847 131995
117847 42097 131995
47632 100463 108556
100463 47632 108556
108556 47632 100463
43 20472 90387
90387 43 20472
20472 43 90387
105149 104411 106388
106388 104411 105149
104411 105149 106388
23186 7139 96556
7139 23186 96556
96556 7139 23186
113947 9439 109461
9439 109461 113947
109461 9439 113947
30162 28177 108906
28177 30162 108906
108906 28177 30162
91349 954 74057
954 74057 91349
74057 954 91349
23144 67148 90245
67148 23144 90245
90245 23144 67148
63293 29102 32542
29102 32542 63293
32542 29102 63293
112016 114039 135497
135497 112016 114039
114039 112016 135497
35212 111565 112504
111565 35212 112504
112504 35212 111565
6150 10379 139698
10379 6150 139698
139698 6150 10379
139033 12791 70413
12791 70413 139033
70413 12791 139033
19934 8781 65816
65816 8781 19934
8781 19934 65816
48980 2823 53000
2823 48980 53000
53000 2823 48980
54498 72146 145060
72146 54498 145060
145060 54498 72146
139525 4746 50566
4746 50566 139525
50566 4746 139525
108193 135796 138259
138259 108193 135796
135796 108193 138259
97901 115865 138192
138192 97901 115865
115865 97901 138192
36041 1918 54921
1918 36041 54921
54921 1918 36041
88334 60243 140250
140250 60243 88334
60243 88334 140250
136552 34056 141885
34056 136552 141885
141885 34056 136552
127284 37370 120112
37370 120112 127284
120112 37370 127284
45335 35434 58448
58448 35434 45335
35434 45335 58448
29320 34711 62618
62618 29320 34711
34711 29320 62618
140227 66738 120087
66738 120087 140227
120087 66738 140227
6511 9543 13269
13269 6511 9543
9543 6511 13269
62505 7527 131605
7527 62505 131605
131605 7527 62505
36818 76918 145080
145080 36818 76918
76918 36818 145080
17564 28239 54927
28239 17564 54927
54927 17564 28239
100496 67160 112806
67160 100496 112806
112806 67160 100496
85112 32714 60601
60601 32714 85112
32714 60601 85112
122004 50130 71181
50130 71181 122004
71181 50130 122004
26972 108382 124547
108382 26972 124547
124547 26972 108382
80678 103195 109741
103195 80678 109741
109741 80678 103195
103252 18961 55662
55662 18961 103252
18961 55662 103252
129843 22732 61456
22732 61456 129843
61456 22732 129843
78814 28230 128286
28230 78814 128286
128286 28230 78814
109388 46420 97374
97374 46420 109388
46420 97374 109388
47584 106226 119263
119263 47584 106226
106226 47584 119263
66256 51632 141882
141882 51632 66256
51632 66256 141882
53968 16045 120071
16045 53968 120071
120071 16045 53968
111102 16221 93854
93854 16221 111102
16221 93854 111102
97039 81137 125288
125288 81137 97039
81137 97039 125288
127605 341 76349
341 76349 127605
76349 341 127605
90158 65832 76928
65832 76928 90158
76928 65832 90158
80554 69465 142800
69465 80554 142800
142800 69465 80554
97652 13705 128481
128481 13705 97652
13705 97652 128481
68584 25554 135251
25554 68584 135251
135251 25554 68584
90321 1317 138073
138073 1317 90321
1317 90321 138073
130008 18985 70092
18985 70092 130008
70092 18985 130008
133330 37271 126726
126726 37271 133330
37271 126726 133330
89027 30513 116883
30513 89027 116883
116883 30513 89027
105050 6037 48396
6037 48396 105050
48396 6037 105050
105305 126208 135828
135828 105305 126208
126208 105305 135828
121624 96234 132388
132388 96234 121624
96234 121624 132388
63949 87860 99127
87860 63949 99127
99127 63949 87860
141913 75306 104062
75306 104062 141913
104062 75306 141913
97410 106550 127290
106550 97410 127290
127290 97410 106550
104227 4818 79937
4818 79937 104227
79937 4818 104227
85519 27521 139702
27521 85519 139702
139702 27521 85519
141355 6188 142278
6188 141355 142278
142278 6188 141355
28382 87045 139481
139481 28382 87045
87045 28382 139481
51617 66132 80575
80575 51617 66132
66132 51617 80575
60261 134850 148994
134850 60261 148994
148994 60261 134850
85222 76055 79688
76055 79688 85222
79688 76055 85222
18968 123433 147285
123433 18968 147285
147285 18968 123433
63636 89300 127125
89300 63636 127125
127125 63636 89300
103999 93191 145891
145891 93191 103999
93191 103999 145891
38934 904 105163
105163 904 38934
904 38934 105163
89386 11682 65822
65822 11682 89386
11682 65822 89386
18941 31651 59673
31651 18941 59673
59673 18941 31651
13342 40269 104665
40269 13342 104665
104665 13342 40269
37355 48093 53029
48093 37355 53029
53029 37355 48093
92602 55837 127443
55837 92602 127443
127443 55837 92602
64378 44598 71725
44598 64378 71725
71725 44598 64378
80050 31781 89057
31781 80050 89057
89057 31781 80050
24104 71842 94447
94447 24104 71842
71842 24104 94447
4195 11252 128892
11252 4195 128892
128892 4195 11252
34204 56007 114889
56007 34204 114889
114889 34204 56007
139607 27858 52128
27858 52128 139607
52128 27858 139607
50275 21690 116770
21690 50275 116770
116770 21690 50275
144131 7944 29946
29946 7944 144131
7944 29946 144131
33633 40680 80668
80668 33633 40680
40680 33633 80668
72216 106763 145927
106763 72216 145927
145927 72216 106763
105536 16870 95546
95546 16870 105536
16870 95546 105536
105872 87915 104349
87915 104349 105872
104349 87915 105872
59329 103789 132570
132570 59329 103789
103789 59329 132570
125462 13943 123588
123588 13943 125462
13943 123588 125462
33666 51324 138030
138030 33666 51324
51324 33666 138030
62002 19749 122558
19749 62002 122558
122558 19749 62002
79171 17194 141414
141414 17194 79171
17194 79171 141414
91001 12390 15235
12390 15235 91001
15235 12390 91001
148560 69805 133337
69805 133337 148560
133337 69805 148560
99150 3075 21693
21693 3075 99150
3075 21693 99150
92838 1830 79192
1830 79192 92838
79192 1830 92838
831 12711 54757
12711 831 54757
54757 831 12711
147882 125343 146701
125343 146701 147882
146701 125343 147882
120542 68157 126661
126661 68157 120542
68157 120542 126661
70348 42458 42488
42488 42458 70348
42458 42488 70348
15172 17943 148136
17943 15172 148136
148136 15172 17943
33493 18280 58470
58470 18280 33493
18280 33493 58470
6223 105088 127872
127872 6223 105088
105088 6223 127872
87847 32391 127197
127197 32391 87847
32391 87847 127197
99582 85216 91463
91463 85216 99582
85216 91463 99582
125284 21309 120668
21309 120668 125284
120668 21309 125284
139689 43160 79533
79533 43160 139689
43160 79533 139689
128433 21982 82121
82121 21982 128433
21982 82121 128433
19846 6733 94528
94528 6733 19846
6733 19846 94528
110108 15569 60541
60541 15569 110108
15569 60541 110108
96056 44253 51450
44253 51450 96056
51450 44253 96056
47325 29250 147691
29250 47325 147691
147691 29250 47325
103103 48691 70405
70405 48691 103103
48691 70405 103103
16439 36816 40214
40214 16439 36816
36816 16439 40214
130516 67370 135980
135980 67370 130516
67370 130516 135980
1814 61262 119151
61262 1814 119151
119151 1814 61262
11909 83371 111960
111960 11909 83371
83371 11909 111960
55439 95539 144707
144707 55439 95539
95539 55439 144707
179 107843 121607
121607 179 107843
107843 179 121607
27753 121957 145872
121957 27753 145872
145872 27753 121957
45053 91002 123793
91002 45053 123793
123793 45053 91002
108890 26051 88983
26051 88983 108890
88983 26051 108890
92197 96866 132858
132858 92197 96866
96866 92197 132858
2697 33300 131512
33300 2697 131512
131512 2697 33300
3333 1243 6851
6851 1243 3333
1243 3333 6851
60468 36238 64679
36238 60468 64679
64679 36238 60468
99062 91057 104274
91057 99062 104274
104274 91057 99062
41620 140070 149182
140070 41620 149182
149182 41620 140070
67399 73760 128220
128220 67399 73760
73760 67399 128220
21847 27977 131288
27977 21847 131288
131288 21847 27977
88079 33499 57319
33499 57319 88079
57319 33499 88079
86965 60798 137031
137031 60798 86965
60798 86965 137031
568 2567 25530
2567 568 25530
25530 568 2567
1866 23080 124750
23080 1866 124750
124750 1866 23080
94365 3946 7110
3946 7110 94365
7110 3946 94365
85886 15439 47141
47141 15439 85886
15439 47141 85886
1391 116333 144057
116333 1391 144057
144057 1391 116333
21378 100405 147096
100405 21378 147096
147096 21378 100405
24962 13324 35228
35228 13324 24962
13324 24962 35228
89831 105304 142732
105304 89831 142732
142732 89831 105304
120305 100907 116083
116083 100907 120305
100907 116083 120305
126047 46919 101582
46919 101582 126047
101582 46919 126047
139489 14288 38203
14288 38203 139489
38203 14288 139489
37679 13827 107668
107668 13827 37679
13827 37679 107668
97493 47716 67920
47716 67920 97493
67920 47716 97493
112210 79255 146001
146001 79255 112210
79255 112210 146001
17729 43290 103227
103227 17729 43290
43290 17729 103227
103193 2022 78210
78210 2022 103193
2022 78210 103193
28439 71107 107449
71107 28439 107449
107449 28439 71107
122834 108541 130682
130682 108541 122834
108541 122834 130682
14349 73184 141735
141735 14349 73184
73184 14349 141735
14221 83645 106249
106249 14221 83645
83645 14221 106249
99111 8090 53130
8090 53130 99111
53130 8090 99111
13147 17463 32493
32493 13147 17463
17463 13147 32493
116009 63487 148982
63487 116009 148982
148982 63487 116009
62902 135508 148236
148236 62902 135508
135508 62902 148236
27317 36399 70589
70589 27317 36399
36399 27317 70589
36416 7424 117387
117387 7424 36416
7424 36416 117387
51403 43841 126956
126956 43841 51403
43841 51403 126956
40849 34001 130021
130021 34001 40849
34001 40849 130021
138533 72797 139842
72797 138533 139842
139842 72797 138533
148712 63986 125331
125331 63986 148712
63986 125331 148712
144976 15953 71692
15953 71692 144976
71692 15953 144976
60936 39851 63935
63935 39851 60936
39851 60936 63935
55151 54607 62017
54607 55151 62017
62017 54607 55151
146592 37505 110601
110601 37505 146592
37505 110601 146592
140919 26603 56682
26603 56682 140919
56682 26603 140919
128730 14200 117931
117931 14200 128730
14200 117931 128730
52907 102203 137269
137269 52907 102203
102203 52907 137269
116254 33127 119612
33127 116254 119612
119612 33127 116254
32426 57688 70396
70396 32426 57688
57688 32426 70396
120971 1522 3248
1522 3248 120971
3248 1522 120971
89111 57586 90509
90509 57586 89111
57586 89111 90509
105669 106546 130488
130488 105669 106546
106546 105669 130488
84531 83080 145728
83080 84531 145728
145728 83080 84531
107625 78496 85181
78496 85181 107625
85181 78496 107625
121337 82101 121161
82101 121161 121337
121161 82101 121337
50654 15695 56299
56299 15695 50654
15695 50654 56299
21368 3798 12587
3798 12587 21368
12587 3798 21368
85420 51378 137017
137017 51378 85420
51378 85420 137017
85712 2709 118448
2709 85712 118448
118448 2709 85712
121590 32054 56802
32054 56802 121590
56802 32054 121590
47131 43157 45422
43157 45422 47131
45422 43157 47131
25809 20161 60986
60986 20161 25809
20161 25809 60986
40147 47964 83653
83653 40147 47964
47964 40147 83653
94380 62528 103220
62528 94380 103220
103220 62528 94380
96810 40572 86922
86922 40572 96810
40572 86922 96810
11421 7632 17416
7632 11421 17416
17416 7632 11421
87427 85478 134978
85478 87427 134978
134978 85478 87427
20251 55094 106647
55094 20251 106647
106647 20251 55094
145693 18830 103232
18830 103232 145693
103232 18830 145693
79617 1575 90383
1575 79617 90383
90383 1575 79617
149819 48274 105915
48274 105915 149819
105915 48274 149819
79609 30729 115121
115121 30729 79609
30729 79609 115121
134279 99518 134950
134950 99518 134279
99518 134279 134950
56034 84512 130963
84512 56034 130963
130963 56034 84512
111591 20998 43986
43986 20998 111591
20998 43986 111591
2776 30303 36497
36497 2776 30303
30303 2776 36497
68599 39270 62266
62266 39270 68599
39270 62266 68599
31819 30036 116643
116643 30036 31819
30036 31819 116643
75564 82590 131121
82590 75564 131121
131121 75564 82590
39462 373 24973
24973 373 39462
373 24973 39462
29010 97834 119347
97834 29010 119347
119347 29010 97834
97666 7429 63839
7429 63839 97666
63839 7429 97666
30248 9748 83609
9748 30248 83609
83609 9748 30248
26806 2972 80013
2972 26806 80013
80013 2972 26806
140074 94838 144190
144190 94838 140074
94838 140074 144190
77324 45771 109751
45771 77324 109751
109751 45771 77324
57393 56449 137644
56449 57393 137644
137644 56449 57393
136340 118743 131103
118743 131103 136340
131103 118743 136340
66668 50392 60553
50392 60553 66668
60553 50392 66668
119908 143340 148427
143340 119908 148427
148427 119908 143340
128344 7899 27953
27953 7899 128344
7899 27953 128344
52341 100042 104376
104376 52341 100042
100042 52341 104376
143817 6521 111150
111150 6521 143817
6521 111150 143817
4643 46535 62041
62041 4643 46535
46535 4643 62041
24357 16209 112047
16209 24357 112047
112047 16209 24357
67002 40199 145174
40199 67002 145174
145174 40199 67002
96940 13412 127945
127945 13412 96940
13412 96940 127945
107608 56897 80472
56897 80472 107608
80472 56897 107608
2095 74159 143026
74159 2095 143026
143026 2095 74159
134815 83753 99828
83753 99828 134815
99828 83753 134815
132451 43691 142006
43691 132451 142006
142006 43691 132451
111138 268 108731
268 108731 111138
108731 268 111138
147040 881 28384
28384 881 147040
881 28384 147040
132896 104528 111489
111489 104528 132896
104528 111489 132896
39784 115425 142255
115425 39784 142255
142255 39784 115425
33393 27580 75293
75293 27580 33393
27580 33393 75293
93421 92680 125584
125584 92680 93421
92680 93421 125584
133300 98692 138988
98692 133300 138988
138988 98692 133300
136765 48937 65072
65072 48937 136765
48937 65072 136765
85733 93776 94244
94244 85733 93776
93776 85733 94244
94118 26817 124801
26817 94118 124801
124801 26817 94118
23176 21612 145360
21612 23176 145360
145360 21612 23176
118840 34446 96324
96324 34446 118840
34446 96324 118840
101576 40415 84935
84935 40415 101576
40415 84935 101576
92240 34868 112135
34868 92240 112135
112135 34868 92240
100858 34354 132417
132417 34354 100858
34354 100858 132417
142549 68530 85883
68530 85883 142549
85883 68530 142549
59753 28644 59888
59888 28644 59753
28644 59753 59888
86070 114603 144696
114603 86070 144696
144696 86070 114603
94140 37111 72089
37111 72089 94140
72089 37111 94140
45083 34915 45407
34915 45083 45407
45407 34915 45083
48307 74925 115125
74925 48307 115125
115125 48307 74925
147465 9874 139321
139321 9874 147465
9874 139321 147465
28091 87340 93573
87340 28091 93573
93573 28091 87340
45175 19292 65938
65938 19292 45175
19292 45175 65938
74611 14647 16491
16491 14647 74611
14647 16491 74611
149844 107124 112438
112438 107124 149844
107124 112438 149844
9282 44690 140720
44690 9282 140720
140720 9282 44690
91926 67518 95006
67518 91926 95006
95006 67518 91926
64073 35446 101313
35446 64073 101313
101313 35446 64073
66225 26676 64478
64478 26676 66225
26676 64478 66225
41290 34798 82657
82657 34798 41290
34798 41290 82657
100667 30639 67633
67633 30639 100667
30639 67633 100667
53496 3159 58282
58282 3159 53496
3159 53496 58282
10161 53109 133070
53109 10161 133070
133070 10161 53109
27234 20179 138446
138446 20179 27234
20179 27234 138446
77872 5091 50194
5091 50194 77872
50194 5091 77872
108455 14954 98031
14954 98031 108455
98031 14954 108455
100208 78949 107299
78949 100208 107299
107299 78949 100208
82056 8784 146812
146812 8784 82056
8784 82056 146812
131154 66460 103656
66460 103656 131154
103656 66460 131154
73730 122716 147888
122716 73730 147888
147888 73730 122716
12300 105402 144564
144564 12300 105402
105402 12300 144564
124752 96269 142983
96269 124752 142983
142983 96269 124752
118978 95706 124390
95706 118978 124390
124390 95706 118978
121740 94223 104385
104385 94223 121740
94223 104385 121740
84511 109975 142491
109975 84511 142491
142491 84511 109975
75158 100138 124309
100138 75158 124309
124309 75158 100138
96164 9696 53857
9696 53857 96164
53857 9696 96164
83470 87935 134196
87935 83470 134196
134196 83470 87935
31037 44870 127382
44870 31037 127382
127382 31037 44870
119128 30141 131830
30141 119128 131830
131830 30141 119128
109130 61134 101343
101343 61134 109130
61134 101343 109130
103160 36145 129460
129460 36145 103160
36145 103160 129460
75206 103845 110951
103845 75206 110951
110951 75206 103845
104322 128955 131551
128955 104322 131551
131551 104322 128955
472 123492 130083
130083 472 123492
123492 472 130083
133572 67034 123126
67034 123126 133572
123126 67034 133572
117910 72829 135011
72829 117910 135011
135011 72829 117910
79415 32677 85342
32677 79415 85342
85342 32677 79415
126892 93427 145078
93427 126892 145078
145078 93427 126892
116973 32941 94793
32941 94793 116973
94793 32941 116973
86101 15374 59562
59562 15374 86101
15374 59562 86101
66860 68522 97760
97760 66860 68522
68522 66860 97760
133032 22452 108698
22452 108698 133032
108698 22452 133032
11770 34958 78711
78711 11770 34958
34958 11770 78711
147798 14784 18942
18942 14784 147798
14784 18942 147798
56879 39362 125217
39362 56879 125217
125217 39362 56879
88645 14008 69107
69107 14008 88645
14008 69107 88645
6178 20964 111181
111181 6178 20964
20964 6178 111181
53226 63933 114608
114608 53226 63933
63933 53226 114608
33816 50736 86785
50736 33816 86785
86785 33816 50736
92909 55167 124529
55167 92909 124529
124529 55167 92909
118566 68978 118969
68978 118566 118969
118969 68978 118566
102184 6042 107976
107976 6042 102184
6042 102184 107976
125209 37645 43033
37645 43033 125209
43033 37645 125209
45489 23048 145810
23048 45489 145810
145810 23048 45489
18939 46920 112853
112853 18939 46920
46920 18939 112853
107316 11530 121597
121597 11530 107316
11530 107316 121597
4437 40870 49209
40870 4437 49209
49209 4437 40870
106948 28417 82971
82971 28417 106948
28417 82971 106948
105512 27739 69410
69410 27739 105512
27739 69410 105512
109013 12 17316
12 17316 109013
17316 12 109013
111942 104232 148742
148742 104232 111942
104232 111942 148742
3408 48915 145866
145866 3408 48915
48915 3408 145866
48914 63269 126319
63269 48914 126319
126319 48914 63269
39908 87097 136486
87097 39908 136486
136486 39908 87097
94748 77171 148854
77171 94748 148854
148854 77171 94748
93851 23969 24209
24209 23969 93851
23969 24209 93851
39013 22345 112491
112491 22345 39013
22345 39013 112491
63859 44397 126126
44397 63859 126126
126126 44397 63859
99149 4427 25328
4427 25328 99149
25328 4427 99149
49638 18005 91383
91383 18005 49638
18005 49638 91383
41070 2845 45856
45856 2845 41070
2845 41070 45856
114881 5945 105798
5945 105798 114881
105798 5945 114881
84856 27682 141732
27682 84856 141732
141732 27682 84856
149521 50292 117577
50292 117577 149521
117577 50292 149521
68231 128398 142695
128398 68231 142695
142695 68231 128398
129979 2707 97958
2707 97958 129979
97958 2707 129979
61639 28148 94473
28148 61639 94473
94473 28148 61639
48385 37378 131592
37378 48385 131592
131592 37378 48385
71388 107480 137853
137853 71388 107480
107480 71388 137853
34470 42437 46576
46576 34470 42437
42437 34470 46576
110388 29757 43486
43486 29757 110388
29757 43486 110388
40281 109140 111405
111405 40281 109140
109140 40281 111405
125998 24066 98537
98537 24066 125998
24066 98537 125998
108355 55512 140361
55512 108355 140361
140361 55512 108355
13690 34202 116954
116954 13690 34202
34202 13690 116954
31716 13274 30060
13274 30060 31716
30060 13274 31716
12088 79560 88416
88416 12088 79560
79560 12088 88416
86887 22377 96974
96974 22377 86887
22377 86887 96974
60562 60198 123630
60198 60562 123630
123630 60198 60562
111978 11126 146229
11126 111978 146229
146229 11126 111978
131157 36430 71639
71639 36430 131157
36430 71639 131157
75642 41483 78545
78545 41483 75642
41483 75642 78545
120559 14495 122437
122437 14495 120559
14495 120559 122437
70392 88849 141188
88849 70392 141188
141188 70392 88849
80251 21091 91044
91044 21091 80251
21091 80251 91044
11023 6130 35770
6130 11023 35770
35770 6130 11023
88791 31432 118945
31432 88791 118945
118945 31432 88791
83017 32423 100026
32423 83017 100026
100026 32423 83017
4762 105241 134452
134452 4762 105241
105241 4762 134452
127959 42867 69184
69184 42867 127959
42867 69184 127959
17920 56760 117713
117713 17920 56760
56760 17920 117713
132567 13196 27667
27667 13196 132567
13196 27667 132567
4790 26978 79784
26978 4790 79784
79784 4790 26978
56429 59356 142188
