14200 4348 5625
4348 5625 14200
5625 4348 14200
10657 8181 13653
13653 8181 10657
8181 10657 13653
7534 604 2561
2561 604 7534
604 2561 7534
6744 4812 8596
8596 4812 6744
4812 6744 8596
11748 3607 3889
3607 3889 11748
3889 3607 11748
13414 13973 14291
13973 13414 14291
14291 13414 13973
31 3495 10633
10633 31 3495
3495 31 10633
11530 9210 14043
9210 11530 14043
14043 9210 11530
3689 1839 5387
5387 1839 3689
1839 3689 5387
11290 7952 10945
10945 7952 11290
7952 10945 11290
8683 5011 10866
5011 8683 10866
10866 5011 8683
3895 4908 6281
4908 3895 6281
6281 3895 4908
1310 3762 12306
12306 1310 3762
3762 1310 12306
1741 5549 11400
5549 1741 11400
11400 1741 5549
8516 2096 6623
2096 6623 8516
6623 2096 8516
10163 10337 14104
10337 10163 14104
14104 10163 10337
10214 5367 12331
12331 5367 10214
5367 10214 12331
5895 365 14379
365 5895 14379
14379 365 5895
9099 10292 12130
12130 9099 10292
10292 9099 12130
6184 2434 3564
2434 3564 6184
3564 2434 6184
12450 4515 6488
4515 6488 12450
6488 4515 12450
14850 727 7005
7005 727 14850
727 7005 14850
4830 6804 14477
6804 4830 14477
14477 4830 6804
11839 5317 9909
9909 5317 11839
5317 9909 11839
7594 1022 2925
1022 2925 7594
2925 1022 7594
13336 1874 3995
1874 3995 13336
3995 1874 13336
12113 5105 7895
7895 5105 12113
5105 7895 12113
11830 10618 14518
10618 11830 14518
14518 10618 11830
10155 6904 8827
8827 6904 10155
6904 8827 10155
13624 1138 12496
12496 1138 13624
1138 12496 13624
7644 5032 14217
14217 5032 7644
5032 7644 14217
847 6799 14727
14727 847 6799
6799 847 14727
676 8642 13922
13922 676 8642
8642 676 13922
4757 733 12998
733 4757 12998
12998 733 4757
6688 1685 9375
1685 6688 9375
9375 1685 6688
13005 912 10221
912 10221 13005
10221 912 13005
13637 2107 3488
2107 3488 13637
3488 2107 13637
7931 9455 11793
9455 7931 11793
11793 7931 9455
10256 2162 6674
2162 6674 10256
6674 2162 10256
2497 4805 8543
4805 2497 8543
8543 2497 4805
6300 2850 5052
5052 2850 6300
2850 5052 6300
4417 2562 3305
2562 3305 4417
3305 2562 4417
577 1249 7949
7949 577 1249
1249 577 7949
10559 6083 6599
6599 6083 10559
6083 6599 10559
5318 2163 2493
2163 2493 5318
2493 2163 5318
11807 526 14887
14887 526 11807
526 11807 14887
3180 2367 5486
5486 2367 3180
2367 3180 5486
12129 234 2465
2465 234 12129
234 2465 12129
2558 6879 11224
11224 2558 6879
6879 2558 11224
4849 7301 14734
7301 4849 14734
14734 4849 7301
2698 519 4378
4378 519 2698
519 2698 4378
7821 150 14864
14864 150 7821
150 7821 14864
14093 6609 7950
7950 6609 14093
6609 7950 14093
11692 634 8558
8558 634 11692
634 8558 11692
14654 4068 5116
5116 4068 14654
4068 5116 14654
8216 4966 9456
4966 8216 9456
9456 4966 8216
1540 11322 12267
12267 1540 11322
11322 1540 12267
1357 7725 9516
7725 1357 9516
9516 1357 7725
3261 5905 8570
8570 3261 5905
5905 3261 8570
3908 6694 7643
6694 3908 7643
7643 3908 6694
4572 1171 7944
1171 4572 7944
7944 1171 4572
5285 4690 7799
4690 5285 7799
7799 4690 5285
10808 6707 6746
6707 6746 10808
6746 6707 10808
6461 1892 14948
14948 1892 6461
1892 6461 14948
5074 3238 10390
10390 3238 5074
3238 5074 10390
232 3322 14126
14126 232 3322
3322 232 14126
11165 1680 7303
1680 7303 11165
7303 1680 11165
5637 2351 9760
2351 5637 9760
9760 2351 5637
12275 1629 12632
12632 1629 12275
1629 12275 12632
4472 7023 14920
7023 4472 14920
14920 4472 7023
7596 11114 12831
12831 7596 11114
11114 7596 12831
3373 2569 7941
7941 2569 3373
2569 3373 7941
1650 559 7494
7494 559 1650
559 1650 7494
9017 13154 13420
13420 9017 13154
13154 9017 13420
13810 4017 8788
8788 4017 13810
4017 8788 13810
12073 4857 11157
11157 4857 12073
4857 11157 12073
14212 7710 7791
7791 7710 14212
7710 7791 14212
1607 4898 13284
4898 1607 13284
13284 1607 4898
8234 184 14743
184 8234 14743
14743 184 8234
3890 9320 14032
14032 3890 9320
9320 3890 14032
1248 5638 11864
11864 1248 5638
5638 1248 11864
10872 7361 11941
11941 7361 10872
7361 10872 11941
4144 522 13014
13014 522 4144
522 4144 13014
11264 12207 12464
12464 11264 12207
12207 11264 12464
7810 1297 11569
1297 7810 11569
11569 1297 7810
10459 1426 14810
1426 10459 14810
14810 1426 10459
4243 7709 8363
8363 4243 7709
7709 4243 8363
13242 2185 10309
10309 2185 13242
2185 10309 13242
10429 12163 14541
12163 10429 14541
14541 10429 12163
11022 1394 11112
11112 1394 11022
1394 11022 11112
6885 988 2264
988 2264 6885
2264 988 6885
13122 13302 14716
13302 13122 14716
14716 13122 13302
10186 998 14839
998 10186 14839
14839 998 10186
8156 4820 7137
4820 7137 8156
7137 4820 8156
9988 6256 11316
11316 6256 9988
6256 9988 11316
5881 2230 3023
2230 3023 5881
3023 2230 5881
1923 1971 12987
1971 1923 12987
12987 1923 1971
1617 3703 10852
3703 1617 10852
10852 1617 3703
11199 8562 10207
10207 8562 11199
8562 10207 11199
116 2486 3302
2486 116 3302
3302 116 2486
7581 10763 14280
14280 7581 10763
10763 7581 14280
9677 465 11299
465 9677 11299
11299 465 9677
6411 903 7788
903 6411 7788
7788 903 6411
3107 11393 14013
14013 3107 11393
11393 3107 14013
3661 5985 8094
8094 3661 5985
5985 3661 8094
12491 2299 3202
2299 3202 12491
3202 2299 12491
11345 2387 14314
2387 11345 14314
14314 2387 11345
13239 4156 4731
4156 4731 13239
4731 4156 13239
5211 8535 13541
13541 5211 8535
8535 5211 13541
2103 10245 14692
14692 2103 10245
10245 2103 14692
3215 3537 13661
3537 3215 13661
13661 3215 3537
6767 1713 3583
1713 3583 6767
3583 1713 6767
5458 3124 3174
3124 3174 5458
3174 3124 5458
14141 9723 12683
12683 9723 14141
9723 12683 14141
3051 12843 14599
12843 3051 14599
14599 3051 12843
2492 11051 12048
12048 2492 11051
11051 2492 12048
2385 2518 13672
2518 2385 13672
13672 2385 2518
14781 6147 11649
11649 6147 14781
6147 11649 14781
12212 2716 9725
9725 2716 12212
2716 9725 12212
14064 6431 14336
14336 6431 14064
6431 14064 14336
10442 1644 2433
1644 2433 10442
2433 1644 10442
12106 551 12414
551 12106 12414
12414 551 12106
13365 4553 7743
4553 7743 13365
7743 4553 13365
2450 6535 11688
6535 2450 11688
11688 2450 6535
10532 7609 12550
7609 10532 12550
12550 7609 10532
9870 782 4146
782 4146 9870
4146 782 9870
8571 4141 7089
7089 4141 8571
4141 7089 8571
14914 6985 12867
12867 6985 14914
6985 12867 14914
10108 2511 10949
2511 10108 10949
10949 2511 10108
2249 49 12575
49 2249 12575
12575 49 2249
13254 793 2298
793 2298 13254
2298 793 13254
1911 12279 14245
12279 1911 14245
14245 1911 12279
6603 8343 13183
8343 6603 13183
13183 6603 8343
9669 4750 10564
4750 9669 10564
10564 4750 9669
9206 5975 11353
5975 9206 11353
11353 5975 9206
14367 210 14663
14663 210 14367
210 14367 14663
4385 9851 14754
9851 4385 14754
14754 4385 9851
14237 2487 9900
9900 2487 14237
2487 9900 14237
3096 1756 5353
5353 1756 3096
1756 3096 5353
7733 5976 10215
10215 5976 7733
5976 7733 10215
1480 6973 9138
9138 1480 6973
6973 1480 9138
3811 485 2539
485 2539 3811
2539 485 3811
12540 1546 14253
14253 1546 12540
1546 12540 14253
10620 5997 14268
5997 10620 14268
14268 5997 10620
11835 6763 10093
10093 6763 11835
6763 10093 11835
11806 8871 11340
8871 11340 11806
11340 8871 11806
11031 9860 13648
13648 9860 11031
9860 11031 13648
12320 12532 13647
12532 12320 13647
13647 12320 12532
7342 6946 8367
6946 7342 8367
8367 6946 7342
14618 8429 12327
12327 8429 14618
8429 12327 14618
12797 4312 12373
12373 4312 12797
4312 12373 12797
4545 8680 14092
14092 4545 8680
8680 4545 14092
10710 1775 9930
1775 9930 10710
9930 1775 10710
1269 9590 14636
14636 1269 9590
9590 1269 14636
1726 1843 5991
5991 1726 1843
1843 1726 5991
1073 4078 14802
4078 1073 14802
14802 1073 4078
14722 3313 5573
5573 3313 14722
3313 5573 14722
9301 4964 11716
11716 4964 9301
4964 9301 11716
3063 10792 13387
10792 3063 13387
13387 3063 10792
6975 1058 10288
10288 1058 6975
1058 6975 10288
9341 1238 13049
13049 1238 9341
1238 9341 13049
6955 3527 5175
3527 5175 6955
5175 3527 6955
915 1098 14264
1098 915 14264
14264 915 1098
934 2460 14957
14957 934 2460
2460 934 14957
4686 1748 4428
1748 4428 4686
4428 1748 4686
12985 2445 8032
2445 8032 12985
8032 2445 12985
4537 11616 12594
11616 4537 12594
12594 4537 11616
4833 7819 11265
11265 4833 7819
7819 4833 11265
6353 3979 5731
5731 3979 6353
3979 5731 6353
5478 5170 12739
5170 5478 12739
12739 5170 5478
13385 4479 9144
4479 9144 13385
9144 4479 13385
5845 2845 10277
2845 5845 10277
10277 2845 5845
13630 22 8542
22 8542 13630
8542 22 13630
14835 4216 4552
4552 4216 14835
4216 4552 14835
5154 4522 10172
4522 5154 10172
10172 4522 5154
13604 4148 12469
4148 12469 13604
12469 4148 13604
3802 7587 10500
10500 3802 7587
7587 3802 10500
11087 4620 9536
4620 9536 11087
9536 4620 11087
7986 274 9483
274 7986 9483
9483 274 7986
3177 9990 10399
10399 3177 9990
9990 3177 10399
10704 7985 10750
10750 7985 10704
7985 10704 10750
11356 4716 11068
4716 11068 11356
11068 4716 11356
357 8993 9577
8993 357 9577
9577 357 8993
10176 415 13285
13285 415 10176
415 10176 13285
7001 6033 11331
11331 6033 7001
6033 7001 11331
1831 855 5874
855 1831 5874
5874 855 1831
2474 11063 12799
11063 2474 12799
12799 2474 11063
12173 1675 9321
1675 9321 12173
9321 1675 12173
6400 2106 6471
6471 2106 6400
2106 6400 6471
7741 1026 9532
9532 1026 7741
1026 7741 9532
5390 21 4513
4513 21 5390
21 4513 5390
1447 12979 13396
12979 1447 13396
13396 1447 12979
14273 6245 8862
6245 8862 14273
8862 6245 14273
12249 1774 11456
11456 1774 12249
1774 11456 12249
853 1215 5635
1215 853 5635
5635 853 1215
5214 816 13530
816 5214 13530
13530 816 5214
11669 14236 14412
14412 11669 14236
14236 11669 14412
7245 3031 5503
5503 3031 7245
3031 5503 7245
6390 13253 13707
13253 6390 13707
13707 6390 13253
3717 11163 12505
11163 3717 12505
12505 3717 11163
6519 2717 3662
2717 3662 6519
3662 2717 6519
13586 12879 13835
12879 13586 13835
13835 12879 13586
3258 4033 8641
8641 3258 4033
4033 3258 8641
5194 7540 14180
7540 5194 14180
14180 5194 7540
114 2098 14154
2098 114 14154
14154 114 2098
2676 250 11913
11913 250 2676
250 2676 11913
5197 6756 6876
6756 5197 6876
6876 5197 6756
8461 13725 14462
14462 8461 13725
13725 8461 14462
772 10521 11915
11915 772 10521
10521 772 11915
10511 5308 10121
10121 5308 10511
5308 10121 10511
1377 4091 12735
12735 1377 4091
4091 1377 12735
6547 2915 4076
4076 2915 6547
2915 4076 6547
5075 6805 7750
6805 5075 7750
7750 5075 6805
2888 1945 7933
1945 2888 7933
7933 1945 2888
6723 4408 7115
7115 4408 6723
4408 6723 7115
10964 5498 12969
5498 10964 12969
12969 5498 10964
5389 6117 6448
6448 5389 6117
6117 5389 6448
8102 931 10253
10253 931 8102
931 8102 10253
10569 12415 13376
13376 10569 12415
12415 10569 13376
7083 7928 14393
7928 7083 14393
14393 7083 7928
2289 1260 12065
12065 1260 2289
1260 2289 12065
10727 1027 11629
11629 1027 10727
1027 10727 11629
8951 7354 10489
10489 7354 8951
7354 8951 10489
8387 12412 12935
12412 8387 12935
12935 8387 12412
2781 3419 14526
14526 2781 3419
3419 2781 14526
12816 4834 13662
13662 4834 12816
4834 12816 13662
9564 9402 14009
14009 9402 9564
9402 9564 14009
3139 1928 2266
1928 2266 3139
2266 1928 3139
6616 9357 9418
9418 6616 9357
9357 6616 9418
3110 7962 9034
9034 3110 7962
7962 3110 9034
534 6835 10213
6835 534 10213
10213 534 6835
633 1844 4437
4437 633 1844
1844 633 4437
2399 558 7490
7490 558 2399
558 2399 7490
4180 493 6611
493 4180 6611
6611 493 4180
12884 766 10990
10990 766 12884
766 10990 12884
383 395 921
921 383 395
395 383 921
5202 2140 7086
2140 5202 7086
7086 2140 5202
8870 3381 8456
3381 8456 8870
8456 3381 8870
10514 3507 11878
11878 3507 10514
3507 10514 11878
5814 2064 13469
2064 5814 13469
13469 2064 5814
11419 6612 8779
6612 8779 11419
8779 6612 11419
520 8750 14764
14764 520 8750
8750 520 14764
1915 6275 8360
8360 1915 6275
6275 1915 8360
13041 201 3774
201 3774 13041
3774 201 13041
5812 6396 13087
13087 5812 6396
6396 5812 13087
13009 11060 14408
14408 11060 13009
11060 13009 14408
3893 4421 7143
4421 3893 7143
7143 3893 4421
5401 1230 3976
3976 1230 5401
1230 3976 5401
6450 3352 14675
14675 3352 6450
3352 6450 14675
3601 8608 9065
8608 3601 9065
9065 3601 8608
9290 4907 9447
9447 4907 9290
4907 9290 9447
9811 7241 13499
7241 9811 13499
13499 7241 9811
8814 1037 12456
1037 8814 12456
12456 1037 8814
5936 6460 11090
11090 5936 6460
6460 5936 11090
10868 264 11255
11255 264 10868
264 10868 11255
13754 12262 12586
12586 12262 13754
12262 12586 13754
786 6661 13142
13142 786 6661
6661 786 13142
9356 1121 3390
1121 3390 9356
3390 1121 9356
11258 9148 10386
9148 10386 11258
10386 9148 11258
10525 11840 13421
11840 10525 13421
13421 10525 11840
5965 5589 6031
6031 5589 5965
5589 5965 6031
4108 3645 9272
3645 4108 9272
9272 3645 4108
13787 3886 11746
11746 3886 13787
3886 11746 13787
6419 4053 11752
11752 4053 6419
4053 6419 11752
1374 2643 10768
2643 1374 10768
10768 1374 2643
10164 5409 6062
5409 6062 10164
6062 5409 10164
11762 3001 3900
3900 3001 11762
3001 3900 11762
13968 3395 9974
3395 9974 13968
9974 3395 13968
10452 5302 13501
13501 5302 10452
5302 10452 13501
5950 3103 11711
11711 3103 5950
3103 5950 11711
6762 11643 14461
14461 6762 11643
11643 6762 14461
4226 6819 13623
13623 4226 6819
6819 4226 13623
2453 3673 10957
3673 2453 10957
10957 2453 3673
10871 400 13886
400 10871 13886
13886 400 10871
14341 7294 10550
7294 10550 14341
10550 7294 14341
3975 5675 13943
5675 3975 13943
13943 3975 5675
4717 4810 5388
4810 4717 5388
5388 4717 4810
785 2168 6050
6050 785 2168
2168 785 6050
2995 7903 8475
8475 2995 7903
7903 2995 8475
3162 4292 7720
7720 3162 4292
4292 3162 7720
14866 2855 6163
2855 6163 14866
6163 2855 14866
9547 1237 2120
1237 2120 9547
2120 1237 9547
5386 8243 9469
9469 5386 8243
8243 5386 9469
7178 647 4094
4094 647 7178
647 4094 7178
10760 6467 12333
12333 6467 10760
6467 10760 12333
9845 2153 10536
10536 2153 9845
2153 9845 10536
3496 329 3479
3479 329 3496
329 3479 3496
9777 10391 14834
10391 9777 14834
14834 9777 10391
7413 4795 5756
5756 4795 7413
4795 5756 7413
3461 11464 11722
11722 3461 11464
11464 3461 11722
10894 2178 4868
4868 2178 10894
2178 4868 10894
9397 2225 3718
2225 3718 9397
3718 2225 9397
3316 4736 13447
4736 3316 13447
13447 3316 4736
6858 3898 4256
4256 3898 6858
3898 4256 6858
1524 3868 10922
10922 1524 3868
3868 1524 10922
8015 1627 3983
3983 1627 8015
1627 3983 8015
576 12186 12855
12186 576 12855
12855 576 12186
923 3959 10551
10551 923 3959
3959 923 10551
6191 11554 14548
14548 6191 11554
11554 6191 14548
13470 10087 14629
14629 10087 13470
10087 13470 14629
11373 2136 11524
2136 11373 11524
11524 2136 11373
260 4740 9269
9269 260 4740
4740 260 9269
2141 2665 6065
6065 2141 2665
2665 2141 6065
13322 1243 9417
9417 1243 13322
1243 9417 13322
14652 3053 7074
7074 3053 14652
3053 7074 14652
4625 1107 5922
1107 4625 5922
5922 1107 4625
9689 2239 8887
8887 2239 9689
2239 8887 9689
10388 8786 14156
14156 8786 10388
8786 10388 14156
14879 12367 12977
12977 12367 14879
12367 12977 14879
4415 1435 7619
1435 4415 7619
7619 1435 4415
449 2801 12733
12733 449 2801
2801 449 12733
9769 6737 8006
6737 8006 9769
8006 6737 9769
7306 4668 6341
4668 6341 7306
6341 4668 7306
4707 9403 11859
11859 4707 9403
9403 4707 11859
6932 23 14302
23 6932 14302
14302 23 6932
8132 10280 12238
10280 8132 12238
12238 8132 10280
7451 3447 10677
10677 3447 7451
3447 7451 10677
5783 1498 8784
1498 5783 8784
8784 1498 5783
2388 3694 10858
3694 2388 10858
10858 2388 3694
5178 1699 6392
6392 1699 5178
1699 5178 6392
175 507 5849
5849 175 507
507 175 5849
9178 2406 12790
2406 9178 12790
12790 2406 9178
14074 900 5391
5391 900 14074
900 5391 14074
9600 538 11905
11905 538 9600
538 9600 11905
10726 1069 3770
3770 1069 10726
1069 3770 10726
702 11812 12933
11812 702 12933
12933 702 11812
10972 2404 9741
9741 2404 10972
2404 9741 10972
6733 5201 13453
13453 5201 6733
5201 6733 13453
14145 9510 10310
10310 9510 14145
9510 10310 14145
6931 7457 10236
7457 6931 10236
10236 6931 7457
10671 7871 12890
12890 7871 10671
7871 10671 12890
966 2349 3250
3250 966 2349
2349 966 3250
11086 8486 12384
12384 8486 11086
8486 11086 12384
5826 11144 12029
11144 5826 12029
12029 5826 11144
1286 2577 11522
2577 1286 11522
11522 1286 2577
11860 4436 7970
4436 7970 11860
7970 4436 11860
14008 3289 6566
3289 6566 14008
6566 3289 14008
10021 12795 14445
14445 10021 12795
12795 10021 14445
9400 2966 4504
4504 2966 9400
2966 4504 9400
8242 12615 13125
13125 8242 12615
12615 8242 13125
8525 726 4947
726 4947 8525
4947 726 8525
1204 4769 9942
9942 1204 4769
4769 1204 9942
11406 5187 10098
10098 5187 11406
5187 10098 11406
13898 2953 12160
2953 12160 13898
12160 2953 13898
636 4205 11083
11083 636 4205
4205 636 11083
6386 1800 1840
1840 1800 6386
1800 1840 6386
14949 209 6781
209 6781 14949
6781 209 14949
2978 2304 4008
4008 2304 2978
2304 2978 4008
6888 2872 9667
2872 6888 9667
9667 2872 6888
4645 6600 12542
12542 4645 6600
6600 4645 12542
11604 416 4786
416 4786 11604
4786 416 11604
6126 2948 4275
2948 4275 6126
4275 2948 6126
3525 5802 10414
10414 3525 5802
5802 3525 10414
14795 662 14718
14718 662 14795
662 14718 14795
6410 5403 6231
5403 6231 6410
6231 5403 6410
6261 5283 7620
5283 6261 7620
7620 5283 6261
14768 5520 7654
5520 7654 14768
7654 5520 14768
7946 4138 13061
13061 4138 7946
4138 7946 13061
1067 2659 12813
12813 1067 2659
2659 1067 12813
4351 1109 13024
1109 4351 13024
13024 1109 4351
8353 11506 13826
11506 8353 13826
13826 8353 11506
13487 2589 10616
2589 10616 13487
10616 2589 13487
8732 6676 12393
6676 8732 12393
12393 6676 8732
5935 6546 13299
13299 5935 6546
6546 5935 13299
9024 10919 14884
14884 9024 10919
10919 9024 14884
8876 555 11990
555 8876 11990
11990 555 8876
2026 13065 14707
14707 2026 13065
13065 2026 14707
11478 7611 8497
7611 8497 11478
8497 7611 11478
7196 1050 14063
14063 1050 7196
1050 7196 14063
2166 6154 12326
12326 2166 6154
6154 2166 12326
13529 6326 9530
9530 6326 13529
6326 9530 13529
2070 2361 4535
4535 2070 2361
2361 2070 4535
11014 7292 7713
7292 7713 11014
7713 7292 11014
10175 4542 7322
4542 7322 10175
7322 4542 10175
8632 4648 9559
9559 4648 8632
4648 8632 9559
627 9661 10823
9661 627 10823
10823 627 9661
9503 4099 12718
4099 9503 12718
12718 4099 9503
3815 11038 14329
11038 3815 14329
14329 3815 11038
3131 1396 4282
1396 3131 4282
4282 1396 3131
13552 5475 11672
5475 11672 13552
11672 5475 13552
9712 5042 10626
5042 9712 10626
10626 5042 9712
811 5384 10762
5384 811 10762
10762 811 5384
11788 1342 10870
1342 10870 11788
10870 1342 11788
13888 566 4575
4575 566 13888
566 4575 13888
14875 8972 14499
8972 14499 14875
14499 8972 14875
6740 2620 2976
2620 2976 6740
2976 2620 6740
2833 9814 9898
9814 2833 9898
9898 2833 9814
6016 7091 13750
7091 6016 13750
13750 6016 7091
1727 484 11415
11415 484 1727
484 1727 11415
5543 8166 14150
14150 5543 8166
8166 5543 14150
13007 292 8237
292 8237 13007
8237 292 13007
8122 8427 10040
8427 8122 10040
10040 8122 8427
4318 6699 14596
6699 4318 14596
14596 4318 6699
6558 2693 8062
2693 6558 8062
8062 2693 6558
11751 276 12502
12502 276 11751
276 11751 12502
9410 8104 11580
11580 8104 9410
8104 9410 11580
8248 6731 7412
6731 7412 8248
7412 6731 8248
11498 809 11036
809 11036 11498
11036 809 11498
10254 1478 10845
10845 1478 10254
1478 10254 10845
10460 1752 9406
9406 1752 10460
1752 9406 10460
686 4422 14715
14715 686 4422
4422 686 14715
10655 4496 8385
4496 8385 10655
8385 4496 10655
11282 317 12486
12486 317 11282
317 11282 12486
99 3656 4591
4591 99 3656
3656 99 4591
10593 1869 13397
13397 1869 10593
1869 10593 13397
8417 901 2459
901 2459 8417
2459 901 8417
2015 3716 13026
3716 2015 13026
13026 2015 3716
262 193 2703
193 262 2703
2703 193 262
316 962 6978
962 316 6978
6978 316 962
11489 4261 12564
12564 4261 11489
4261 11489 12564
6084 1797 2131
2131 1797 6084
1797 2131 6084
7858 4085 12709
12709 4085 7858
4085 7858 12709
4029 11385 13664
11385 4029 13664
13664 4029 11385
12748 10582 13564
13564 10582 12748
10582 12748 13564
9323 8950 11847
8950 9323 11847
11847 8950 9323
1016 5280 13861
13861 1016 5280
5280 1016 13861
9644 6447 11497
6447 9644 11497
11497 6447 9644
3910 12643 13484
12643 3910 13484
13484 3910 12643
4753 4865 12499
4865 4753 12499
12499 4753 4865
3343 3783 4064
3783 3343 4064
4064 3343 3783
14496 2954 8929
2954 8929 14496
8929 2954 14496
14710 8316 12066
8316 12066 14710
12066 8316 14710
5718 12582 12917
12582 5718 12917
12917 5718 12582
12503 6265 7180
7180 6265 12503
6265 7180 12503
2268 5696 10413
10413 2268 5696
5696 2268 10413
8502 6543 11486
6543 8502 11486
11486 6543 8502
14684 3760 4797
3760 4797 14684
4797 3760 14684
7318 5254 8941
8941 5254 7318
5254 7318 8941
12138 6314 9245
9245 6314 12138
6314 9245 12138
1288 1982 12764
12764 1288 1982
1982 1288 12764
10784 3410 14080
3410 10784 14080
14080 3410 10784
9004 162 11736
162 9004 11736
11736 162 9004
10560 9415 12336
9415 10560 12336
12336 9415 10560
11287 4927 11477
11477 4927 11287
4927 11287 11477
7508 8395 12680
12680 7508 8395
8395 7508 12680
14558 2679 4122
4122 2679 14558
2679 4122 14558
4080 5695 5734
5695 4080 5734
5734 4080 5695
6185 1783 3491
1783 3491 6185
3491 1783 6185
6896 6677 11454
11454 6677 6896
6677 6896 11454
14515 391 13714
13714 391 14515
391 13714 14515
1195 3822 10923
10923 1195 3822
3822 1195 10923
14562 1834 4712
4712 1834 14562
1834 4712 14562
157 14312 14941
14312 157 14941
14941 157 14312
11101 8733 11842
8733 11101 11842
11842 8733 11101
8072 3016 5837
5837 3016 8072
3016 5837 8072
7 1848 10649
10649 7 1848
1848 7 10649
9127 2246 4616
2246 4616 9127
4616 2246 9127
12442 5968 6240
6240 5968 12442
5968 6240 12442
11283 13566 14309
13566 11283 14309
14309 11283 13566
8940 3098 7459
3098 7459 8940
7459 3098 8940
3233 3654 5483
5483 3233 3654
3654 3233 5483
1387 3224 5906
3224 1387 5906
5906 1387 3224
4752 10171 14172
10171 4752 14172
14172 4752 10171
11679 598 7254
7254 598 11679
598 7254 11679
13027 141 6719
6719 141 13027
141 6719 13027
10818 4701 10528
4701 10528 10818
10528 4701 10818
689 2294 3730
3730 689 2294
2294 689 3730
1300 12636 14669
12636 1300 14669
14669 1300 12636
13639 2813 8637
8637 2813 13639
2813 8637 13639
6919 124 8601
124 6919 8601
8601 124 6919
14040 8397 9773
9773 8397 14040
8397 9773 14040
11855 2155 14709
2155 11855 14709
14709 2155 11855
5775 4704 4967
4704 4967 5775
4967 4704 5775
7090 6094 7780
7780 6094 7090
6094 7090 7780
14416 8018 13155
8018 13155 14416
13155 8018 14416
7259 4718 14536
4718 7259 14536
14536 4718 7259
3729 10773 13146
13146 3729 10773
10773 3729 13146
3794 1370 14547
14547 1370 3794
1370 3794 14547
5746 9857 11609
9857 5746 11609
11609 5746 9857
11203 6030 7394
6030 7394 11203
7394 6030 11203
14356 2371 4246
4246 2371 14356
2371 4246 14356
206 5305 14286
5305 206 14286
14286 206 5305
13360 4046 10089
4046 10089 13360
10089 4046 13360
7783 1274 1993
1274 1993 7783
1993 1274 7783
10672 2084 13605
2084 10672 13605
13605 2084 10672
4905 4115 5902
4115 4905 5902
5902 4115 4905
14083 14248 14877
14877 14083 14248
14248 14083 14877
4098 8115 10045
10045 4098 8115
8115 4098 10045
13551 2184 4004
2184 4004 13551
4004 2184 13551
11117 4249 12135
4249 11117 12135
12135 4249 11117
13510 659 14623
14623 659 13510
659 13510 14623
6011 34 11186
34 6011 11186
11186 34 6011
8053 10065 12487
10065 8053 12487
12487 8053 10065
6082 12697 14204
12697 6082 14204
14204 6082 12697
4869 1712 2565
1712 2565 4869
2565 1712 4869
9450 3791 8781
3791 8781 9450
8781 3791 9450
7633 1209 11067
11067 1209 7633
1209 7633 11067
11372 9869 14127
9869 11372 14127
14127 9869 11372
8392 8087 13960
13960 8087 8392
8087 8392 13960
8462 1475 5307
5307 1475 8462
1475 5307 8462
8473 3153 10355
10355 3153 8473
3153 8473 10355
13678 982 9494
9494 982 13678
982 9494 13678
1405 1141 2924
2924 1141 1405
1141 1405 2924
12812 3884 5368
3884 5368 12812
5368 3884 12812
1989 4300 10799
4300 1989 10799
10799 1989 4300
8151 7331 12168
12168 7331 8151
7331 8151 12168
1455 7096 11573
11573 1455 7096
7096 1455 11573
544 6404 9058
9058 544 6404
6404 544 9058
10790 9443 10846
10846 9443 10790
9443 10790 10846
12315 5744 9642
5744 9642 12315
9642 5744 12315
2649 7894 8406
7894 2649 8406
8406 2649 7894
14149 983 2785
2785 983 14149
983 2785 14149
6516 5676 11442
5676 6516 11442
11442 5676 6516
9522 4842 8942
8942 4842 9522
4842 8942 9522
3069 4069 8075
4069 3069 8075
8075 3069 4069
7369 5873 13899
5873 7369 13899
13899 5873 7369
8756 1716 2843
1716 2843 8756
2843 1716 8756
6285 9197 14823
14823 6285 9197
9197 6285 14823
8191 1661 2567
1661 2567 8191
2567 1661 8191
11349 3930 7173
3930 7173 11349
7173 3930 11349
9261 7162 8430
7162 8430 9261
8430 7162 9261
1760 3953 7161
7161 1760 3953
3953 1760 7161
8365 4272 8970
8970 4272 8365
4272 8365 8970
3696 2234 4814
4814 2234 3696
2234 3696 4814
14401 5433 12371
12371 5433 14401
5433 12371 14401
4001 1818 5286
1818 4001 5286
5286 1818 4001
7947 117 8792
117 7947 8792
8792 117 7947
4364 7932 11247
11247 4364 7932
7932 4364 11247
10127 3273 13974
13974 3273 10127
3273 10127 13974
11348 6579 12664
12664 6579 11348
6579 11348 12664
622 10827 13053
13053 622 10827
10827 622 13053
11155 4847 7855
4847 7855 11155
7855 4847 11155
3149 5083 11547
11547 3149 5083
5083 3149 11547
9521 87 8218
87 8218 9521
8218 87 9521
6201 1364 13166
13166 1364 6201
1364 6201 13166
14111 693 8607
693 8607 14111
8607 693 14111
7781 143 11123
11123 143 7781
143 7781 11123
3540 1521 9089
9089 1521 3540
1521 3540 9089
11418 10755 10961
10961 10755 11418
10755 10961 11418
11138 6801 10307
6801 10307 11138
10307 6801 11138
10469 2540 5843
2540 5843 10469
5843 2540 10469
2525 6214 11684
11684 2525 6214
6214 2525 11684
158 7693 7874
7693 158 7874
7874 158 7693
4474 8085 9904
9904 4474 8085
8085 4474 9904
9174 5454 13928
5454 9174 13928
13928 5454 9174
6988 353 5303
353 5303 6988
5303 353 6988
10037 7191 13704
13704 7191 10037
7191 10037 13704
3236 2372 12201
2372 3236 12201
12201 2372 3236
12209 826 1126
1126 826 12209
826 1126 12209
7144 3231 8790
8790 3231 7144
3231 7144 8790
3265 5069 7445
5069 3265 7445
7445 3265 5069
12593 890 10530
890 10530 12593
10530 890 12593
12614 1208 7966
1208 7966 12614
7966 1208 12614
650 3321 3331
3331 650 3321
3321 650 3331
10903 4154 5480
4154 5480 10903
5480 4154 10903
3801 2159 6061
6061 2159 3801
2159 3801 6061
10136 3675 6309
3675 6309 10136
6309 3675 10136
12484 479 505
479 505 12484
505 479 12484
14169 3430 11384
3430 11384 14169
11384 3430 14169
13700 1224 12906
1224 12906 13700
12906 1224 13700
14390 2723 6051
6051 2723 14390
2723 6051 14390
13649 5290 10320
5290 10320 13649
10320 5290 13649
748 2587 7013
2587 748 7013
7013 748 2587
1988 1036 11025
1036 1988 11025
11025 1036 1988
4028 3045 13348
3045 4028 13348
13348 3045 4028
14953 9223 13191
9223 13191 14953
13191 9223 14953
5487 4549 12852
12852 4549 5487
4549 5487 12852
9706 10091 11269
11269 9706 10091
10091 9706 11269
1611 5782 7907
5782 1611 7907
7907 1611 5782
12566 1409 7779
7779 1409 12566
1409 7779 12566
12043 5937 11183
11183 5937 12043
5937 11183 12043
680 7272 14082
7272 680 14082
14082 680 7272
2520 868 1380
1380 868 2520
868 1380 2520
7953 5341 11223
11223 5341 7953
5341 7953 11223
1637 8764 14614
8764 1637 14614
14614 1637 8764
3509 6629 8655
8655 3509 6629
6629 3509 8655
5288 4356 11768
4356 5288 11768
11768 4356 5288
5372 881 11548
881 5372 11548
11548 881 5372
10625 2052 9632
9632 2052 10625
2052 9632 10625
14463 3649 4697
3649 4697 14463
4697 3649 14463
5100 4125 6587
6587 4125 5100
4125 5100 6587
14698 8145 10778
10778 8145 14698
8145 10778 14698
884 8966 13584
8966 884 13584
13584 884 8966
8453 3070 8370
3070 8370 8453
8370 3070 8453
2655 10412 13202
13202 2655 10412
10412 2655 13202
8047 12042 12099
12042 8047 12099
12099 8047 12042
828 546 3334
546 828 3334
3334 546 828
12995 1179 13104
13104 1179 12995
1179 12995 13104
6451 2527 6935
2527 6451 6935
6935 2527 6451
7009 204 6080
6080 204 7009
204 6080 7009
12731 6187 7782
6187 7782 12731
7782 6187 12731
11651 4663 10433
10433 4663 11651
4663 10433 11651
14234 619 1743
619 1743 14234
1743 619 14234
8119 7122 14585
7122 8119 14585
14585 7122 8119
14326 7042 7185
7042 7185 14326
7185 7042 14326
419 4215 10737
4215 419 10737
10737 419 4215
8572 10756 12854
10756 8572 12854
12854 8572 10756
14215 5524 10966
5524 10966 14215
10966 5524 14215
2625 626 11887
626 2625 11887
11887 626 2625
4119 3160 7483
7483 3160 4119
3160 4119 7483
12878 1684 13090
13090 1684 12878
1684 12878 13090
1795 501 11576
11576 501 1795
501 1795 11576
3267 5546 7552
7552 3267 5546
5546 3267 7552
5404 10352 13351
10352 5404 13351
13351 5404 10352
4117 1068 5564
5564 1068 4117
1068 4117 5564
5086 5246 6865
6865 5086 5246
5246 5086 6865
12110 5449 6136
5449 6136 12110
6136 5449 12110
4324 2211 5185
2211 4324 5185
5185 2211 4324
13477 167 13401
167 13401 13477
13401 167 13477
2993 7250 11786
11786 2993 7250
7250 2993 11786
11606 11691 13557
11691 11606 13557
13557 11606 11691
8695 1842 4547
4547 1842 8695
1842 4547 8695
3864 8500 9967
9967 3864 8500
8500 3864 9967
2901 2322 11474
11474 2322 2901
2322 2901 11474
2457 3359 13568
3359 2457 13568
13568 2457 3359
12617 4279 13600
4279 12617 13600
13600 4279 12617
14545 5644 14298
14298 5644 14545
5644 14298 14545
8074 6139 6716
6716 6139 8074
6139 6716 8074
3307 2734 13863
2734 3307 13863
13863 2734 3307
3985 3295 11440
3295 3985 11440
11440 3295 3985
2095 1555 14976
14976 1555 2095
1555 2095 14976
2354 4941 11260
11260 2354 4941
4941 2354 11260
12674 7175 7739
7739 7175 12674
7175 7739 12674
8113 3021 9235
9235 3021 8113
3021 8113 9235
5322 2823 14702
14702 2823 5322
2823 5322 14702
9832 12549 14207
14207 9832 12549
12549 9832 14207
4968 6328 8144
8144 4968 6328
6328 4968 8144
5485 3686 12435
3686 5485 12435
12435 3686 5485
8376 12645 12991
12645 8376 12991
12991 8376 12645
12729 2212 4843
4843 2212 12729
2212 4843 12729
7172 448 1127
1127 448 7172
448 1127 7172
3086 4554 10781
10781 3086 4554
4554 3086 10781
1306 7068 7640
7640 1306 7068
7068 1306 7640
5240 9030 10022
9030 5240 10022
10022 5240 9030
11637 160 8715
160 8715 11637
8715 160 11637
6562 2063 10510
2063 6562 10510
10510 2063 6562
4137 8812 14057
8812 4137 14057
14057 4137 8812
2864 11276 14046
14046 2864 11276
11276 2864 14046
5352 1922 6829
1922 5352 6829
6829 1922 5352
2224 2505 7343
2505 2224 7343
7343 2224 2505
9108 1646 6071
1646 6071 9108
6071 1646 9108
14233 12635 13890
13890 12635 14233
12635 13890 14233
6327 1354 7623
7623 1354 6327
1354 6327 7623
9963 997 12971
12971 997 9963
997 9963 12971
14110 11566 13083
11566 13083 14110
13083 11566 14110
426 943 9217
943 426 9217
9217 426 943
2807 1131 11648
1131 2807 11648
11648 1131 2807
7825 2446 2462
2462 2446 7825
2446 2462 7825
14227 2415 3813
3813 2415 14227
2415 3813 14227
14223 4183 13277
4183 13277 14223
13277 4183 14223
14324 995 7216
7216 995 14324
995 7216 14324
9134 9274 9596
9596 9134 9274
9274 9134 9596
2438 1458 7905
1458 2438 7905
7905 1458 2438
6704 1563 5356
1563 5356 6704
5356 1563 6704
96 4266 9421
4266 96 9421
9421 96 4266
2528 1899 10651
10651 1899 2528
1899 2528 10651
1299 1363 4973
1363 1299 4973
4973 1299 1363
11595 2309 10860
10860 2309 11595
2309 10860 11595
3030 6852 8157
8157 3030 6852
6852 3030 8157
9114 5617 8840
8840 5617 9114
5617 8840 9114
2959 2397 12686
2397 2959 12686
12686 2397 2959
5661 5076 14894
14894 5076 5661
5076 5661 14894
2115 1440 12563
12563 1440 2115
1440 2115 12563
5119 1919 12259
1919 5119 12259
12259 1919 5119
14221 5576 8999
8999 5576 14221
5576 8999 14221
2546 7711 11231
11231 2546 7711
7711 2546 11231
10223 6678 13478
6678 10223 13478
13478 6678 10223
3108 8936 14056
8936 3108 14056
14056 3108 8936
9172 6455 8883
8883 6455 9172
6455 8883 9172
865 3317 7492
3317 865 7492
7492 865 3317
5648 10238 14266
14266 5648 10238
10238 5648 14266
6722 6402 8439
6402 6722 8439
8439 6402 6722
10951 9831 10009
10009 9831 10951
9831 10009 10951
1441 2939 11213
11213 1441 2939
2939 1441 11213
1632 2560 6183
2560 1632 6183
6183 1632 2560
9124 86 2604
2604 86 9124
86 2604 9124
13906 6109 14574
6109 13906 14574
14574 6109 13906
5344 8928 10501
8928 5344 10501
10501 5344 8928
11945 5846 7814
5846 7814 11945
7814 5846 11945
7244 11334 14460
14460 7244 11334
11334 7244 14460
41 14739 14780
14739 41 14780
14780 41 14739
12343 217 13897
13897 217 12343
217 12343 13897
14139 718 14973
718 14139 14973
14973 718 14139
2718 1161 5051
5051 1161 2718
1161 2718 5051
6493 9293 10290
9293 6493 10290
10290 6493 9293
2584 13857 14317
13857 2584 14317
14317 2584 13857
1904 115 8681
8681 115 1904
115 1904 8681
2491 10286 14569
14569 2491 10286
10286 2491 14569
13573 7396 10148
10148 7396 13573
7396 10148 13573
602 2610 5551
2610 602 5551
5551 602 2610
5925 1482 11164
11164 1482 5925
1482 5925 11164
1886 1397 1618
1618 1397 1886
1397 1618 1886
3559 3483 3782
3483 3559 3782
3782 3483 3559
3126 615 2916
615 2916 3126
2916 615 3126
9591 10645 12817
12817 9591 10645
10645 9591 12817
14902 3942 13324
13324 3942 14902
3942 13324 14902
11135 5016 8138
8138 5016 11135
5016 8138 11135
170 8995 14579
8995 170 14579
14579 170 8995
4556 6337 7206
6337 4556 7206
7206 4556 6337
6008 949 10205
949 6008 10205
10205 949 6008
2451 8679 11072
11072 2451 8679
8679 2451 11072
10321 509 8523
8523 509 10321
509 8523 10321
1336 9702 11821
11821 1336 9702
9702 1336 11821
5868 7520 14357
14357 5868 7520
7520 5868 14357
14645 5620 11667
5620 11667 14645
11667 5620 14645
219 3106 13067
3106 219 13067
13067 219 3106
5164 9026 14015
14015 5164 9026
9026 5164 14015
2616 7084 12337
12337 2616 7084
7084 2616 12337
8158 10410 10484
10410 8158 10484
10484 8158 10410
7312 1192 7192
7192 1192 7312
1192 7192 7312
3055 5295 5488
5488 3055 5295
5295 3055 5488
11127 6439 12640
6439 11127 12640
12640 6439 11127
8853 3516 8164
3516 8164 8853
8164 3516 8853
1768 7754 8752
8752 1768 7754
7754 1768 8752
6319 6840 9362
6840 6319 9362
9362 6319 6840
14054 5362 12959
5362 12959 14054
12959 5362 14054
4072 1271 13710
1271 4072 13710
13710 1271 4072
776 10156 10411
10156 776 10411
10411 776 10156
11308 1025 7362
1025 7362 11308
7362 1025 11308
13354 4269 12942
4269 12942 13354
12942 4269 13354
1703 4200 13730
13730 1703 4200
4200 1703 13730
7630 4410 6174
4410 6174 7630
6174 4410 7630
9643 3022 10274
3022 9643 10274
10274 3022 9643
12289 4232 13296
4232 12289 13296
13296 4232 12289
11251 12261 13976
12261 11251 13976
13976 11251 12261
5216 2042 4228
4228 2042 5216
2042 4228 5216
9468 12467 13055
13055 9468 12467
12467 9468 13055
944 2382 5706
5706 944 2382
2382 944 5706
3405 7147 11639
11639 3405 7147
7147 3405 11639
6925 665 6981
665 6925 6981
6981 665 6925
3660 3620 12627
12627 3620 3660
3620 3660 12627
13868 6224 10219
6224 10219 13868
10219 6224 13868
2592 5354 14506
14506 2592 5354
5354 2592 14506
12976 7046 14885
7046 12976 14885
14885 7046 12976
7641 5466 9080
5466 7641 9080
9080 5466 7641
5804 4142 11516
11516 4142 5804
4142 5804 11516
4411 875 12551
875 4411 12551
12551 875 4411
2156 6218 11102
11102 2156 6218
6218 2156 11102
3423 961 8806
8806 961 3423
961 3423 8806
8250 12233 14708
12233 8250 14708
14708 8250 12233
9587 1331 7434
7434 1331 9587
1331 7434 9587
13252 8501 11147
8501 11147 13252
11147 8501 13252
8027 6005 7579
7579 6005 8027
6005 7579 8027
4827 2172 2973
2172 2973 4827
2973 2172 4827
4164 1244 13562
1244 4164 13562
13562 1244 4164
9119 3539 4760
3539 4760 9119
4760 3539 9119
9399 6670 11543
6670 9399 11543
11543 6670 9399
13729 1631 7392
7392 1631 13729
1631 7392 13729
5049 5122 6432
6432 5049 5122
5122 5049 6432
1263 5899 9359
9359 1263 5899
5899 1263 9359
6296 11125 13187
11125 6296 13187
13187 6296 11125
9934 1100 2692
1100 2692 9934
2692 1100 9934
3651 972 11503
972 3651 11503
11503 972 3651
3358 1889 8021
8021 1889 3358
1889 3358 8021
10543 12180 12639
12180 10543 12639
12639 10543 12180
1561 7419 14774
14774 1561 7419
7419 1561 14774
12675 9888 13870
9888 12675 13870
13870 9888 12675
9201 4570 9342
4570 9201 9342
9342 4570 9201
14542 4239 11625
4239 11625 14542
11625 4239 14542
7516 7774 11482
7774 7516 11482
11482 7516 7774
4606 5663 6843
5663 4606 6843
6843 4606 5663
4152 2600 3029
3029 2600 4152
2600 3029 4152
3341 7610 14159
14159 3341 7610
7610 3341 14159
4447 3140 3278
3140 3278 4447
3278 3140 4447
7697 13914 14059
13914 7697 14059
14059 7697 13914
11963 1735 8414
8414 1735 11963
1735 8414 11963
14511 5477 6553
6553 5477 14511
5477 6553 14511
14103 4381 13340
13340 4381 14103
4381 13340 14103
9880 12032 14495
14495 9880 12032
12032 9880 14495
467 4677 8361
8361 467 4677
4677 467 8361
14369 6170 12526
6170 12526 14369
12526 6170 14369
14792 102 11536
102 11536 14792
11536 102 14792
10265 7479 14961
14961 7479 10265
7479 10265 14961
6800 879 1145
1145 879 6800
879 1145 6800
1890 5481 7355
5481 1890 7355
7355 1890 5481
13909 3418 4960
4960 3418 13909
3418 4960 13909
14055 3941 7992
3941 7992 14055
7992 3941 14055
12901 7730 11802
11802 7730 12901
7730 11802 12901
13129 6188 12926
6188 12926 13129
12926 6188 13129
109 6367 8271
8271 109 6367
6367 109 8271
1 703 7785
7785 1 703
703 1 7785
8311 6252 9231
9231 6252 8311
6252 8311 9231
3287 13039 13072
13039 3287 13072
13072 3287 13039
6554 6605 7841
7841 6554 6605
6605 6554 7841
13064 2732 6770
2732 6770 13064
6770 2732 13064
9539 168 7207
168 7207 9539
7207 168 9539
8374 2080 3861
3861 2080 8374
2080 3861 8374
10035 8920 11000
11000 8920 10035
8920 10035 11000
5807 1305 4372
1305 4372 5807
4372 1305 5807
12562 1416 11343
11343 1416 12562
1416 11343 12562
14151 5462 7793
7793 5462 14151
5462 7793 14151
6484 763 9551
763 6484 9551
9551 763 6484
13193 6 11323
11323 6 13193
6 11323 13193
5455 1326 7148
1326 5455 7148
7148 1326 5455
13019 8071 11717
8071 11717 13019
11717 8071 13019
6647 3678 6927
6927 3678 6647
3678 6647 6927
2534 1998 14323
14323 1998 2534
1998 2534 14323
11889 2728 11238
2728 11238 11889
11238 2728 11889
3288 26 14274
26 3288 14274
14274 26 3288
1624 12359 13591
13591 1624 12359
12359 1624 13591
12820 7955 10479
7955 10479 12820
10479 7955 12820
3577 11932 14333
14333 3577 11932
11932 3577 14333
2975 6014 11017
11017 2975 6014
6014 2975 11017
11133 3477 4728
3477 4728 11133
4728 3477 11133
14474 1740 14198
14198 1740 14474
1740 14198 14474
9862 2696 4242
2696 4242 9862
4242 2696 9862
8897 2661 11073
11073 2661 8897
2661 8897 11073
7062 3485 3844
3485 3844 7062
3844 3485 7062
14208 738 8933
738 8933 14208
8933 738 14208
13185 606 1665
1665 606 13185
606 1665 13185
5223 9690 11314
9690 5223 11314
11314 5223 9690
2809 7255 8826
7255 2809 8826
8826 2809 7255
8223 7071 11295
11295 7071 8223
7071 8223 11295
9032 5610 12608
5610 9032 12608
12608 5610 9032
14688 8066 11942
8066 11942 14688
11942 8066 14688
4056 629 771
629 771 4056
771 629 4056
13819 595 9471
595 9471 13819
9471 595 13819
7065 377 4211
377 4211 7065
4211 377 7065
4611 4350 8304
4350 4611 8304
8304 4350 4611
409 1389 14919
14919 409 1389
1389 409 14919
8817 13074 14418
13074 8817 14418
14418 8817 13074
1851 6426 6565
6565 1851 6426
6426 1851 6565
323 4943 12861
12861 323 4943
4943 323 12861
11392 12120 14427
14427 11392 12120
12120 11392 14427
2320 7439 11898
7439 2320 11898
11898 2320 7439
3210 1694 14933
1694 3210 14933
14933 1694 3210
9660 1520 11731
1520 9660 11731
11731 1520 9660
9545 8134 14842
14842 8134 9545
8134 9545 14842
9980 4685 11967
11967 4685 9980
4685 9980 11967
7219 11784 13235
11784 7219 13235
13235 7219 11784
5587 9731 14632
9731 5587 14632
14632 5587 9731
3216 3346 6626
6626 3216 3346
3346 3216 6626
7638 4470 5872
5872 4470 7638
4470 5872 7638
3828 7103 9067
9067 3828 7103
7103 3828 9067
2586 1968 6728
1968 2586 6728
6728 1968 2586
6135 367 12622
12622 367 6135
367 6135 12622
7447 2795 2892
2892 2795 7447
2795 2892 7447
11178 3508 5575
3508 5575 11178
5575 3508 11178
7380 11849 12848
11849 7380 12848
12848 7380 11849
13935 3943 12768
3943 12768 13935
12768 3943 13935
3157 6494 10958
10958 3157 6494
6494 3157 10958
1767 1020 2001
1020 1767 2001
2001 1020 1767
8885 3542 3705
3542 3705 8885
3705 3542 8885
9512 9079 13667
9079 9512 13667
13667 9079 9512
12525 3121 4986
3121 4986 12525
4986 3121 12525
269 5366 12630
12630 269 5366
5366 269 12630
6025 3865 6620
6620 3865 6025
3865 6025 6620
3851 4862 13982
4862 3851 13982
13982 3851 4862
13859 137 9792
137 9792 13859
9792 137 13859
9891 8089 14113
8089 9891 14113
14113 8089 9891
5396 3097 14816
3097 5396 14816
14816 3097 5396
12642 7628 8288
8288 7628 12642
7628 8288 12642
9861 423 7755
7755 423 9861
423 7755 9861
10432 1046 3713
3713 1046 10432
1046 3713 10432
7285 4096 8900
8900 4096 7285
4096 7285 8900
12122 1984 3220
3220 1984 12122
