1180 761 1040
1040 761 1180
761 1040 1180
371 1039 1241
1039 371 1241
1241 371 1039
136 394 1004
394 136 1004
1004 136 394
850 1101 1351
1101 850 1351
1351 850 1101
489 320 764
764 320 489
320 489 764
1315 971 1049
1049 971 1315
971 1049 1315
228 1129 1156
1156 228 1129
1129 228 1156
834 374 533
533 374 834
374 533 834
615 329 1397
1397 329 615
329 615 1397
193 660 1421
1421 193 660
660 193 1421
338 173 1028
173 338 1028
1028 173 338
1053 1195 1417
1195 1053 1417
1417 1053 1195
132 608 1365
608 132 1365
1365 132 608
970 155 885
155 885 970
885 155 970
808 1235 1322
1322 808 1235
1235 808 1322
925 872 1403
1403 872 925
872 925 1403
622 133 987
133 622 987
987 133 622
337 353 832
832 337 353
353 337 832
1191 774 827
827 774 1191
774 827 1191
588 826 1169
1169 588 826
826 588 1169
213 211 700
211 213 700
700 211 213
438 357 1080
1080 357 438
357 438 1080
200 86 663
663 86 200
86 200 663
818 594 841
841 594 818
594 818 841
1458 331 924
331 924 1458
924 331 1458
1029 962 1001
962 1001 1029
1001 962 1029
889 150 1330
1330 150 889
150 889 1330
1151 849 1411
849 1151 1411
1411 849 1151
731 517 1198
517 731 1198
1198 517 731
938 185 1444
185 938 1444
1444 185 938
267 1042 1499
1042 267 1499
1499 267 1042
452 702 1215
1215 452 702
702 452 1215
952 207 241
207 241 952
241 207 952
417 214 1332
1332 214 417
214 417 1332
1408 246 680
680 246 1408
246 680 1408
1289 392 513
513 392 1289
392 513 1289
869 54 966
966 54 869
54 869 966
103 690 1118
690 103 1118
1118 103 690
621 577 1077
1077 577 621
577 621 1077
1262 356 661
356 661 1262
661 356 1262
224 698 1222
698 224 1222
1222 224 698
552 225 749
749 225 552
225 552 749
930 298 1418
1418 298 930
298 930 1418
529 451 706
451 529 706
706 451 529
1362 628 727
727 628 1362
628 727 1362
1138 755 800
800 755 1138
755 800 1138
540 347 1149
347 540 1149
1149 347 540
623 13 83
83 13 623
13 83 623
662 198 916
916 198 662
198 662 916
1020 994 1043
994 1020 1043
1043 994 1020
354 1414 1455
1414 354 1455
1455 354 1414
611 696 1147
1147 611 696
696 611 1147
673 532 813
532 673 813
813 532 673
957 326 624
326 624 957
624 326 957
440 128 833
833 128 440
128 440 833
752 39 65
39 65 752
65 39 752
122 260 471
471 122 260
260 122 471
1159 366 1369
1369 366 1159
366 1159 1369
798 677 1247
677 798 1247
1247 677 798
1405 819 1283
819 1283 1405
1283 819 1405
204 858 1320
858 204 1320
1320 204 858
1450 830 1075
1075 830 1450
830 1075 1450
686 851 980
851 686 980
980 686 851
110 654 748
748 110 654
654 110 748
890 37 87
37 87 890
87 37 890
422 369 597
369 422 597
597 369 422
307 268 289
289 268 307
268 289 307
375 346 1298
346 375 1298
1298 346 375
657 139 1492
1492 139 657
139 657 1492
620 380 1026
1026 380 620
380 620 1026
231 60 1485
1485 60 231
60 231 1485
807 125 162
162 125 807
125 162 807
707 751 1010
1010 707 751
751 707 1010
1176 929 1431
929 1176 1431
1431 929 1176
897 505 1422
505 897 1422
1422 505 897
377 1063 1220
1063 377 1220
1220 377 1063
782 598 836
598 782 836
836 598 782
427 239 1443
1443 239 427
239 427 1443
1164 876 1253
1253 876 1164
876 1164 1253
642 305 1433
305 642 1433
1433 305 642
493 455 795
795 455 493
455 493 795
418 274 1057
1057 274 418
274 418 1057
1467 409 1021
409 1021 1467
1021 409 1467
1079 911 1085
1085 911 1079
911 1079 1085
1449 407 1161
1161 407 1449
407 1161 1449
1023 711 1142
1142 711 1023
711 1023 1142
315 743 759
743 315 759
759 315 743
520 543 557
557 520 543
543 520 557
596 475 979
475 596 979
979 475 596
271 306 503
503 271 306
306 271 503
659 910 999
910 659 999
999 659 910
147 26 541
26 147 541
541 26 147
509 804 1146
1146 509 804
804 509 1146
1440 765 770
770 765 1440
765 770 1440
1389 235 703
235 703 1389
703 235 1389
923 486 582
486 582 923
582 486 923
36 821 1304
821 36 1304
1304 36 821
498 1399 1427
1399 498 1427
1427 498 1399
97 279 1125
1125 97 279
279 97 1125
1323 745 1368
1368 745 1323
745 1323 1368
996 91 859
859 91 996
91 859 996
1006 73 495
73 495 1006
495 73 1006
234 169 292
169 234 292
292 169 234
793 27 1296
27 793 1296
1296 27 793
341 316 990
990 316 341
316 341 990
1442 709 1024
709 1024 1442
1024 709 1442
877 986 991
991 877 986
986 877 991
363 399 1483
399 363 1483
1483 363 399
1143 48 458
458 48 1143
48 458 1143
376 454 629
629 376 454
454 376 629
1128 1223 1396
1396 1128 1223
1223 1128 1396
421 1072 1263
1072 421 1263
1263 421 1072
1309 100 812
812 100 1309
100 812 1309
1231 116 729
116 729 1231
729 116 1231
201 641 825
641 201 825
825 201 641
1076 448 1172
1172 448 1076
448 1076 1172
1157 333 1412
333 1157 1412
1412 333 1157
1460 653 785
785 653 1460
653 785 1460
197 14 1103
14 197 1103
1103 14 197
181 215 328
328 181 215
215 181 328
1136 548 738
548 738 1136
738 548 1136
459 107 536
107 459 536
536 107 459
972 322 895
895 322 972
322 895 972
365 693 1493
693 365 1493
1493 365 693
1232 290 480
480 290 1232
290 480 1232
461 170 1278
1278 170 461
170 461 1278
1292 327 1342
1342 327 1292
327 1292 1342
1333 1244 1301
1301 1244 1333
1244 1301 1333
1354 387 1121
387 1121 1354
1121 387 1354
603 222 1285
1285 222 603
222 603 1285
1435 472 786
472 786 1435
786 472 1435
974 1144 1288
1288 974 1144
1144 974 1288
559 358 857
358 559 857
857 358 559
1317 18 1060
18 1060 1317
1060 18 1317
79 564 1199
1199 79 564
564 79 1199
355 300 1451
1451 300 355
300 355 1451
1064 388 676
388 676 1064
676 388 1064
656 718 935
935 656 718
718 656 935
932 667 1132
1132 667 932
667 932 1132
450 944 1275
944 450 1275
1275 450 944
145 149 815
815 145 149
149 145 815
1469 43 232
232 43 1469
43 232 1469
444 77 243
243 77 444
77 243 444
847 477 1452
1452 477 847
477 847 1452
479 12 1224
1224 12 479
12 479 1224
989 349 361
361 349 989
349 361 989
511 35 123
35 123 511
123 35 511
726 178 496
496 178 726
178 496 726
750 901 1343
901 750 1343
1343 750 901
126 521 964
964 126 521
521 126 964
311 121 507
507 121 311
121 311 507
1012 1065 1406
1406 1012 1065
1065 1012 1406
1410 705 880
705 880 1410
880 705 1410
1338 50 1425
50 1338 1425
1425 50 1338
754 24 209
24 209 754
209 24 754
104 524 668
668 104 524
524 104 668
1145 127 949
127 949 1145
949 127 1145
776 1178 1359
1178 776 1359
1359 776 1178
1069 595 838
595 838 1069
838 595 1069
1378 350 894
350 894 1378
894 350 1378
934 58 672
672 58 934
58 672 934
797 817 1111
817 797 1111
1111 797 817
983 685 1166
685 983 1166
1166 685 983
699 1016 1259
1016 699 1259
1259 699 1016
47 692 1188
692 47 1188
1188 47 692
965 1025 1162
1025 965 1162
1162 965 1025
954 1054 1355
1355 954 1054
1054 954 1355
734 227 1416
1416 227 734
227 734 1416
542 117 1031
1031 117 542
117 542 1031
490 960 1130
960 490 1130
1130 490 960
1500 372 1319
372 1319 1500
1319 372 1500
1011 802 1017
802 1011 1017
1017 802 1011
1213 304 791
304 791 1213
791 304 1213
189 651 1321
651 189 1321
1321 189 651
1252 252 430
252 430 1252
430 252 1252
464 783 1453
783 464 1453
1453 464 783
1221 510 1380
510 1221 1380
1380 510 1221
1358 1030 1133
1133 1030 1358
1030 1133 1358
640 806 1377
806 640 1377
1377 640 806
153 636 810
636 153 810
810 153 636
1251 55 843
843 55 1251
55 843 1251
1498 1205 1482
1205 1482 1498
1482 1205 1498
670 309 501
501 309 670
309 501 670
689 631 1249
1249 631 689
631 689 1249
411 278 500
278 411 500
500 278 411
175 301 465
301 175 465
465 175 301
687 580 1448
580 687 1448
1448 580 687
881 602 959
959 602 881
602 881 959
277 230 583
583 230 277
230 277 583
1496 1050 1428
1050 1428 1496
1428 1050 1496
626 1074 1361
1361 626 1074
1074 626 1361
732 397 1041
397 732 1041
1041 397 732
156 820 1382
1382 156 820
820 156 1382
1177 506 1375
506 1177 1375
1375 506 1177
1294 485 1439
485 1294 1439
1439 485 1294
906 45 1246
1246 45 906
45 906 1246
81 33 975
33 81 975
975 33 81
1357 164 1255
1255 164 1357
164 1255 1357
321 945 1100
1100 321 945
945 321 1100
1107 816 1434
816 1107 1434
1434 816 1107
569 757 1211
1211 569 757
757 569 1211
1282 1104 1127
1127 1104 1282
1104 1127 1282
1141 951 1447
1447 951 1141
951 1141 1447
424 280 1112
1112 280 424
280 424 1112
648 393 937
937 393 648
393 648 937
40 888 1160
1160 40 888
888 40 1160
973 405 879
879 405 973
405 879 973
1096 487 893
487 893 1096
893 487 1096
1356 414 736
736 414 1356
414 736 1356
491 499 1122
499 491 1122
1122 491 499
1140 254 1173
1173 254 1140
254 1140 1173
468 9 470
470 9 468
9 468 470
939 352 772
352 772 939
772 352 939
1082 203 831
831 203 1082
203 831 1082
844 187 1226
1226 187 844
187 844 1226
261 72 1477
72 261 1477
1477 72 261
403 1126 1441
1126 403 1441
1441 403 1126
1068 1350 1479
1479 1068 1350
1350 1068 1479
1190 135 1286
1286 135 1190
135 1190 1286
637 866 907
907 637 866
866 637 907
210 591 1007
1007 210 591
591 210 1007
992 840 1290
1290 840 992
840 992 1290
287 165 1432
1432 165 287
165 287 1432
655 860 1360
860 655 1360
1360 655 860
638 220 1471
1471 220 638
220 638 1471
335 891 1318
891 335 1318
1318 335 891
389 573 1313
573 389 1313
1313 389 573
84 28 282
28 84 282
282 28 84
947 466 1372
1372 466 947
466 947 1372
4 391 1429
1429 4 391
391 4 1429
269 386 1488
1488 269 386
386 269 1488
242 570 574
570 242 574
574 242 570
1464 436 733
436 733 1464
733 436 1464
384 483 1265
1265 384 483
483 384 1265
1376 1325 1398
1325 1376 1398
1398 1325 1376
46 504 581
581 46 504
504 46 581
586 154 522
522 154 586
154 522 586
1404 70 614
70 614 1404
614 70 1404
1119 196 516
196 516 1119
516 196 1119
1345 420 694
694 420 1345
420 694 1345
302 568 1113
1113 302 568
568 302 1113
744 218 914
914 218 744
218 744 914
607 286 344
344 286 607
286 344 607
32 460 518
460 32 518
518 32 460
887 6 1093
1093 6 887
6 887 1093
630 788 1158
788 630 1158
1158 630 788
1383 23 778
778 23 1383
23 778 1383
249 108 330
330 108 249
108 249 330
255 787 1276
787 255 1276
1276 255 787
1032 967 1480
967 1032 1480
1480 967 1032
1268 1185 1260
1185 1260 1268
1260 1185 1268
545 837 1154
1154 545 837
837 545 1154
124 226 899
899 124 226
226 124 899
130 433 1339
433 130 1339
1339 130 433
291 324 835
835 291 324
324 291 835
1163 281 558
558 281 1163
281 558 1163
1202 613 1462
613 1202 1462
1462 613 1202
1303 61 94
61 94 1303
94 61 1303
865 406 955
955 406 865
406 865 955
1117 1218 1489
1218 1117 1489
1489 1117 1218
560 396 912
912 396 560
396 560 912
1264 546 758
758 546 1264
546 758 1264
903 22 1374
22 903 1374
1374 22 903
1092 25 272
25 272 1092
272 25 1092
549 29 1238
1238 29 549
29 549 1238
1216 68 364
364 68 1216
68 364 1216
1327 202 1490
202 1327 1490
1490 202 1327
969 585 722
585 722 969
722 585 969
920 635 719
719 635 920
635 719 920
943 936 1056
1056 936 943
936 943 1056
537 695 1254
695 537 1254
1254 537 695
1344 259 604
604 259 1344
259 604 1344
900 556 634
634 556 900
556 634 900
599 7 1036
1036 7 599
7 599 1036
1170 143 747
747 143 1170
143 747 1170
293 402 1407
1407 293 402
402 293 1407
1335 2 612
612 2 1335
2 612 1335
1424 1261 1371
1371 1261 1424
1261 1371 1424
152 716 1349
716 152 1349
1349 152 716
273 610 917
610 273 917
917 273 610
312 437 913
437 312 913
913 312 437
1066 423 425
423 425 1066
425 423 1066
1274 710 1266
1266 710 1274
710 1266 1274
457 688 1171
1171 457 688
688 457 1171
526 883 1233
1233 526 883
883 526 1233
617 643 1153
643 617 1153
1153 617 643
1186 842 873
842 873 1186
873 842 1186
141 382 931
931 141 382
382 141 931
44 41 940
940 41 44
41 44 940
1409 38 708
708 38 1409
38 708 1409
308 646 1013
646 308 1013
1013 308 646
735 562 724
562 724 735
724 562 735
1314 3 53
3 53 1314
53 3 1314
166 1367 1394
1394 166 1367
1367 166 1394
51 645 1242
1242 51 645
645 51 1242
571 777 1392
777 571 1392
1392 571 777
182 575 1002
1002 182 575
575 182 1002
1187 245 1192
245 1187 1192
1192 245 1187
206 90 1124
1124 90 206
90 206 1124
563 915 1071
915 563 1071
1071 563 915
1423 775 1109
1109 775 1423
775 1109 1423
283 855 1272
855 283 1272
1272 283 855
988 534 1310
1310 534 988
534 988 1310
1212 779 1155
779 1155 1212
1155 779 1212
217 918 1018
918 217 1018
1018 217 918
762 441 463
463 441 762
441 463 762
1204 1373 1491
1491 1204 1373
1373 1204 1491
1148 434 1184
434 1148 1184
1184 434 1148
868 266 946
266 868 946
946 266 868
665 398 1055
1055 398 665
398 665 1055
284 370 1102
370 284 1102
1102 284 370
1326 105 1200
105 1200 1326
1200 105 1326
1207 527 704
704 527 1207
527 704 1207
1281 8 1307
1307 8 1281
8 1281 1307
93 19 453
19 93 453
453 19 93
1299 530 1073
1073 530 1299
530 1073 1299
1348 112 1070
1070 112 1348
112 1070 1348
16 343 1239
1239 16 343
343 16 1239
1386 1305 1445
1305 1386 1445
1445 1305 1386
1256 294 447
447 294 1256
294 447 1256
250 539 942
942 250 539
539 250 942
195 85 715
85 195 715
715 85 195
861 221 1395
221 861 1395
1395 221 861
482 30 1110
30 482 1110
1110 30 482
115 721 1430
721 115 1430
1430 115 721
741 131 572
131 572 741
572 131 741
712 1 848
848 1 712
1 712 848
20 52 928
52 20 928
928 20 52
1287 1083 1193
1193 1083 1287
1083 1193 1287
163 531 941
941 163 531
531 163 941
395 161 362
161 362 395
362 161 395
109 174 997
174 109 997
997 109 174
435 1214 1240
1240 435 1214
1214 435 1240
781 771 1087
771 781 1087
1087 771 781
1437 71 119
119 71 1437
71 119 1437
1463 31 525
525 31 1463
31 525 1463
1481 34 1179
1179 34 1481
34 1179 1481
982 360 1277
1277 360 982
360 982 1277
446 317 553
553 317 446
317 446 553
229 508 803
508 229 803
803 229 508
1230 172 767
172 767 1230
767 172 1230
1258 120 766
120 766 1258
766 120 1258
1081 351 538
351 538 1081
538 351 1081
63 251 325
251 63 325
325 63 251
157 379 1472
1472 157 379
379 157 1472
439 82 1135
82 439 1135
1135 82 439
1062 576 886
886 576 1062
576 886 1062
1393 922 1067
1067 922 1393
922 1067 1393
1311 1308 1324
1324 1308 1311
1308 1311 1324
625 191 720
191 625 720
720 191 625
829 385 1084
385 829 1084
1084 385 829
1181 76 801
801 76 1181
76 801 1181
1284 1306 1454
1454 1284 1306
1306 1284 1454
190 111 1131
1131 111 190
111 190 1131
1048 905 1175
905 1048 1175
1175 905 1048
760 275 561
561 275 760
275 561 760
768 981 1139
1139 768 981
981 768 1139
713 443 681
681 443 713
443 681 713
823 216 856
216 823 856
856 216 823
725 186 1478
186 725 1478
1478 186 725
948 212 318
318 212 948
212 318 948
92 523 1456
523 92 1456
1456 92 523
188 42 208
208 42 188
42 188 208
59 535 1027
1027 59 535
535 59 1027
494 497 1236
1236 494 497
497 494 1236
474 429 1270
429 474 1270
1270 429 474
473 1099 1123
1099 473 1123
1123 473 1099
908 378 862
862 378 908
378 862 908
1035 1217 1473
1473 1035 1217
1217 1035 1473
80 118 445
445 80 118
118 80 445
151 62 1091
1091 62 151
62 151 1091
140 644 739
644 140 739
739 140 644
484 412 578
412 484 578
578 412 484
1347 684 1095
684 1095 1347
1095 684 1347
428 1106 1475
1106 428 1475
1475 428 1106
1234 10 101
10 101 1234
101 10 1234
985 416 1267
1267 416 985
416 985 1267
978 1197 1364
1197 978 1364
1364 978 1197
950 400 1457
1457 400 950
400 950 1457
1174 601 875
601 875 1174
875 601 1174
904 256 674
256 674 904
674 256 904
737 1243 1420
1420 737 1243
1243 737 1420
1486 184 1381
184 1381 1486
1381 184 1486
579 408 1484
408 579 1484
1484 408 579
89 1061 1201
1061 89 1201
1201 89 1061
763 669 1494
669 763 1494
1494 669 763
1206 1014 1208
1208 1014 1206
1014 1206 1208
1105 551 1353
1353 551 1105
551 1105 1353
336 1052 1250
1250 336 1052
1052 336 1250
1291 632 1058
1058 632 1291
632 1058 1291
432 410 618
410 432 618
618 410 432
794 342 1468
1468 342 794
342 794 1468
148 75 469
75 148 469
469 75 148
998 113 160
113 160 998
160 113 998
828 462 1273
1273 462 828
462 828 1273
824 476 589
476 589 824
589 476 824
270 159 1115
1115 159 270
159 270 1115
146 953 984
984 146 953
953 146 984
237 257 666
666 237 257
257 237 666
616 882 1280
882 616 1280
1280 616 882
1297 415 567
415 567 1297
567 415 1297
1219 811 1337
1337 811 1219
811 1219 1337
683 233 1461
233 683 1461
1461 233 683
1034 1120 1487
1120 1034 1487
1487 1034 1120
1038 853 1474
1474 853 1038
853 1038 1474
664 102 276
102 276 664
276 102 664
896 717 796
796 717 896
717 796 896
134 649 963
649 134 963
963 134 649
1390 179 822
822 179 1390
179 822 1390
1094 74 697
697 74 1094
74 697 1094
1401 1269 1465
1465 1269 1401
1269 1401 1465
1329 367 1271
1271 367 1329
367 1271 1329
1366 248 1446
248 1366 1446
1446 248 1366
547 740 968
740 547 968
968 547 740
902 1225 1336
1225 902 1336
1336 902 1225
1008 244 296
296 244 1008
244 296 1008
199 606 863
863 199 606
606 199 863
519 64 319
64 319 519
319 64 519
223 168 1316
168 223 1316
1316 168 223
456 66 1312
1312 66 456
66 456 1312
1476 514 1384
514 1384 1476
1384 514 1476
1022 993 1098
993 1022 1098
1098 993 1022
138 1150 1466
1466 138 1150
1150 138 1466
845 340 671
671 340 845
340 671 845
299 11 1167
1167 11 299
11 299 1167
492 701 926
926 492 701
701 492 926
587 78 167
167 78 587
78 167 587
1363 313 1047
313 1047 1363
1047 313 1363
799 839 870
839 799 870
870 799 839
921 584 1385
1385 584 921
584 921 1385
192 253 348
253 192 348
348 192 253
977 442 528
442 528 977
528 442 977
285 129 176
129 176 285
176 129 285
345 404 723
723 345 404
404 345 723
512 21 247
21 247 512
247 21 512
1088 773 814
814 773 1088
773 814 1088
1194 158 1391
1391 158 1194
158 1194 1391
413 236 675
236 413 675
675 236 413
431 592 933
592 431 933
933 431 592
114 1300 1470
1300 114 1470
1470 114 1300
679 137 467
137 467 679
467 137 679
742 871 892
892 742 871
871 742 892
106 373 919
919 106 373
373 106 919
753 605 714
605 714 753
714 605 753
1046 180 854
180 854 1046
854 180 1046
565 1009 1097
1009 565 1097
1097 565 1009
1037 295 1019
1019 295 1037
295 1019 1037
1227 171 1203
171 1203 1227
1203 171 1227
240 419 1495
419 240 1495
1495 240 419
449 288 1293
288 449 1293
1293 288 449
1044 590 1245
590 1044 1245
1245 590 1044
927 49 99
99 49 927
49 99 927
1413 205 264
264 205 1413
205 264 1413
1209 194 262
194 262 1209
262 194 1209
314 390 1229
1229 314 390
390 314 1229
769 1005 1279
1279 769 1005
1005 769 1279
728 401 1257
401 728 1257
1257 401 728
95 368 600
368 95 600
600 95 368
864 956 1182
956 864 1182
1182 864 956
619 323 1438
323 619 1438
1438 323 619
265 1152 1302
1152 265 1302
1302 265 1152
219 332 544
332 219 544
544 219 332
381 56 69
69 56 381
56 69 381
1033 515 1340
515 1033 1340
1340 515 1033
297 780 1352
780 297 1352
1352 297 780
1370 627 961
627 961 1370
961 627 1370
1090 1331 1379
1331 1090 1379
1379 1090 1331
1228 593 1400
593 1228 1400
1400 593 1228
1387 1168 1248
1248 1168 1387
1168 1248 1387
1045 609 1402
609 1045 1402
1402 609 1045
730 550 805
805 550 730
550 730 805
1003 142 383
383 142 1003
142 383 1003
1108 488 1015
1015 488 1108
488 1015 1108
98 652 1436
652 98 1436
1436 98 652
756 17 1388
1388 17 756
17 756 1388
1328 1078 1237
1237 1078 1328
1078 1237 1328
1137 183 852
852 183 1137
183 852 1137
1086 177 555
555 177 1086
177 555 1086
846 874 1196
874 846 1196
1196 846 874
554 958 1051
1051 554 958
958 554 1051
1089 678 1346
1346 678 1089
678 1089 1346
359 639 976
976 359 639
639 359 976
1183 867 1134
1134 867 1183
867 1134 1183
263 67 502
67 263 502
502 67 263
647 784 898
784 647 898
898 647 784
658 691 790
691 658 790
790 658 691
1210 650 1497
1497 650 1210
650 1210 1497
238 5 339
339 5 238
5 238 339
1114 682 1000
682 1000 1114
1000 682 1114
878 995 1295
1295 878 995
995 878 1295
1341 144 566
144 566 1341
566 144 1341
633 334 1189
1189 334 633
334 633 1189
1459 1059 1419
1059 1419 1459
1419 1059 1459
1116 310 789
789 310 1116
310 789 1116
258 15 1415
1415 15 258
15 258 1415
792 57 1426
57 792 1426
1426 57 792
478 96 426
96 426 478
426 96 478
1334 88 746
746 88 1334
88 746 1334
481 884 1165
884 481 1165
1165 481 884
303 809 909
809 303 909
909 303 809
