906 131 1293
131 906 1293
1293 131 906
152 820 965
820 152 965
965 152 820
1019 456 1106
456 1019 1106
1106 456 1019
259 1278 1368
1278 259 1368
1368 259 1278
1307 206 918
918 206 1307
206 918 1307
1188 557 894
894 557 1188
557 894 1188
540 115 1252
115 540 1252
1252 115 540
397 1098 1269
1098 397 1269
1269 397 1098
1380 375 889
375 889 1380
889 375 1380
920 1078 1400
1078 920 1400
1400 920 1078
1150 712 791
791 712 1150
712 791 1150
416 270 1322
1322 270 416
270 416 1322
520 329 822
822 329 520
329 520 822
1171 298 828
298 828 1171
828 298 1171
1111 871 940
871 940 1111
940 871 1111
497 145 1373
1373 145 497
145 497 1373
403 188 555
555 188 403
188 403 555
958 23 558
558 23 958
23 558 958
211 219 726
219 211 726
726 211 219
192 406 893
893 192 406
406 192 893
685 1154 1261
1261 685 1154
1154 685 1261
754 30 971
971 30 754
30 754 971
1371 1 1122
1122 1 1371
1 1122 1371
667 425 865
425 667 865
865 425 667
905 1039 1226
1226 905 1039
1039 905 1226
1256 162 443
162 443 1256
443 162 1256
1083 646 1254
1254 646 1083
646 1083 1254
109 27 943
27 109 943
943 27 109
306 193 773
193 306 773
773 193 306
1201 597 1095
1095 597 1201
597 1095 1201
1427 901 964
901 964 1427
964 901 1427
127 227 360
227 127 360
360 127 227
524 339 1246
339 524 1246
1246 339 524
90 501 567
567 90 501
501 90 567
388 599 1448
1448 388 599
599 388 1448
1344 60 966
966 60 1344
60 966 1344
1101 164 912
912 164 1101
164 912 1101
8 747 1094
1094 8 747
747 8 1094
1038 496 1273
496 1038 1273
1273 496 1038
99 49 860
49 99 860
860 49 99
423 697 715
697 423 715
715 423 697
998 818 1334
818 998 1334
1334 818 998
900 1262 1348
1348 900 1262
1262 900 1348
1047 991 1155
1155 991 1047
991 1047 1155
67 1033 1404
1404 67 1033
1033 67 1404
96 616 1084
1084 96 616
616 96 1084
897 701 802
701 802 897
802 701 897
1156 53 1037
1037 53 1156
53 1037 1156
168 198 1442
1442 168 198
198 168 1442
866 332 436
436 332 866
332 436 866
48 863 1069
1069 48 863
863 48 1069
842 374 1133
1133 374 842
374 842 1133
506 1275 1434
1434 506 1275
1275 506 1434
484 1202 1482
1202 484 1482
1482 484 1202
128 1042 1229
1229 128 1042
1042 128 1229
1235 285 1314
1314 285 1235
285 1235 1314
779 86 473
86 473 779
473 86 779
1080 66 1386
1386 66 1080
66 1080 1386
649 1030 1194
1194 649 1030
1030 649 1194
827 844 1008
1008 827 844
844 827 1008
349 880 1193
1193 349 880
880 349 1193
130 314 575
575 130 314
314 130 575
303 430 826
430 303 826
826 303 430
363 108 248
108 248 363
248 108 363
220 551 815
551 220 815
815 220 551
1002 1192 1378
1378 1002 1192
1192 1002 1378
1134 607 809
809 607 1134
607 809 1134
1476 3 662
662 3 1476
3 662 1476
778 116 515
116 515 778
515 116 778
1018 636 1013
636 1013 1018
1013 636 1018
854 70 1143
1143 70 854
70 854 1143
399 803 1068
803 399 1068
1068 399 803
527 231 983
983 231 527
231 527 983
609 218 657
657 218 609
218 609 657
917 831 1396
1396 831 917
831 917 1396
33 331 1117
331 33 1117
1117 33 331
171 471 952
471 171 952
952 171 471
1093 369 1003
1003 369 1093
369 1003 1093
292 1034 1286
1286 292 1034
1034 292 1286
538 710 989
710 538 989
989 538 710
985 245 354
245 354 985
354 245 985
1429 584 1356
584 1356 1429
1356 584 1429
1360 1118 1120
1118 1120 1360
1120 1118 1360
1323 261 1490
1490 261 1323
261 1323 1490
1123 304 377
377 304 1123
304 377 1123
947 25 1205
1205 25 947
25 947 1205
1159 1063 1372
1063 1159 1372
1372 1063 1159
55 17 1491
17 55 1491
1491 17 55
767 859 1257
859 767 1257
1257 767 859
530 196 1333
1333 196 530
196 530 1333
13 170 734
734 13 170
170 13 734
528 1287 1295
1287 528 1295
1295 528 1287
387 97 919
97 387 919
919 97 387
950 311 1053
311 950 1053
1053 311 950
429 95 512
512 95 429
95 429 512
190 798 1338
1338 190 798
798 190 1338
1035 463 1319
463 1035 1319
1319 463 1035
970 307 1016
307 970 1016
1016 307 970
455 1137 1398
1137 455 1398
1398 455 1137
789 334 1173
334 789 1173
1173 334 789
1025 355 588
588 355 1025
355 588 1025
111 468 1195
468 111 1195
1195 111 468
381 166 401
401 166 381
166 381 401
1221 1284 1289
1284 1221 1289
1289 1221 1284
365 805 1294
1294 365 805
805 365 1294
1070 956 1206
956 1070 1206
1206 956 1070
431 659 1405
659 431 1405
1405 431 659
1447 922 1014
1014 922 1447
922 1014 1447
833 884 962
962 833 884
884 833 962
775 1085 1105
1085 775 1105
1105 775 1085
1498 926 1060
926 1060 1498
1060 926 1498
1006 221 1213
1213 221 1006
221 1006 1213
189 579 702
702 189 579
579 189 702
608 786 1044
786 608 1044
1044 608 786
1367 302 1326
1326 302 1367
302 1326 1367
737 855 1277
1277 737 855
855 737 1277
534 640 1330
640 534 1330
1330 534 640
736 309 1082
309 736 1082
1082 309 736
135 849 915
849 135 915
915 135 849
266 988 1130
1130 266 988
988 266 1130
15 343 785
785 15 343
343 15 785
1175 979 1385
979 1175 1385
1385 979 1175
1312 1076 1301
1076 1301 1312
1301 1076 1312
1452 554 923
923 554 1452
554 923 1452
870 150 278
278 150 870
150 278 870
914 167 650
167 650 914
650 167 914
1121 274 781
781 274 1121
274 781 1121
411 835 1472
1472 411 835
835 411 1472
1131 415 1409
415 1131 1409
1409 415 1131
713 491 951
951 491 713
491 713 951
877 585 768
768 585 877
585 768 877
933 637 1248
637 933 1248
1248 637 933
1258 586 1209
1209 586 1258
586 1209 1258
133 605 1119
605 133 1119
1119 133 605
704 641 837
837 641 704
641 704 837
1479 228 993
993 228 1479
228 993 1479
113 720 1043
1043 113 720
720 113 1043
1211 777 1007
1007 777 1211
777 1007 1211
250 1104 1496
1104 250 1496
1496 250 1104
237 319 333
333 237 319
319 237 333
665 432 728
728 432 665
432 665 728
367 80 492
80 367 492
492 80 367
312 73 1331
73 312 1331
1331 73 312
1107 542 937
542 937 1107
937 542 1107
689 226 448
448 226 689
226 448 689
1426 620 705
620 705 1426
705 620 1426
936 759 1064
759 936 1064
1064 759 936
830 625 1430
1430 625 830
625 830 1430
232 481 1099
481 232 1099
1099 232 481
474 1165 1440
1165 474 1440
1440 474 1165
1281 796 1153
1153 796 1281
796 1153 1281
1174 386 666
386 666 1174
666 386 1174
362 1136 1185
1185 362 1136
1136 362 1185
924 359 740
359 740 924
740 359 924
703 32 518
32 518 703
518 32 703
643 761 1407
1407 643 761
761 643 1407
288 765 1017
1017 288 765
765 288 1017
1162 410 1160
410 1160 1162
1160 410 1162
623 233 1379
1379 233 623
233 623 1379
800 1144 1383
1383 800 1144
1144 800 1383
19 286 613
613 19 286
286 19 613
191 1032 1271
1271 191 1032
1032 191 1271
771 223 323
323 223 771
223 323 771
263 790 904
904 263 790
790 263 904
691 1451 1499
1499 691 1451
1451 691 1499
537 549 1240
1240 537 549
549 537 1240
762 35 157
35 157 762
157 35 762
335 1317 1418
1418 335 1317
1317 335 1418
664 426 445
426 445 664
445 426 664
29 750 1304
1304 29 750
750 29 1304
487 784 1253
1253 487 784
784 487 1253
249 694 992
992 249 694
694 249 992
544 140 268
268 140 544
140 268 544
1357 43 783
43 783 1357
783 43 1357
1071 660 1249
660 1071 1249
1249 660 1071
780 622 756
756 622 780
622 756 780
769 76 151
76 151 769
151 76 769
1463 308 590
590 308 1463
308 590 1463
847 907 1464
1464 847 907
907 847 1464
1282 384 1149
384 1149 1282
1149 384 1282
118 315 1234
315 118 1234
1234 118 315
1332 679 1224
679 1224 1332
1224 679 1332
1359 283 1419
1419 283 1359
283 1359 1419
1352 675 910
675 910 1352
910 675 1352
1417 452 959
452 959 1417
959 452 1417
265 1045 1222
1222 265 1045
1045 265 1222
394 961 1062
1062 394 961
961 394 1062
949 718 1421
1421 718 949
718 949 1421
1056 755 840
755 840 1056
840 755 1056
1279 753 864
864 753 1279
753 864 1279
550 699 1369
699 550 1369
1369 550 699
1339 147 742
742 147 1339
147 742 1339
317 144 874
874 144 317
144 317 874
324 459 843
459 324 843
843 324 459
1446 94 390
94 390 1446
390 94 1446
531 421 1374
1374 421 531
421 531 1374
172 34 1087
34 172 1087
1087 34 172
882 1178 1182
1178 882 1182
1182 882 1178
454 74 944
74 454 944
944 74 454
1232 11 661
11 661 1232
661 11 1232
1028 1353 1500
1353 1028 1500
1500 1028 1353
834 994 1116
1116 834 994
994 834 1116
1024 621 1097
621 1024 1097
1097 621 1024
591 932 1139
932 591 1139
1139 591 932
787 548 1259
548 787 1259
1259 548 787
770 1337 1350
1337 770 1350
1350 770 1337
1075 888 1184
888 1075 1184
1184 888 1075
1435 82 1100
82 1100 1435
1100 82 1435
434 12 817
12 434 817
817 12 434
1439 7 52
7 52 1439
52 7 1439
199 412 797
412 199 797
797 199 412
1318 458 1029
458 1029 1318
1029 458 1318
476 1212 1424
1424 476 1212
1212 476 1424
1408 344 1402
1402 344 1408
344 1402 1408
234 340 692
340 234 692
692 234 340
1199 814 883
814 883 1199
883 814 1199
596 1089 1179
1089 596 1179
1179 596 1089
107 984 1377
1377 107 984
984 107 1377
938 364 380
380 364 938
364 380 938
356 40 1166
1166 40 356
40 356 1166
1237 41 1114
1114 41 1237
41 1114 1237
1349 347 1187
347 1187 1349
1187 347 1349
279 92 725
725 92 279
92 279 725
953 79 1343
79 953 1343
1343 79 953
57 45 179
179 45 57
45 57 179
208 102 493
493 102 208
102 208 493
731 1177 1347
1347 731 1177
1177 731 1347
536 204 477
204 477 536
477 204 536
257 516 1388
516 257 1388
1388 257 516
857 592 1200
1200 592 857
592 857 1200
869 239 513
513 239 869
239 513 869
1227 479 1207
479 1207 1227
1207 479 1227
1081 687 1172
687 1081 1172
1172 687 1081
1244 422 634
422 634 1244
634 422 1244
1163 16 545
545 16 1163
16 545 1163
348 203 1250
203 348 1250
1250 203 348
1128 310 486
310 486 1128
486 310 1128
589 1190 1431
1431 589 1190
1190 589 1431
975 792 1420
1420 792 975
792 975 1420
112 670 1453
670 112 1453
1453 112 670
1487 54 177
177 54 1487
54 177 1487
1145 224 446
224 446 1145
446 224 1145
1459 202 357
202 357 1459
357 202 1459
38 760 972
760 38 972
972 38 760
338 963 1152
963 338 1152
1152 338 963
806 125 241
125 241 806
241 125 806
1108 598 1393
1393 598 1108
598 1108 1393
1091 143 945
143 945 1091
945 143 1091
68 129 212
212 68 129
129 68 212
654 253 1272
253 654 1272
1272 253 654
1325 255 379
255 379 1325
379 255 1325
836 461 1495
461 836 1495
1495 461 836
845 246 1441
1441 246 845
246 845 1441
891 683 1384
1384 683 891
683 891 1384
1158 210 337
210 337 1158
337 210 1158
321 724 1364
1364 321 724
724 321 1364
81 478 523
478 81 523
523 81 478
1308 132 1296
132 1296 1308
1296 132 1308
630 571 1255
1255 571 630
571 630 1255
1186 841 1242
841 1186 1242
1242 841 1186
751 64 1477
64 751 1477
1477 64 751
1066 801 1023
1023 801 1066
801 1023 1066
921 673 686
673 686 921
686 673 921
1462 1236 1414
1414 1236 1462
1236 1414 1462
136 269 1303
1303 136 269
269 136 1303
1263 267 1140
1140 267 1263
267 1140 1263
832 851 1061
851 832 1061
1061 832 851
1454 644 935
935 644 1454
644 935 1454
982 1292 1366
1366 982 1292
1292 982 1366
1362 872 1346
1346 872 1362
872 1346 1362
441 91 407
91 407 441
407 91 441
1046 83 293
83 293 1046
293 83 1046
763 137 1266
137 763 1266
1266 137 763
1428 511 617
511 617 1428
617 511 1428
748 570 1051
1051 570 748
570 748 1051
1309 764 1109
1109 764 1309
764 1109 1309
1492 39 876
876 39 1492
39 876 1492
1493 194 698
194 698 1493
698 194 1493
1191 21 858
858 21 1191
21 858 1191
158 442 676
442 158 676
676 158 442
639 262 1470
262 639 1470
1470 262 639
63 896 1467
896 63 1467
1467 63 896
1401 230 1370
1370 230 1401
230 1370 1401
669 565 1285
565 669 1285
1285 565 669
1457 1009 1239
1009 1239 1457
1239 1009 1457
1342 606 1458
1458 606 1342
606 1342 1458
444 929 1300
1300 444 929
929 444 1300
393 31 977
977 31 393
31 393 977
631 495 577
577 495 631
495 577 631
361 757 909
909 361 757
757 361 909
242 281 1168
281 242 1168
1168 242 281
485 1394 1406
1394 485 1406
1406 485 1394
758 287 297
287 297 758
297 287 758
1443 351 850
351 850 1443
850 351 1443
1291 601 1215
1215 601 1291
601 1215 1291
121 552 1020
552 121 1020
1020 121 552
1465 420 957
420 957 1465
957 420 1465
1456 296 969
969 296 1456
296 969 1456
653 2 633
2 633 653
633 2 653
1297 928 1110
1110 928 1297
928 1110 1297
519 1103 1361
1361 519 1103
1103 519 1361
472 635 1341
1341 472 635
635 472 1341
1238 766 1283
1283 766 1238
766 1238 1283
861 749 873
749 861 873
873 749 861
122 4 44
4 44 122
44 4 122
264 104 890
890 104 264
104 264 890
320 581 682
581 320 682
682 320 581
1298 156 987
156 987 1298
987 156 1298
848 276 563
276 563 848
563 276 848
325 525 744
525 325 744
744 325 525
1148 56 77
77 56 1148
56 77 1148
1055 488 743
743 488 1055
488 743 1055
1233 856 1485
1485 856 1233
856 1233 1485
693 462 1391
462 693 1391
1391 462 693
215 186 1170
1170 186 215
186 215 1170
149 656 1390
656 149 1390
1390 149 656
668 678 1488
678 668 1488
1488 668 678
1321 886 1124
1124 886 1321
886 1124 1321
1086 252 1433
1433 252 1086
252 1086 1433
1399 120 967
967 120 1399
120 967 1399
435 1243 1351
1351 435 1243
1243 435 1351
1468 1012 1251
1012 1251 1468
1251 1012 1468
159 908 1264
908 159 1264
1264 159 908
110 161 213
213 110 161
161 110 213
721 995 1412
1412 721 995
995 721 1412
594 960 1065
1065 594 960
960 594 1065
939 547 1058
1058 547 939
547 939 1058
238 114 739
739 114 238
114 238 739
1073 36 1484
1484 36 1073
36 1073 1484
413 1449 1469
1449 413 1469
1469 413 1449
1090 1049 1306
1306 1049 1090
1049 1090 1306
629 173 1450
173 629 1450
1450 173 629
46 275 499
499 46 275
275 46 499
1219 371 372
371 372 1219
372 371 1219
745 117 405
117 405 745
405 117 745
326 610 853
610 326 853
853 326 610
696 71 322
71 322 696
322 71 696
1422 139 1167
1167 139 1422
139 1167 1422
165 464 1011
1011 165 464
464 165 1011
808 465 1265
1265 465 808
465 808 1265
707 580 795
580 707 795
795 580 707
395 875 1054
875 395 1054
1054 395 875
75 651 1197
651 75 1197
1197 75 651
1316 509 997
997 509 1316
509 997 1316
1115 126 804
804 126 1115
126 804 1115
582 42 243
42 243 582
243 42 582
794 155 663
155 663 794
663 155 794
521 626 1305
1305 521 626
626 521 1305
504 290 1327
290 504 1327
1327 290 504
291 503 595
503 291 595
595 291 503
600 475 1231
1231 475 600
475 600 1231
229 217 562
562 217 229
217 229 562
1001 341 1208
341 1001 1208
1208 341 1001
123 466 1382
466 123 1382
1382 123 466
178 51 576
51 178 576
576 51 178
561 89 652
652 89 561
89 561 652
1125 72 134
72 134 1125
134 72 1125
774 1181 1276
1181 774 1276
1276 774 1181
881 1112 1328
1112 881 1328
1328 881 1112
370 688 1183
1183 370 688
688 370 1183
1280 142 1411
142 1280 1411
1411 142 1280
1146 88 256
88 256 1146
256 88 1146
1180 5 87
87 5 1180
5 87 1180
931 50 195
195 50 931
50 195 931
1040 730 810
810 730 1040
730 810 1040
428 353 1358
353 428 1358
1358 353 428
647 505 628
505 628 647
628 505 647
1413 948 1048
948 1048 1413
1048 948 1413
417 776 1483
1483 417 776
776 417 1483
658 105 1198
1198 105 658
105 658 1198
655 396 1216
396 655 1216
1216 396 655
981 1315 1387
1315 981 1387
1387 981 1315
254 469 517
469 254 517
517 254 469
1127 680 825
680 825 1127
825 680 1127
677 58 980
58 677 980
980 58 677
176 180 868
868 176 180
180 176 868
1267 999 1157
999 1157 1267
1157 999 1267
174 146 986
146 174 986
986 146 174
819 1218 1455
1218 819 1455
1455 819 1218
1176 6 366
6 366 1176
366 6 1176
1395 507 1214
507 1214 1395
1214 507 1395
402 342 1151
1151 342 402
342 402 1151
732 568 885
885 568 732
568 732 885
175 569 1021
569 175 1021
1021 175 569
578 148 467
148 467 578
467 148 578
1000 138 299
299 138 1000
138 299 1000
968 284 383
383 284 968
284 383 968
502 738 1481
1481 502 738
738 502 1481
400 1088 1355
1355 400 1088
1088 400 1355
603 793 892
892 603 793
793 603 892
328 821 1113
1113 328 821
821 328 1113
1041 1196 1335
1335 1041 1196
1196 1041 1335
1142 1375 1460
1460 1142 1375
1375 1142 1460
535 305 1486
305 535 1486
1486 305 535
447 336 1354
1354 336 447
336 447 1354
719 373 1036
373 719 1036
1036 373 719
887 398 1324
1324 398 887
398 887 1324
1336 235 1310
1310 235 1336
235 1310 1336
788 824 878
878 788 824
824 788 878
1311 681 1210
1210 681 1311
681 1210 1311
1389 1057 1138
1057 1138 1389
1138 1057 1389
260 449 1475
1475 260 449
449 260 1475
346 222 1425
222 346 1425
1425 222 346
708 9 941
9 708 941
941 9 708
899 480 564
480 564 899
564 480 899
376 782 1268
1268 376 782
782 376 1268
916 78 1416
1416 78 916
78 916 1416
990 301 482
482 301 990
301 482 990
1397 24 829
24 829 1397
829 24 1397
300 358 727
358 300 727
727 300 358
251 209 489
209 251 489
489 209 251
214 184 368
184 214 368
368 184 214
1147 382 1079
382 1079 1147
1079 382 1147
154 772 1092
772 154 1092
1092 154 772
1471 350 1302
350 1302 1471
1302 350 1471
330 389 1445
1445 330 389
389 330 1445
10 714 722
722 10 714
714 10 722
733 572 1074
1074 572 733
572 733 1074
996 522 1438
1438 522 996
522 996 1438
632 26 1363
26 632 1363
1363 26 632
385 103 974
974 103 385
103 385 974
618 612 716
716 612 618
612 618 716
813 14 460
14 460 813
460 14 813
470 711 735
711 470 735
735 470 711
1497 583 895
895 583 1497
583 895 1497
954 602 1329
602 954 1329
1329 602 954
451 119 1135
119 451 1135
1135 119 451
593 37 409
409 37 593
37 409 593
1245 404 533
533 404 1245
404 533 1245
1067 18 1230
1230 18 1067
18 1067 1230
1392 181 316
181 316 1392
316 181 1392
98 539 1052
1052 98 539
539 98 1052
1005 604 645
645 604 1005
604 645 1005
559 671 1320
1320 559 671
671 559 1320
1288 282 1466
282 1288 1466
1466 282 1288
163 427 902
427 163 902
902 163 427
169 642 816
816 169 642
642 169 816
1096 424 529
529 424 1096
424 529 1096
674 1129 1270
1270 674 1129
1129 674 1270
418 453 1444
1444 418 453
453 418 1444
541 526 619
619 526 541
526 541 619
498 313 1220
1220 313 498
313 498 1220
1228 690 1022
690 1022 1228
1022 690 1228
1072 729 955
955 729 1072
729 955 1072
277 862 1376
1376 277 862
862 277 1376
1225 624 807
624 807 1225
807 624 1225
280 59 746
59 280 746
746 59 280
1050 391 414
391 414 1050
414 391 1050
752 553 1423
553 752 1423
1423 553 752
1299 61 946
61 946 1299
946 61 1299
494 225 1461
1461 225 494
225 494 1461
69 1015 1480
1480 69 1015
1015 69 1480
197 182 911
182 197 911
911 182 197
1027 1432 1474
1432 1027 1474
1474 1027 1432
1340 244 1164
244 1164 1340
1164 244 1340
973 258 490
490 258 973
258 490 973
615 823 1161
823 615 1161
1161 615 823
1274 695 1489
695 1274 1489
1489 695 1274
240 838 1031
838 240 1031
1031 240 838
709 510 799
799 510 709
510 709 799
1102 207 852
852 207 1102
207 852 1102
566 1189 1217
1189 566 1217
1217 566 1189
741 392 438
392 438 741
438 392 741
556 62 187
62 187 556
187 62 556
1410 1204 1381
1204 1381 1410
1381 1204 1410
1132 437 1026
437 1026 1132
1026 437 1132
532 1247 1403
1247 532 1403
1403 532 1247
846 378 1437
1437 378 846
378 846 1437
942 185 717
185 717 942
717 185 942
587 47 812
812 47 587
47 587 812
913 201 627
201 627 913
627 201 913
560 433 1313
1313 433 560
433 560 1313
28 20 100
100 20 28
20 28 100
903 160 546
160 546 903
546 160 903
294 65 1010
1010 65 294
65 294 1010
183 106 440
440 106 183
106 183 440
925 22 706
22 706 925
706 22 925
574 543 898
898 543 574
543 574 898
1473 289 439
289 439 1473
439 289 1473
124 200 700
200 124 700
700 124 200
648 352 934
934 352 648
352 648 934
614 93 1494
1494 93 614
93 614 1494
295 153 879
879 153 295
153 295 879
1223 205 345
205 345 1223
345 205 1223
930 508 1290
508 930 1290
1290 508 930
483 457 1345
1345 457 483
457 483 1345
272 573 1141
1141 272 573
573 272 1141
839 101 1169
101 839 1169
1169 101 839
1241 867 1436
1436 867 1241
867 1241 1436
247 318 1004
318 247 1004
1004 247 318
500 327 1260
327 500 1260
1260 327 500
1415 273 514
273 514 1415
514 273 1415
672 141 1478
1478 141 672
141 672 1478
1203 216 1126
1126 216 1203
216 1126 1203
419 84 85
85 84 419
84 85 419
236 611 976
976 236 611
611 236 976
811 271 450
271 450 811
450 271 811
1059 408 1365
408 1059 1365
1365 408 1059
1077 638 927
927 638 1077
638 927 1077
978 684 723
723 684 978
684 723 978
