194 141 1281
1281 141 194
141 194 1281
1411 673 1008
1008 673 1411
673 1008 1411
332 415 770
770 332 415
415 332 770
410 419 829
419 410 829
829 410 419
541 503 823
503 541 823
823 503 541
1228 533 1444
533 1228 1444
1444 533 1228
1113 778 1075
1075 778 1113
778 1075 1113
1317 154 1140
1140 154 1317
154 1140 1317
749 510 735
510 735 749
735 510 749
937 454 1463
454 937 1463
1463 454 937
1480 366 564
564 366 1480
366 564 1480
547 1014 1330
1330 547 1014
1014 547 1330
1369 1078 1289
1078 1289 1369
1289 1078 1369
323 444 1415
444 323 1415
1415 323 444
795 96 247
96 247 795
247 96 795
62 462 482
482 62 462
462 62 482
642 267 1132
1132 267 642
267 642 1132
758 1332 1440
1440 758 1332
1332 758 1440
181 927 1062
1062 181 927
927 181 1062
1451 544 1326
1326 544 1451
544 1326 1451
1434 731 1500
1500 731 1434
731 1434 1500
988 41 915
41 915 988
915 41 988
828 1222 1311
1222 828 1311
1311 828 1222
451 543 1433
1433 451 543
543 451 1433
960 791 1446
791 960 1446
1446 791 960
1233 777 1325
1325 777 1233
777 1233 1325
198 251 786
251 198 786
786 198 251
704 264 876
264 704 876
876 264 704
294 60 1224
1224 60 294
60 294 1224
634 944 1111
1111 634 944
944 634 1111
1133 249 905
905 249 1133
249 905 1133
63 227 584
584 63 227
227 63 584
942 442 1131
442 942 1131
1131 442 942
832 530 955
530 832 955
955 530 832
121 138 966
138 121 966
966 121 138
1425 345 423
423 345 1425
345 423 1425
497 1219 1472
1472 497 1219
1219 497 1472
501 29 1010
29 501 1010
1010 29 501
364 546 709
709 364 546
546 364 709
922 349 1430
1430 349 922
349 922 1430
1453 803 878
803 878 1453
878 803 1453
1098 3 21
21 3 1098
3 21 1098
1297 159 1439
159 1297 1439
1439 159 1297
1088 563 895
895 563 1088
563 895 1088
406 750 1250
750 406 1250
1250 406 750
914 1068 1460
1460 914 1068
1068 914 1460
946 700 752
700 752 946
752 700 946
471 307 978
307 471 978
978 307 471
381 809 1052
1052 381 809
809 381 1052
1240 189 714
714 189 1240
189 714 1240
1193 522 529
522 529 1193
529 522 1193
1364 287 623
287 623 1364
623 287 1364
284 1284 1397
1397 284 1284
1284 284 1397
1172 91 999
91 999 1172
999 91 1172
528 71 128
71 128 528
128 71 528
1471 1 761
1 761 1471
761 1 1471
1207 1163 1315
1163 1207 1315
1315 1163 1207
1245 787 897
897 787 1245
787 897 1245
1120 768 1255
768 1120 1255
1255 768 1120
747 591 605
605 591 747
591 605 747
707 641 1077
1077 641 707
641 707 1077
1432 687 934
934 687 1432
687 934 1432
1365 950 1206
950 1206 1365
1206 950 1365
50 887 1231
1231 50 887
887 50 1231
1084 337 431
337 431 1084
431 337 1084
718 34 1345
34 718 1345
1345 34 718
258 574 1287
574 258 1287
1287 258 574
387 255 1456
1456 255 387
255 387 1456
1147 730 782
782 730 1147
730 782 1147
2 456 1355
456 2 1355
1355 2 456
671 183 232
232 183 671
183 232 671
1381 851 1234
1234 851 1381
851 1234 1381
429 635 864
635 429 864
864 429 635
885 168 863
863 168 885
168 863 885
1464 690 734
734 690 1464
690 734 1464
595 185 1086
185 595 1086
1086 185 595
620 28 572
28 572 620
572 28 620
1083 65 169
169 65 1083
65 169 1083
484 286 580
286 484 580
580 286 484
1035 845 1342
845 1035 1342
1342 845 1035
733 1298 1351
1351 733 1298
1298 733 1351
453 1257 1356
1257 453 1356
1356 453 1257
261 363 654
654 261 363
363 261 654
1477 16 1408
1408 16 1477
16 1408 1477
1213 1103 1496
1103 1213 1496
1496 1103 1213
200 609 1186
609 200 1186
1186 200 609
713 35 1188
35 713 1188
1188 35 713
1479 369 973
973 369 1479
369 973 1479
359 622 909
622 359 909
909 359 622
313 1020 1100
1100 313 1020
1020 313 1100
931 582 1043
1043 582 931
582 931 1043
661 476 1392
476 661 1392
1392 476 661
55 320 1399
320 55 1399
1399 55 320
1011 1001 1420
1001 1011 1420
1420 1001 1011
1310 948 1225
1225 948 1310
948 1225 1310
1123 884 1235
1235 884 1123
884 1123 1235
1290 452 577
577 452 1290
452 577 1290
81 567 1455
567 81 1455
1455 81 567
1102 239 854
854 239 1102
239 854 1102
873 95 910
95 873 910
910 95 873
274 432 1195
432 274 1195
1195 274 432
1374 1459 1499
1499 1374 1459
1459 1374 1499
1156 78 242
242 78 1156
78 242 1156
1058 51 133
133 51 1058
51 133 1058
291 684 1313
684 291 1313
1313 291 684
877 201 814
814 201 877
201 814 877
516 683 1334
683 516 1334
1334 516 683
219 534 592
592 219 534
534 219 592
981 38 1288
38 981 1288
1288 38 981
101 296 1048
296 101 1048
1048 101 296
164 505 880
505 164 880
880 164 505
933 640 1272
1272 640 933
640 933 1272
441 216 780
216 441 780
780 216 441
1106 561 1458
561 1106 1458
1458 561 1106
969 23 1046
1046 23 969
23 969 1046
983 754 1383
1383 754 983
754 983 1383
1208 515 597
597 515 1208
515 597 1208
1201 1403 1495
1403 1201 1495
1495 1201 1403
152 256 1384
1384 152 256
256 152 1384
450 1291 1322
1291 450 1322
1322 450 1291
736 324 1029
1029 324 736
324 736 1029
496 388 589
388 496 589
589 388 496
1487 417 836
836 417 1487
417 836 1487
681 89 679
679 89 681
89 679 681
1414 44 230
44 230 1414
230 44 1414
233 137 1194
137 233 1194
1194 137 233
163 618 710
710 163 618
618 163 710
1492 489 1421
489 1421 1492
1421 489 1492
901 874 1261
874 901 1261
1261 874 901
624 651 1275
1275 624 651
651 624 1275
985 119 1448
1448 119 985
119 985 1448
389 440 1181
440 389 1181
1181 389 440
964 686 765
686 765 964
765 686 964
411 310 1202
1202 310 411
310 411 1202
1431 380 819
380 819 1431
819 380 1431
1125 226 566
226 566 1125
566 226 1125
508 70 1378
70 508 1378
1378 70 508
839 187 972
187 839 972
972 187 839
188 437 470
470 188 437
437 188 470
930 594 703
594 703 930
703 594 930
1417 76 993
76 993 1417
993 76 1417
225 343 1491
1491 225 343
343 225 1491
407 826 911
911 407 826
826 407 911
124 1419 1427
1419 124 1427
1427 124 1419
659 1324 1385
1385 659 1324
1324 659 1385
358 26 165
165 26 358
26 165 358
890 319 1481
319 890 1481
1481 319 890
916 244 1348
1348 244 916
244 916 1348
315 37 945
37 315 945
945 37 315
1160 626 1071
626 1071 1160
1071 626 1160
390 382 1335
1335 382 390
382 390 1335
1137 376 1306
1306 376 1137
376 1137 1306
171 331 857
857 171 331
331 171 857
9 495 899
495 9 899
899 9 495
751 245 576
576 245 751
245 576 751
1314 603 1016
1016 603 1314
603 1016 1314
1217 79 1042
79 1042 1217
1042 79 1217
1229 853 1246
853 1229 1246
1246 853 1229
250 619 856
619 250 856
856 250 619
1344 116 531
531 116 1344
116 531 1344
953 418 744
418 744 953
744 418 953
1247 691 1002
1002 691 1247
691 1002 1247
717 312 329
312 329 717
329 312 717
428 47 1154
1154 47 428
47 428 1154
1409 64 459
64 459 1409
459 64 1409
849 69 848
848 69 849
69 848 849
290 579 987
987 290 579
579 290 987
97 1168 1396
1168 97 1396
1396 97 1168
1038 818 998
998 818 1038
818 998 1038
1389 1124 1350
1124 1350 1389
1350 1124 1389
202 143 1339
1339 143 202
143 202 1339
1323 306 1145
1145 306 1323
306 1145 1323
935 1076 1196
1076 935 1196
1196 935 1076
56 600 685
600 56 685
685 56 600
1158 879 1498
879 1158 1498
1498 879 1158
813 399 648
399 648 813
648 399 813
514 1025 1466
1466 514 1025
1025 514 1466
883 106 825
825 106 883
106 825 883
1000 140 443
443 140 1000
140 443 1000
1237 88 1292
1292 88 1237
88 1237 1292
1236 952 1232
952 1232 1236
1232 952 1236
7 134 229
134 7 229
229 7 134
810 367 446
367 446 810
446 367 810
613 599 771
771 599 613
599 613 771
846 1303 1370
1303 846 1370
1370 846 1303
1304 305 1372
1372 305 1304
305 1304 1372
360 223 790
223 360 790
790 223 360
339 174 746
174 339 746
746 174 339
1359 252 558
558 252 1359
252 558 1359
438 25 1028
25 438 1028
1028 25 438
1064 318 1153
318 1064 1153
1153 318 1064
1497 368 1148
368 1148 1497
1148 368 1497
1328 841 1082
841 1082 1328
1082 841 1328
342 75 85
75 85 342
85 75 342
12 241 1274
241 12 1274
1274 12 241
1354 220 663
220 663 1354
663 220 1354
1371 17 757
757 17 1371
17 757 1371
354 612 666
612 354 666
666 354 612
590 221 536
221 536 590
536 221 590
578 361 1390
361 578 1390
1390 361 578
139 45 729
729 45 139
45 139 729
523 858 1305
1305 523 858
858 523 1305
1159 720 1398
720 1159 1398
1398 720 1159
464 1039 1442
1442 464 1039
1039 464 1442
1347 136 1252
1252 136 1347
136 1252 1347
1050 350 781
350 781 1050
781 350 1050
1361 644 676
644 676 1361
676 644 1361
301 54 1184
1184 54 301
54 301 1184
477 403 614
403 477 614
614 403 477
664 412 1316
1316 412 664
412 664 1316
1469 416 1141
1141 416 1469
416 1141 1469
1129 394 512
394 512 1129
512 394 1129
1112 90 842
842 90 1112
90 842 1112
1198 646 763
763 646 1198
646 763 1198
1105 833 1410
1410 833 1105
833 1105 1410
1286 375 560
560 375 1286
375 560 1286
936 308 341
308 341 936
341 308 936
963 217 1097
1097 217 963
217 963 1097
1191 675 1264
675 1191 1264
1264 675 1191
211 764 1484
1484 211 764
764 211 1484
860 370 372
370 372 860
372 370 860
24 127 347
127 24 347
347 24 127
125 46 1394
1394 46 125
46 125 1394
191 455 615
455 191 615
615 191 455
1366 276 606
606 276 1366
276 606 1366
872 1307 1489
1489 872 1307
1307 872 1489
1447 692 1164
1164 692 1447
692 1164 1447
557 346 447
346 447 557
447 346 557
919 474 721
721 474 919
474 721 919
1423 20 1478
1478 20 1423
20 1423 1478
500 974 1189
1189 500 974
974 500 1189
959 385 521
521 385 959
385 521 959
1265 42 997
997 42 1265
42 997 1265
1167 596 1349
596 1167 1349
1349 596 1167
1018 196 1248
196 1018 1248
1248 196 1018
114 638 1116
1116 114 638
638 114 1116
990 524 537
524 537 990
537 524 990
1493 491 1262
1262 491 1493
491 1262 1493
1059 295 1336
1336 295 1059
295 1059 1336
14 379 1066
1066 14 379
379 14 1066
1256 328 968
328 968 1256
968 328 1256
208 698 859
859 208 698
698 208 859
1047 1183 1263
1183 1047 1263
1263 1047 1183
773 473 1457
1457 473 773
473 773 1457
607 74 1244
74 607 1244
1244 74 607
475 149 571
571 149 475
149 475 571
1238 920 1341
920 1238 1341
1341 920 1238
92 1293 1428
1293 92 1428
1428 92 1293
1300 732 1187
1187 732 1300
732 1187 1300
1175 881 1034
1034 881 1175
881 1034 1175
129 222 715
222 129 715
715 129 222
466 131 1180
131 466 1180
1180 131 466
737 639 980
980 639 737
639 737 980
30 430 783
430 30 783
783 30 430
774 209 753
209 753 774
753 209 774
925 568 1338
1338 568 925
568 925 1338
280 292 1283
1283 280 292
292 280 1283
271 699 1182
1182 271 699
699 271 1182
1091 800 894
800 894 1091
894 800 1091
689 518 1027
1027 518 689
518 689 1027
80 277 1367
1367 80 277
277 80 1367
1073 153 552
153 552 1073
552 153 1073
610 682 1473
1473 610 682
682 610 1473
130 182 1318
1318 130 182
182 130 1318
414 173 1312
1312 173 414
173 414 1312
192 694 1429
1429 192 694
694 192 1429
269 840 1176
1176 269 840
840 269 1176
1053 991 1273
991 1053 1273
1273 991 1053
377 278 789
789 278 377
278 377 789
1482 957 1019
1019 957 1482
957 1019 1482
1063 1199 1220
1199 1063 1220
1220 1063 1199
1005 902 1302
902 1005 1302
1302 902 1005
458 135 1079
135 458 1079
1079 135 458
243 559 913
913 243 559
559 243 913
353 275 1157
275 353 1157
1157 275 353
1030 427 728
728 427 1030
427 728 1030
1416 586 722
586 722 1416
722 586 1416
1486 1204 1405
1405 1204 1486
1204 1405 1486
565 166 1494
1494 166 565
166 565 1494
371 598 1155
598 371 1155
1155 371 598
633 647 1045
647 633 1045
1045 633 647
1101 555 739
555 739 1101
739 555 1101
338 10 228
228 10 338
10 228 338
792 1177 1254
1254 792 1177
1177 792 1254
333 535 1094
1094 333 535
535 333 1094
113 118 1376
1376 113 118
118 113 1376
1205 1056 1081
1081 1056 1205
1056 1081 1205
1418 585 1488
585 1418 1488
1488 585 1418
1061 929 977
929 977 1061
977 929 1061
951 157 1308
1308 157 951
157 951 1308
299 144 1017
1017 144 299
144 299 1017
100 103 1104
1104 100 103
103 100 1104
1239 674 776
776 674 1239
674 776 1239
492 888 1057
888 492 1057
1057 492 888
511 170 199
199 170 511
170 199 511
570 238 769
769 238 570
238 570 769
161 741 784
784 161 741
741 161 784
204 697 1169
1169 204 697
697 204 1169
107 401 1033
401 107 1033
1033 107 401
486 11 908
11 486 908
908 11 486
793 409 1251
409 793 1251
1251 409 793
162 463 928
928 162 463
463 162 928
669 485 587
485 587 669
587 485 669
817 231 448
231 448 817
448 231 817
498 748 1269
748 498 1269
1269 498 748
788 844 1230
1230 788 844
844 788 1230
1031 637 1295
1295 637 1031
637 1031 1295
525 802 1032
802 525 1032
1032 525 802
656 180 311
311 180 656
180 311 656
550 941 982
982 550 941
941 550 982
1099 513 554
554 513 1099
513 554 1099
99 67 882
882 67 99
67 99 882
625 1085 1221
1221 625 1085
1085 625 1221
1450 32 378
32 378 1450
378 32 1450
59 821 1023
821 59 1023
1023 59 821
384 132 801
801 132 384
132 384 801
575 218 1358
218 575 1358
1358 218 575
102 932 1174
932 102 1174
1174 102 932
662 297 705
705 297 662
297 662 705
317 1074 1368
1368 317 1074
1074 317 1368
1210 33 213
33 213 1210
213 33 1210
824 542 847
847 542 824
542 824 847
1080 1152 1387
1387 1080 1152
1152 1080 1387
868 898 906
898 868 906
906 868 898
259 658 708
658 259 708
708 259 658
636 257 1490
1490 257 636
257 636 1490
1485 738 1212
1212 738 1485
738 1212 1485
1026 27 1268
27 1026 1268
1268 27 1026
688 820 1483
1483 688 820
820 688 1483
1461 283 604
604 283 1461
283 604 1461
105 151 1452
1452 105 151
151 105 1452
539 237 645
645 237 539
237 539 645
1270 109 304
109 304 1270
304 109 1270
122 108 1044
108 122 1044
1044 108 122
725 266 621
621 266 725
266 621 725
460 351 643
643 351 460
351 460 643
712 263 779
779 263 712
263 712 779
667 147 270
270 147 667
147 270 667
260 87 1144
87 260 1144
1144 87 260
1454 104 616
104 616 1454
616 104 1454
18 1136 1436
1436 18 1136
1136 18 1436
668 759 904
759 668 904
904 668 759
481 461 1109
1109 461 481
461 481 1109
665 886 889
889 665 886
886 665 889
822 279 1277
1277 279 822
279 822 1277
1069 1012 1294
1012 1069 1294
1294 1012 1069
785 509 1211
1211 509 785
509 785 1211
551 262 1242
1242 262 551
262 551 1242
1470 611 900
900 611 1470
611 900 1470
1130 798 1441
1441 798 1130
798 1130 1441
1055 1054 1393
1054 1055 1393
1393 1054 1055
1391 655 1363
655 1363 1391
1363 655 1391
1173 740 1337
1337 740 1173
740 1173 1337
160 115 439
115 160 439
439 115 160
1321 273 383
383 273 1321
273 383 1321
797 994 1146
1146 797 994
994 797 1146
923 282 726
726 282 923
282 726 923
745 215 677
677 215 745
215 677 745
1060 73 588
73 588 1060
588 73 1060
391 593 1360
1360 391 593
593 391 1360
487 197 762
762 197 487
197 487 762
1379 583 1226
1226 583 1379
583 1226 1379
408 58 956
58 408 956
956 58 408
653 49 61
49 61 653
61 49 653
195 553 1301
553 195 1301
1301 195 553
532 871 1218
1218 532 871
871 532 1218
1435 402 1380
402 1380 1435
1380 402 1435
939 240 938
240 938 939
938 240 939
602 248 499
248 499 602
499 248 602
520 254 502
502 254 520
254 502 520
1382 507 1285
507 1285 1382
1285 507 1382
1437 425 556
425 556 1437
556 425 1437
693 373 893
373 693 893
893 373 693
870 837 1007
837 870 1007
1007 837 870
861 716 811
811 716 861
716 811 861
179 467 1096
467 179 1096
1096 179 467
650 469 1465
1465 469 650
469 650 1465
1249 148 1127
1127 148 1249
148 1127 1249
794 193 1013
193 794 1013
1013 193 794
1151 1150 1170
1170 1150 1151
1150 1151 1170
526 760 1041
760 526 1041
1041 526 760
344 480 1258
480 344 1258
1258 344 480
178 806 1114
1114 178 806
806 178 1114
309 918 1343
918 309 1343
1343 309 918
445 327 1179
1179 327 445
327 445 1179
145 478 896
896 145 478
478 145 896
601 1118 1227
1227 601 1118
1118 601 1227
48 472 1413
472 48 1413
1413 48 472
176 98 1333
1333 98 176
98 176 1333
348 1266 1375
1266 348 1375
1375 348 1266
926 755 827
755 827 926
827 755 926
1280 398 1149
398 1149 1280
1149 398 1280
421 40 303
40 303 421
303 40 421
743 82 281
82 281 743
281 82 743
808 206 680
206 680 808
680 206 808
727 1051 1203
1203 727 1051
1051 727 1203
701 84 799
799 84 701
84 701 799
494 984 1070
1070 494 984
984 494 1070
357 1178 1319
1178 357 1319
1319 357 1178
1095 426 921
921 426 1095
426 921 1095
1353 719 855
719 855 1353
855 719 1353
850 39 1299
39 850 1299
1299 39 850
234 527 907
527 234 907
907 234 527
1021 336 1115
336 1021 1115
1115 336 1021
1087 775 1296
1296 775 1087
775 1087 1296
835 852 1320
852 835 1320
1320 835 852
186 36 404
404 36 186
36 186 404
321 184 865
184 321 865
865 184 321
1352 965 1009
965 1009 1352
1009 965 1352
903 1107 1475
1107 903 1475
1475 903 1107
538 289 804
289 538 804
804 289 538
355 891 1271
1271 355 891
891 355 1271
316 1037 1276
1037 316 1276
1276 316 1037
1406 335 562
562 335 1406
335 562 1406
1267 190 1166
190 1166 1267
1166 190 1267
947 766 1443
1443 766 947
766 947 1443
123 397 812
397 123 812
812 123 397
1128 6 1386
6 1128 1386
1386 6 1128
1329 815 967
967 815 1329
815 967 1329
340 43 917
43 340 917
917 43 340
356 1214 1362
1214 356 1362
1362 356 1214
1004 435 816
816 435 1004
435 816 1004
670 843 1024
843 670 1024
1024 670 843
94 253 392
392 94 253
253 94 392
1121 110 212
110 212 1121
212 110 1121
1200 396 569
396 569 1200
569 396 1200
995 13 1404
13 995 1404
1404 13 995
862 175 672
672 175 862
175 672 862
146 126 1161
126 146 1161
1161 126 146
457 1049 1449
1449 457 1049
1049 457 1449
943 246 365
246 365 943
365 246 943
1165 352 1003
352 1003 1165
1003 352 1165
433 322 493
493 322 433
322 433 493
940 19 362
362 19 940
19 362 940
1036 413 706
706 413 1036
413 706 1036
986 756 869
869 756 986
756 869 986
1040 224 540
540 224 1040
224 540 1040
617 158 1400
158 617 1400
1400 158 617
519 479 1135
1135 479 519
479 519 1135
465 293 1015
293 465 1015
1015 293 465
1260 400 1139
400 1139 1260
1139 400 1260
93 867 1278
1278 93 867
867 93 1278
649 420 627
420 627 649
627 420 649
805 807 989
989 805 807
807 805 989
970 236 1259
1259 236 970
236 970 1259
695 772 1126
772 695 1126
1126 695 772
996 83 207
207 83 996
83 207 996
1388 272 1412
272 1388 1412
1412 272 1388
912 393 866
866 393 912
393 866 912
8 1072 1108
1072 8 1108
1108 8 1072
958 1065 1468
1468 958 1065
1065 958 1468
1119 1089 1407
1089 1119 1407
1407 1089 1119
57 66 1197
1197 57 66
66 57 1197
1216 632 1438
1438 632 1216
632 1216 1438
325 424 449
449 325 424
424 325 449
111 834 949
834 111 949
949 111 834
72 434 875
875 72 434
434 72 875
1467 5 214
214 5 1467
5 214 1467
1192 298 1331
1331 298 1192
298 1192 1331
1377 1279 1401
1279 1377 1401
1401 1279 1377
300 203 374
203 300 374
374 203 300
1327 177 506
506 177 1327
177 506 1327
155 742 1122
742 155 1122
1122 155 742
1134 112 992
112 992 1134
992 112 1134
962 1171 1340
1171 962 1340
1340 962 1171
53 1138 1462
1138 53 1462
1462 53 1138
723 288 630
288 630 723
630 288 723
1476 386 395
386 395 1476
395 386 1476
831 504 1422
1422 504 831
504 831 1422
117 1243 1373
1243 117 1373
1373 117 1243
1282 468 1402
1402 468 1282
468 1282 1402
436 924 954
954 436 924
924 436 954
548 629 976
629 548 976
976 548 629
156 767 961
767 156 961
961 156 767
22 660 1395
660 22 1395
1395 22 660
549 265 892
892 265 549
265 549 892
1142 86 268
86 268 1142
268 86 1142
1143 631 1253
631 1143 1253
1253 631 1143
1424 838 1092
838 1092 1424
1092 838 1424
1474 142 1006
1006 142 1474
142 1006 1474
1185 15 545
15 545 1185
545 15 1185
1209 488 1215
488 1209 1215
1215 488 1209
1346 608 1357
608 1346 1357
1357 608 1346
657 702 724
702 657 724
724 657 702
628 422 1241
1241 422 628
422 628 1241
205 979 1162
1162 205 979
979 205 1162
31 975 1190
1190 31 975
975 31 1190
581 652 1309
1309 581 652
652 581 1309
167 830 1223
1223 167 830
830 167 1223
483 150 405
150 405 483
405 150 483
314 696 971
971 314 696
696 314 971
285 326 1093
1093 285 326
326 285 1093
302 678 1090
1090 302 678
678 302 1090
1445 4 68
68 4 1445
4 68 1445
517 172 1110
172 517 1110
1110 172 517
1426 52 711
52 711 1426
711 52 1426
573 1022 1117
1117 573 1022
1022 573 1117
120 210 490
490 120 210
210 120 490
796 77 1067
1067 77 796
77 796 1067
334 235 330
330 235 334
235 330 334
