3617 11165 14578
11165 3617 14578
14578 3617 11165
11627 11116 13321
11116 11627 13321
13321 11116 11627
11023 5176 6326
6326 5176 11023
5176 6326 11023
12753 4027 13608
4027 12753 13608
13608 4027 12753
9587 2063 10566
2063 9587 10566
10566 2063 9587
9986 956 3843
3843 956 9986
956 3843 9986
6820 8200 13771
8200 6820 13771
13771 6820 8200
6717 6897 9939
9939 6717 6897
6897 6717 9939
12775 8855 10257
10257 8855 12775
8855 10257 12775
9275 9321 9724
9724 9275 9321
9321 9275 9724
3164 3391 5272
3391 3164 5272
5272 3164 3391
14717 5108 11424
5108 11424 14717
11424 5108 14717
3206 2408 2544
2408 2544 3206
2544 2408 3206
3492 7840 7850
7850 3492 7840
7840 3492 7850
10302 13101 14093
14093 10302 13101
13101 10302 14093
3983 4456 5353
5353 3983 4456
4456 3983 5353
7465 7799 12629
7799 7465 12629
12629 7465 7799
10840 1944 12777
1944 10840 12777
12777 1944 10840
3303 1838 4999
1838 3303 4999
4999 1838 3303
11409 4229 5541
4229 5541 11409
5541 4229 11409
7637 1995 3533
3533 1995 7637
1995 3533 7637
1177 2104 12857
2104 1177 12857
12857 1177 2104
5355 4065 6466
4065 5355 6466
6466 4065 5355
13904 1079 8750
1079 8750 13904
8750 1079 13904
5309 1350 10877
10877 1350 5309
1350 5309 10877
10856 3574 6834
3574 6834 10856
6834 3574 10856
14940 9466 10950
10950 9466 14940
9466 10950 14940
7127 161 14853
161 7127 14853
14853 161 7127
9873 2938 7888
2938 7888 9873
7888 2938 9873
9841 11038 12890
11038 9841 12890
12890 9841 11038
11516 3938 9572
9572 3938 11516
3938 9572 11516
8695 1414 11963
1414 8695 11963
11963 1414 8695
4756 2542 5657
5657 2542 4756
2542 4756 5657
14896 3661 4139
3661 4139 14896
4139 3661 14896
7700 4763 12371
12371 4763 7700
4763 7700 12371
11602 832 12385
12385 832 11602
832 11602 12385
9882 3478 11161
11161 3478 9882
3478 9882 11161
12843 1853 13454
13454 1853 12843
1853 12843 13454
13845 2671 6666
2671 6666 13845
6666 2671 13845
5723 1684 4209
1684 4209 5723
4209 1684 5723
8018 5316 11571
5316 8018 11571
11571 5316 8018
8711 3759 14043
3759 8711 14043
14043 3759 8711
4490 4330 14572
14572 4330 4490
4330 4490 14572
2238 2821 12290
2821 2238 12290
12290 2238 2821
1005 6714 13181
13181 1005 6714
6714 1005 13181
5461 4260 5153
5153 4260 5461
4260 5153 5461
3374 13302 14383
13302 3374 14383
14383 3374 13302
10918 10544 12132
10544 10918 12132
12132 10544 10918
9867 2309 13213
13213 2309 9867
2309 9867 13213
2599 4289 14420
14420 2599 4289
4289 2599 14420
1163 5822 11192
11192 1163 5822
5822 1163 11192
4674 3237 11790
11790 3237 4674
3237 4674 11790
11728 3403 11512
11512 3403 11728
3403 11512 11728
13542 4858 5738
4858 5738 13542
5738 4858 13542
8016 1430 14686
1430 8016 14686
14686 1430 8016
2132 2804 3729
3729 2132 2804
2804 2132 3729
1988 24 13915
13915 24 1988
24 1988 13915
8136 4130 7807
4130 7807 8136
7807 4130 8136
11283 2760 10783
10783 2760 11283
2760 10783 11283
8717 11719 14326
11719 8717 14326
14326 8717 11719
10228 462 2461
462 2461 10228
2461 462 10228
11911 9802 11971
9802 11911 11971
11971 9802 11911
10614 1303 10163
1303 10163 10614
10163 1303 10614
993 5680 14651
14651 993 5680
5680 993 14651
9216 11664 12494
11664 9216 12494
12494 9216 11664
1974 5740 8223
8223 1974 5740
5740 1974 8223
11060 4887 5819
4887 5819 11060
5819 4887 11060
6420 6835 12514
6835 6420 12514
12514 6420 6835
90 4840 11236
11236 90 4840
4840 90 11236
6922 452 7987
452 6922 7987
7987 452 6922
14525 2712 13372
13372 2712 14525
2712 13372 14525
750 4718 9636
4718 750 9636
9636 750 4718
7967 4448 12770
12770 4448 7967
4448 7967 12770
13675 3506 7257
3506 7257 13675
7257 3506 13675
11071 1611 6664
1611 6664 11071
6664 1611 11071
10449 6109 12756
6109 10449 12756
12756 6109 10449
2537 4208 14484
14484 2537 4208
4208 2537 14484
2165 10165 12126
10165 2165 12126
12126 2165 10165
6882 1937 12438
12438 1937 6882
1937 6882 12438
14366 2363 13962
2363 13962 14366
13962 2363 14366
1891 3445 10861
3445 1891 10861
10861 1891 3445
982 7161 13708
13708 982 7161
7161 982 13708
386 5767 12141
5767 386 12141
12141 386 5767
261 1545 13019
1545 261 13019
13019 261 1545
2534 4097 9436
9436 2534 4097
4097 2534 9436
7487 8033 10001
8033 7487 10001
10001 7487 8033
3872 8113 8518
8113 3872 8518
8518 3872 8113
8001 4940 10616
10616 4940 8001
4940 8001 10616
12201 3742 6363
3742 6363 12201
6363 3742 12201
10668 1274 8487
1274 8487 10668
8487 1274 10668
1925 2940 9839
2940 1925 9839
9839 1925 2940
4486 3227 10815
10815 3227 4486
3227 4486 10815
8406 4765 14470
14470 4765 8406
4765 8406 14470
12825 5800 8967
5800 8967 12825
8967 5800 12825
7894 8735 10320
10320 7894 8735
8735 7894 10320
3837 1103 6191
6191 1103 3837
1103 3837 6191
5124 1913 11645
11645 1913 5124
1913 5124 11645
762 8768 11591
8768 762 11591
11591 762 8768
794 3095 5490
5490 794 3095
3095 794 5490
8087 5434 12697
5434 8087 12697
12697 5434 8087
3868 2674 5550
5550 2674 3868
2674 3868 5550
11532 5526 12548
12548 5526 11532
5526 11532 12548
11436 4238 8714
4238 8714 11436
8714 4238 11436
9923 431 2518
2518 431 9923
431 2518 9923
829 3062 11527
3062 829 11527
11527 829 3062
9517 1619 2809
1619 2809 9517
2809 1619 9517
6299 6215 7113
7113 6215 6299
6215 6299 7113
11555 3865 9991
3865 9991 11555
9991 3865 11555
7616 2769 8621
2769 7616 8621
8621 2769 7616
805 7383 9106
7383 805 9106
9106 805 7383
4643 560 8330
8330 560 4643
560 4643 8330
13373 4172 11951
4172 11951 13373
11951 4172 13373
9155 5143 8718
5143 8718 9155
8718 5143 9155
9670 207 7820
7820 207 9670
207 7820 9670
6407 3659 9455
3659 6407 9455
9455 3659 6407
6710 4662 14807
14807 4662 6710
4662 6710 14807
14869 12893 14785
14785 12893 14869
12893 14785 14869
12928 2757 6336
6336 2757 12928
2757 6336 12928
6492 12831 14492
14492 6492 12831
12831 6492 14492
1119 292 4755
292 1119 4755
4755 292 1119
3539 10883 14149
10883 3539 14149
14149 3539 10883
14100 930 6104
930 6104 14100
6104 930 14100
8505 11420 13545
13545 8505 11420
11420 8505 13545
13209 7633 11500
11500 7633 13209
7633 11500 13209
58 6186 6918
6186 58 6918
6918 58 6186
5134 9182 13526
13526 5134 9182
9182 5134 13526
5084 5354 8424
5354 5084 8424
8424 5084 5354
11530 6912 14960
6912 11530 14960
14960 6912 11530
13935 9242 10597
10597 9242 13935
9242 10597 13935
6406 1371 4657
1371 4657 6406
4657 1371 6406
14008 3517 13457
13457 3517 14008
3517 13457 14008
2173 4904 14591
4904 2173 14591
14591 2173 4904
3530 2962 12844
2962 3530 12844
12844 2962 3530
13152 2555 3216
3216 2555 13152
2555 3216 13152
9496 5066 12700
12700 5066 9496
5066 9496 12700
13705 13024 13913
13913 13024 13705
13024 13705 13913
4100 3135 10539
3135 4100 10539
10539 3135 4100
3274 1881 7436
1881 3274 7436
7436 1881 3274
12626 12080 14029
12080 12626 14029
14029 12080 12626
8155 4608 11352
11352 4608 8155
4608 8155 11352
12012 3975 11807
3975 11807 12012
11807 3975 12012
8196 580 14524
14524 580 8196
580 8196 14524
12432 9896 12309
9896 12309 12432
12309 9896 12432
4428 7162 7958
7162 4428 7958
7958 4428 7162
11113 5088 13408
13408 5088 11113
5088 11113 13408
6088 1128 7900
1128 6088 7900
7900 1128 6088
9590 9262 13555
13555 9262 9590
9262 9590 13555
14411 2293 3472
2293 3472 14411
3472 2293 14411
6864 565 2060
565 2060 6864
2060 565 6864
3259 3018 9229
9229 3018 3259
3018 3259 9229
5906 842 5510
842 5510 5906
5510 842 5906
12526 1086 9795
9795 1086 12526
1086 9795 12526
5883 4001 11433
4001 5883 11433
11433 4001 5883
1593 3720 8537
8537 1593 3720
3720 1593 8537
10520 309 11670
309 10520 11670
11670 309 10520
9231 2260 6479
2260 6479 9231
6479 2260 9231
9668 7978 8901
7978 8901 9668
8901 7978 9668
11279 6000 10583
10583 6000 11279
6000 10583 11279
3769 3201 13784
13784 3201 3769
3201 3769 13784
1229 1735 14664
14664 1229 1735
1735 1229 14664
4251 9571 14045
14045 4251 9571
9571 4251 14045
5891 14033 14371
14033 5891 14371
14371 5891 14033
921 3433 5450
5450 921 3433
3433 921 5450
5008 2174 4248
4248 2174 5008
2174 4248 5008
8903 7704 12639
7704 8903 12639
12639 7704 8903
8083 960 11184
11184 960 8083
960 8083 11184
9156 715 2609
715 2609 9156
2609 715 9156
10546 2986 3614
2986 3614 10546
3614 2986 10546
12031 1845 4637
1845 4637 12031
4637 1845 12031
820 3577 13151
3577 820 13151
13151 820 3577
10140 7346 10402
10402 7346 10140
7346 10140 10402
4031 2244 8573
8573 2244 4031
2244 4031 8573
11273 693 14248
14248 693 11273
693 11273 14248
1060 2509 6941
2509 1060 6941
6941 1060 2509
7089 9388 14687
9388 7089 14687
14687 7089 9388
5120 10083 13230
10083 5120 13230
13230 5120 10083
12712 557 7730
7730 557 12712
557 7730 12712
3370 3315 9918
3315 3370 9918
9918 3315 3370
8035 1323 4188
4188 1323 8035
1323 4188 8035
320 2607 13856
13856 320 2607
2607 320 13856
13271 2250 3219
3219 2250 13271
2250 3219 13271
7209 3467 11324
11324 3467 7209
3467 7209 11324
1263 1297 10295
1297 1263 10295
10295 1263 1297
9433 11632 13145
11632 9433 13145
13145 9433 11632
3270 13333 14377
13333 3270 14377
14377 3270 13333
14619 3671 4972
4972 3671 14619
3671 4972 14619
11299 4931 8887
4931 8887 11299
8887 4931 11299
9141 9031 11440
11440 9031 9141
9031 9141 11440
4415 1947 5038
1947 4415 5038
5038 1947 4415
3764 2306 14329
14329 2306 3764
2306 3764 14329
551 11597 11806
11806 551 11597
11597 551 11806
6056 2342 11850
2342 6056 11850
11850 2342 6056
9421 8584 9810
9810 8584 9421
8584 9421 9810
3646 2670 6371
6371 2670 3646
2670 3646 6371
5273 382 3682
382 3682 5273
3682 382 5273
1185 7179 8507
8507 1185 7179
7179 1185 8507
10888 3948 8180
3948 8180 10888
8180 3948 10888
14412 4574 10191
10191 4574 14412
4574 10191 14412
9394 8959 14989
14989 8959 9394
8959 9394 14989
2077 2797 5068
2797 2077 5068
5068 2077 2797
2268 13509 14052
14052 2268 13509
13509 2268 14052
5637 2450 10661
10661 2450 5637
2450 5637 10661
8657 6617 14593
14593 6617 8657
6617 8657 14593
10121 11209 12840
11209 10121 12840
12840 10121 11209
14435 5488 7231
7231 5488 14435
5488 7231 14435
1480 7722 14121
7722 1480 14121
14121 1480 7722
14085 13033 13197
13033 13197 14085
13197 13033 14085
14047 6812 12826
6812 12826 14047
12826 6812 14047
4498 7368 12076
12076 4498 7368
7368 4498 12076
5783 5911 7169
7169 5783 5911
5911 5783 7169
7656 711 10891
711 7656 10891
10891 711 7656
4978 3363 13588
3363 4978 13588
13588 3363 4978
3317 9886 10549
10549 3317 9886
9886 3317 10549
1179 13354 14982
13354 1179 14982
14982 1179 13354
8614 5698 13031
13031 5698 8614
5698 8614 13031
228 5302 9726
9726 228 5302
5302 228 9726
2335 9875 11560
9875 2335 11560
11560 2335 9875
5465 2581 3603
3603 2581 5465
2581 3603 5465
1719 3616 13159
13159 1719 3616
3616 1719 13159
646 3718 6982
3718 646 6982
6982 646 3718
9167 2203 9387
2203 9167 9387
9387 2203 9167
5975 2261 3139
3139 2261 5975
2261 3139 5975
6354 3026 13994
3026 6354 13994
13994 3026 6354
9420 9617 10514
9617 9420 10514
10514 9420 9617
5781 2744 3504
3504 2744 5781
2744 3504 5781
2010 433 6008
433 2010 6008
6008 433 2010
6142 4185 9884
9884 4185 6142
4185 6142 9884
8201 408 2662
2662 408 8201
408 2662 8201
12968 2516 14961
14961 2516 12968
2516 12968 14961
4016 5904 10078
10078 4016 5904
5904 4016 10078
3087 5372 14612
14612 3087 5372
5372 3087 14612
14150 4258 11353
11353 4258 14150
4258 11353 14150
5289 4053 14216
4053 5289 14216
14216 4053 5289
2510 8765 8843
8843 2510 8765
8765 2510 8843
10174 3677 6467
3677 6467 10174
6467 3677 10174
14681 234 3125
234 3125 14681
3125 234 14681
5730 10427 13631
10427 5730 13631
13631 5730 10427
14928 1197 10708
1197 10708 14928
10708 1197 14928
3457 4549 12070
12070 3457 4549
4549 3457 12070
5684 6071 13139
6071 5684 13139
13139 5684 6071
14010 4592 6068
4592 6068 14010
6068 4592 14010
6429 8630 9382
9382 6429 8630
8630 6429 9382
3899 4215 9952
9952 3899 4215
4215 3899 9952
10694 5452 6545
5452 6545 10694
6545 5452 10694
6167 6353 7691
6353 6167 7691
7691 6167 6353
2703 10592 11819
11819 2703 10592
10592 2703 11819
12956 6504 8222
8222 6504 12956
6504 8222 12956
5565 5986 6735
5986 5565 6735
6735 5565 5986
13 3624 7737
7737 13 3624
3624 13 7737
2709 7236 12192
12192 2709 7236
7236 2709 12192
10375 3179 13609
13609 3179 10375
3179 10375 13609
3779 13127 13429
13127 3779 13429
13429 3779 13127
2126 1527 14701
14701 1527 2126
1527 2126 14701
13180 585 7064
585 7064 13180
7064 585 13180
3057 10275 14022
10275 3057 14022
14022 3057 10275
7475 9344 14594
14594 7475 9344
9344 7475 14594
3615 7415 10837
7415 3615 10837
10837 3615 7415
11482 7606 11635
11635 7606 11482
7606 11482 11635
13782 2900 9159
9159 2900 13782
2900 9159 13782
4042 7749 14527
14527 4042 7749
7749 4042 14527
10266 3346 13803
3346 10266 13803
13803 3346 10266
14042 6633 7208
6633 7208 14042
7208 6633 14042
11090 878 11073
11073 878 11090
878 11073 11090
3939 998 5572
5572 998 3939
998 3939 5572
11899 10415 14848
10415 11899 14848
14848 10415 11899
12425 742 7229
7229 742 12425
742 7229 12425
177 3683 10479
10479 177 3683
3683 177 10479
12645 6476 6754
6754 6476 12645
6476 6754 12645
6794 815 5446
815 5446 6794
5446 815 6794
10506 968 5099
968 5099 10506
5099 968 10506
4359 6344 12408
12408 4359 6344
6344 4359 12408
12900 1492 5575
5575 1492 12900
1492 5575 12900
10224 4987 12310
12310 4987 10224
4987 10224 12310
2424 4275 12934
12934 2424 4275
4275 2424 12934
11676 4665 13523
13523 4665 11676
4665 11676 13523
5398 1734 4069
4069 1734 5398
1734 4069 5398
7627 94 11289
94 7627 11289
11289 94 7627
2116 395 11410
11410 395 2116
395 2116 11410
2961 1331 3429
3429 1331 2961
1331 2961 3429
9286 4958 14222
4958 9286 14222
14222 4958 9286
2633 12277 13097
12277 2633 13097
13097 2633 12277
12602 1861 13644
1861 12602 13644
13644 1861 12602
6800 6457 8194
6457 6800 8194
8194 6457 6800
11454 2137 13089
13089 2137 11454
2137 11454 13089
224 6817 9606
9606 224 6817
6817 224 9606
4102 3924 11342
11342 3924 4102
3924 4102 11342
11248 6380 8077
6380 8077 11248
8077 6380 11248
14613 5537 12655
5537 12655 14613
12655 5537 14613
1198 3186 10109
10109 1198 3186
3186 1198 10109
10673 1422 7917
7917 1422 10673
1422 7917 10673
6373 1099 7859
7859 1099 6373
1099 6373 7859
7435 3755 9481
9481 3755 7435
3755 7435 9481
12054 6086 8051
8051 6086 12054
6086 8051 12054
3402 2575 6168
2575 3402 6168
6168 2575 3402
7399 5112 6708
5112 6708 7399
6708 5112 7399
12961 5121 11537
5121 11537 12961
11537 5121 12961
5725 4541 11842
4541 5725 11842
11842 4541 5725
11315 8991 12685
8991 11315 12685
12685 8991 11315
13852 7559 10959
7559 10959 13852
10959 7559 13852
12243 2383 8530
2383 8530 12243
8530 2383 12243
635 886 5557
5557 635 886
886 635 5557
3453 2008 14105
2008 3453 14105
14105 2008 3453
12321 11240 14740
11240 12321 14740
14740 11240 12321
4237 6263 13297
6263 4237 13297
13297 4237 6263
11121 2100 4811
4811 2100 11121
2100 4811 11121
1354 2646 10182
10182 1354 2646
2646 1354 10182
13016 5016 12550
5016 12550 13016
12550 5016 13016
492 791 6199
791 492 6199
6199 492 791
14809 2775 12776
2775 12776 14809
12776 2775 14809
8232 1802 8058
1802 8058 8232
8058 1802 8232
3656 1589 14059
14059 1589 3656
1589 3656 14059
10649 56 400
400 56 10649
56 400 10649
13595 3459 4510
4510 3459 13595
3459 4510 13595
13591 7687 9819
7687 9819 13591
9819 7687 13591
7224 9418 14929
14929 7224 9418
9418 7224 14929
10833 1968 4312
1968 4312 10833
4312 1968 10833
2391 5138 13079
5138 2391 13079
13079 2391 5138
3157 9372 11363
9372 3157 11363
11363 3157 9372
8493 3834 4028
4028 3834 8493
3834 4028 8493
3724 524 11541
524 3724 11541
11541 524 3724
1515 1112 7688
7688 1112 1515
1112 1515 7688
4133 2847 8660
8660 2847 4133
2847 4133 8660
12456 2229 10825
10825 2229 12456
2229 10825 12456
10304 697 1696
697 1696 10304
1696 697 10304
9377 4573 13674
13674 4573 9377
4573 9377 13674
9522 153 5534
5534 153 9522
153 5534 9522
11860 651 14834
651 11860 14834
14834 651 11860
14135 8359 12618
8359 12618 14135
12618 8359 14135
11056 706 14560
706 11056 14560
14560 706 11056
2267 1184 7477
1184 2267 7477
7477 1184 2267
14206 6300 8112
6300 8112 14206
8112 6300 14206
10005 97 9004
9004 97 10005
97 9004 10005
10601 12364 13750
13750 10601 12364
12364 10601 13750
8378 6768 12716
6768 8378 12716
12716 6768 8378
1814 8091 11320
11320 1814 8091
8091 1814 11320
5202 2473 14138
14138 2473 5202
2473 5202 14138
14007 11766 12581
11766 12581 14007
12581 11766 14007
6489 103 11230
11230 103 6489
103 6489 11230
5207 5018 9546
9546 5018 5207
5018 5207 9546
4342 4140 8464
8464 4140 4342
4140 4342 8464
53 10754 14197
14197 53 10754
10754 53 14197
4934 1189 8075
1189 4934 8075
8075 1189 4934
13218 1213 5356
1213 5356 13218
5356 1213 13218
2580 10853 14004
10853 2580 14004
14004 2580 10853
9703 2554 9693
9693 2554 9703
2554 9693 9703
13363 11900 13929
11900 13363 13929
13929 11900 13363
13650 5875 10499
10499 5875 13650
5875 10499 13650
13499 9010 12583
9010 12583 13499
12583 9010 13499
6119 3212 6691
6691 3212 6119
3212 6119 6691
10181 514 7983
514 7983 10181
7983 514 10181
6569 10686 13418
10686 6569 13418
13418 6569 10686
4685 3265 6508
6508 3265 4685
3265 4685 6508
4870 1332 4192
4192 1332 4870
1332 4192 4870
2871 10557 11408
10557 2871 11408
11408 2871 10557
2705 1747 7128
1747 2705 7128
7128 1747 2705
6120 9874 11164
11164 6120 9874
9874 6120 11164
3278 9686 10271
9686 3278 10271
10271 3278 9686
2687 230 785
785 230 2687
230 785 2687
13337 4917 5867
4917 5867 13337
5867 4917 13337
9989 9419 11181
11181 9419 9989
9419 9989 11181
12865 8565 11757
8565 11757 12865
11757 8565 12865
11803 2062 13638
2062 11803 13638
13638 2062 11803
13467 1007 13393
13393 1007 13467
1007 13393 13467
5474 11878 13116
11878 5474 13116
13116 5474 11878
8140 1764 9798
9798 1764 8140
1764 8140 9798
10631 5859 8056
8056 5859 10631
5859 8056 10631
3340 502 8725
8725 502 3340
502 3340 8725
9994 4104 6960
4104 6960 9994
6960 4104 9994
5841 99 5213
5213 99 5841
99 5213 5841
13787 2350 4767
2350 4767 13787
4767 2350 13787
4509 13773 13911
13773 4509 13911
13911 4509 13773
7699 8211 13081
13081 7699 8211
8211 7699 13081
5645 327 14103
14103 327 5645
327 5645 14103
11384 7915 14759
14759 7915 11384
7915 11384 14759
8158 662 10050
10050 662 8158
662 8158 10050
1902 1926 13324
13324 1902 1926
1926 1902 13324
10727 2130 14682
2130 10727 14682
14682 2130 10727
4790 1586 14698
1586 4790 14698
14698 1586 4790
14819 8673 9024
9024 8673 14819
8673 9024 14819
11309 3974 12944
3974 11309 12944
12944 3974 11309
14715 569 11702
11702 569 14715
569 11702 14715
2973 9848 12676
9848 2973 12676
12676 2973 9848
4469 2429 5435
5435 2429 4469
2429 4469 5435
9049 1001 6805
1001 6805 9049
6805 1001 9049
10202 2161 9998
2161 9998 10202
9998 2161 10202
14947 5688 9026
5688 9026 14947
9026 5688 14947
4331 5123 12714
12714 4331 5123
5123 4331 12714
5185 8787 13645
13645 5185 8787
8787 5185 13645
11926 2087 9633
9633 2087 11926
2087 9633 11926
7867 3704 5741
5741 3704 7867
3704 5741 7867
13192 4198 10953
10953 4198 13192
4198 10953 13192
631 4930 6238
6238 631 4930
4930 631 6238
10570 5239 9084
5239 9084 10570
9084 5239 10570
11337 1292 7001
7001 1292 11337
1292 7001 11337
10073 6739 8390
6739 8390 10073
8390 6739 10073
9957 7679 14332
7679 9957 14332
14332 7679 9957
1427 7914 10431
10431 1427 7914
7914 1427 10431
10755 541 10773
541 10755 10773
10773 541 10755
6618 5269 14550
5269 6618 14550
14550 5269 6618
11066 9674 13017
9674 11066 13017
13017 9674 11066
8776 8927 11453
8927 8776 11453
11453 8776 8927
4194 1335 2791
2791 1335 4194
1335 2791 4194
4827 7773 10660
7773 4827 10660
10660 4827 7773
14986 1148 3007
3007 1148 14986
1148 3007 14986
530 622 7523
622 530 7523
7523 530 622
4234 656 5509
656 4234 5509
5509 656 4234
9947 12864 13889
12864 9947 13889
13889 9947 12864
9702 9754 13515
9754 9702 13515
13515 9702 9754
12658 9214 11936
11936 9214 12658
9214 11936 12658
14327 9520 14005
9520 14005 14327
14005 9520 14327
10500 8095 12772
8095 10500 12772
12772 8095 10500
6973 5508 8460
5508 6973 8460
8460 5508 6973
11993 11126 12544
11126 11993 12544
12544 11126 11993
14142 1342 14211
1342 14142 14211
14211 1342 14142
9561 10128 14437
10128 9561 14437
14437 9561 10128
10270 6511 11650
11650 6511 10270
6511 10270 11650
7698 11668 11979
11668 7698 11979
11979 7698 11668
11554 4424 9515
4424 9515 11554
9515 4424 11554
6556 7666 9545
7666 6556 9545
9545 6556 7666
8307 2143 2478
2143 2478 8307
2478 2143 8307
8722 2663 8060
2663 8060 8722
8060 2663 8722
13680 7882 11224
11224 7882 13680
7882 11224 13680
6171 7373 12268
12268 6171 7373
7373 6171 12268
7989 27 12862
12862 27 7989
27 7989 12862
2220 3693 12219
12219 2220 3693
3693 2220 12219
12942 2127 10943
2127 10943 12942
10943 2127 12942
9583 3585 5280
5280 3585 9583
3585 5280 9583
2033 9014 10534
9014 2033 10534
10534 2033 9014
4322 324 7684
7684 324 4322
324 4322 7684
6081 10000 14317
10000 6081 14317
14317 6081 10000
11031 9449 10296
10296 9449 11031
9449 10296 11031
9292 4278 13914
4278 9292 13914
13914 4278 9292
14440 4186 4348
4186 4348 14440
4348 4186 14440
8978 2204 10161
2204 8978 10161
10161 2204 8978
323 3357 14459
14459 323 3357
3357 323 14459
9005 6347 12330
6347 9005 12330
12330 6347 9005
13626 5323 10183
5323 10183 13626
10183 5323 13626
9500 14065 14239
14065 9500 14239
14239 9500 14065
3214 333 4494
333 3214 4494
4494 333 3214
11933 5220 11011
11011 5220 11933
5220 11011 11933
11531 4924 12854
12854 4924 11531
4924 11531 12854
12190 4345 4568
4568 4345 12190
4345 4568 12190
14908 717 14270
717 14270 14908
14270 717 14908
13700 1729 9943
1729 9943 13700
9943 1729 13700
3021 6100 8342
6100 3021 8342
8342 3021 6100
10804 4789 4793
4789 4793 10804
4793 4789 10804
4957 6766 7979
7979 4957 6766
6766 4957 7979
4332 6742 7201
7201 4332 6742
6742 4332 7201
11226 11202 12131
12131 11202 11226
11202 11226 12131
11659 5430 10999
5430 10999 11659
10999 5430 11659
1600 6829 14173
14173 1600 6829
6829 1600 14173
6531 9090 9705
9705 6531 9090
9090 6531 9705
11002 1790 10568
1790 10568 11002
10568 1790 11002
3352 3287 13692
13692 3287 3352
3287 3352 13692
5006 5830 9845
9845 5006 5830
5830 5006 9845
526 3192 11647
3192 526 11647
11647 526 3192
5659 5408 10820
10820 5408 5659
5408 5659 10820
11508 743 12140
743 11508 12140
12140 743 11508
3261 7025 10248
7025 3261 10248
10248 3261 7025
7668 233 3956
3956 233 7668
233 3956 7668
9796 784 9831
784 9796 9831
9831 784 9796
12868 12250 14893
14893 12250 12868
12250 12868 14893
8769 2857 10823
2857 8769 10823
10823 2857 8769
14633 844 2301
2301 844 14633
844 2301 14633
6346 4973 9537
9537 4973 6346
4973 6346 9537
11108 1534 3915
3915 1534 11108
1534 3915 11108
9430 5335 8542
8542 5335 9430
5335 8542 9430
8763 11242 12221
12221 8763 11242
11242 8763 12221
2066 12229 14137
14137 2066 12229
12229 2066 14137
5805 11848 14742
14742 5805 11848
11848 5805 14742
1369 7942 10401
7942 1369 10401
10401 1369 7942
13146 5432 7902
5432 7902 13146
7902 5432 13146
10650 1440 3977
3977 1440 10650
1440 3977 10650
11871 5145 10640
5145 10640 11871
10640 5145 11871
2492 3756 4074
4074 2492 3756
3756 2492 4074
12158 689 13826
689 12158 13826
13826 689 12158
8153 7184 10973
10973 7184 8153
7184 8153 10973
11990 5797 9226
5797 9226 11990
9226 5797 11990
1815 2418 13356
13356 1815 2418
2418 1815 13356
1273 3181 12332
3181 1273 12332
12332 1273 3181
14981 8885 11619
8885 11619 14981
11619 8885 14981
1043 1760 7371
7371 1043 1760
1760 1043 7371
5907 510 10176
10176 510 5907
510 5907 10176
11300 4213 11982
4213 11300 11982
11982 4213 11300
6832 3141 6526
3141 6526 6832
6526 3141 6832
11997 179 11313
11313 179 11997
179 11313 11997
340 6260 7237
6260 340 7237
7237 340 6260
13030 4067 13535
13535 4067 13030
4067 13030 13535
9051 2290 14729
2290 9051 14729
14729 2290 9051
2720 1171 13948
13948 1171 2720
1171 2720 13948
10297 2967 14784
2967 10297 14784
14784 2967 10297
13296 11715 11928
11928 11715 13296
11715 11928 13296
2631 2098 2372
2098 2372 2631
2372 2098 2631
6441 5045 7796
5045 6441 7796
7796 5045 6441
6571 4079 6451
6451 4079 6571
4079 6451 6571
11621 7331 7571
7331 7571 11621
7571 7331 11621
14714 14293 14301
14293 14301 14714
14301 14293 14714
12333 7543 10149
7543 10149 12333
10149 7543 12333
11007 1835 3075
1835 3075 11007
3075 1835 11007
8069 1985 9476
1985 8069 9476
9476 1985 8069
12010 12161 14431
12161 12010 14431
14431 12010 12161
5053 9835 11977
9835 5053 11977
11977 5053 9835
3334 14772 14927
14772 3334 14927
14927 3334 14772
4822 5293 13050
13050 4822 5293
5293 4822 13050
9108 10881 13932
10881 9108 13932
13932 9108 10881
13743 2999 4749
4749 2999 13743
2999 4749 13743
8783 692 3850
692 3850 8783
3850 692 8783
5876 4600 9922
4600 5876 9922
9922 4600 5876
12391 9727 12171
9727 12171 12391
12171 9727 12391
14399 2154 6485
6485 2154 14399
2154 6485 14399
5154 5 1153
5 1153 5154
1153 5 5154
2256 11196 14402
14402 2256 11196
11196 2256 14402
13850 2657 14426
2657 13850 14426
14426 2657 13850
11049 3941 8691
8691 3941 11049
3941 8691 11049
8974 8641 12299
12299 8641 8974
8641 8974 12299
1151 3243 5081
5081 1151 3243
3243 1151 5081
5970 2918 4477
2918 4477 5970
4477 2918 5970
14973 2912 9171
9171 2912 14973
2912 9171 14973
1178 3101 14699
14699 1178 3101
3101 1178 14699
5638 2877 11845
11845 2877 5638
2877 5638 11845
6563 11404 12733
11404 6563 12733
12733 6563 11404
1014 552 8681
8681 552 1014
552 1014 8681
13656 3065 12474
12474 3065 13656
3065 12474 13656
1955 6433 7422
7422 1955 6433
6433 1955 7422
7936 5483 7592
5483 7592 7936
7592 5483 7936
6945 9081 9731
9731 6945 9081
9081 6945 9731
6251 9061 11924
9061 6251 11924
11924 6251 9061
1129 7769 9536
9536 1129 7769
7769 1129 9536
6002 4788 9691
9691 4788 6002
4788 6002 9691
4485 2147 11043
11043 2147 4485
2147 4485 11043
4346 1568 6252
6252 1568 4346
1568 4346 6252
1267 9299 9538
9538 1267 9299
9299 1267 9538
12086 6254 13023
13023 6254 12086
6254 12086 13023
12504 446 12927
12927 446 12504
446 12504 12927
1365 3802 11983
3802 1365 11983
11983 1365 3802
14861 5900 13174
13174 5900 14861
5900 13174 14861
14406 9405 9778
9405 9778 14406
9778 9405 14406
14792 4398 13758
4398 13758 14792
13758 4398 14792
5512 2101 8316
2101 5512 8316
8316 2101 5512
13135 378 13934
378 13135 13934
13934 378 13135
6744 4181 10582
10582 4181 6744
4181 6744 10582
3417 2403 11322
11322 2403 3417
2403 3417 11322
5236 8050 8089
8089 5236 8050
8050 5236 8089
8459 10135 12845
12845 8459 10135
10135 8459 12845
13142 8603 11596
11596 8603 13142
8603 11596 13142
12771 3102 12681
3102 12681 12771
12681 3102 12771
13886 2781 4328
2781 4328 13886
4328 2781 13886
14274 3396 5816
3396 5816 14274
5816 3396 14274
1131 10420 13020
10420 1131 13020
13020 1131 10420
2727 3606 13059
13059 2727 3606
3606 2727 13059
12522 3863 9057
3863 9057 12522
9057 3863 12522
12719 4386 11321
4386 11321 12719
11321 4386 12719
5967 7573 12582
12582 5967 7573
7573 5967 12582
4699 1780 5852
1780 4699 5852
5852 1780 4699
9343 9834 14904
14904 9343 9834
9834 9343 14904
6277 4891 13566
13566 4891 6277
4891 6277 13566
12404 5749 8224
5749 8224 12404
8224 5749 12404
4371 4035 12763
12763 4035 4371
4035 4371 12763
8652 4148 8426
4148 8426 8652
8426 4148 8652
13200 196 4551
196 4551 13200
4551 196 13200
10991 583 13312
583 10991 13312
13312 583 10991
13330 10028 12614
10028 12614 13330
12614 10028 13330
13255 476 10726
476 10726 13255
10726 476 13255
3481 1997 4409
1997 3481 4409
4409 1997 3481
12285 4282 8598
8598 4282 12285
4282 8598 12285
13769 6257 10489
6257 10489 13769
10489 6257 13769
9254 2893 10055
10055 2893 9254
2893 9254 10055
1433 1215 10975
10975 1215 1433
1215 1433 10975
9185 4419 5997
5997 4419 9185
4419 5997 9185
12164 916 1012
1012 916 12164
916 1012 12164
3048 6845 9050
9050 3048 6845
6845 3048 9050
3162 5758 7853
5758 3162 7853
7853 3162 5758
1419 5492 14532
14532 1419 5492
5492 1419 14532
4077 1641 4219
1641 4077 4219
4219 1641 4077
8764 7015 10858
7015 8764 10858
10858 7015 8764
10426 1491 11707
1491 10426 11707
11707 1491 10426
14918 2979 12318
2979 12318 14918
12318 2979 14918
12946 7027 12578
7027 12578 12946
12578 7027 12946
8666 10448 11801
10448 8666 11801
11801 8666 10448
4273 9128 14718
9128 4273 14718
14718 4273 9128
11306 5860 9634
9634 5860 11306
5860 9634 11306
2378 6014 7658
6014 2378 7658
7658 2378 6014
4047 7461 14403
7461 4047 14403
14403 4047 7461
8823 1911 9332
9332 1911 8823
1911 8823 9332
12104 11585 14615
14615 11585 12104
11585 12104 14615
977 4888 10301
4888 977 10301
10301 977 4888
4545 4124 12272
4124 4545 12272
12272 4124 4545
6179 491 7655
7655 491 6179
491 6179 7655
8617 6136 6283
6283 6136 8617
6136 6283 8617
2304 124 7243
124 2304 7243
7243 124 2304
4503 13482 14408
13482 4503 14408
14408 4503 13482
7685 4462 12604
12604 4462 7685
4462 7685 12604
4471 4567 11852
4567 4471 11852
11852 4471 4567
1681 11767 13677
13677 1681 11767
11767 1681 13677
9576 6323 14053
6323 9576 14053
14053 6323 9576
14680 670 2978
2978 670 14680
670 2978 14680
13955 3961 11471
3961 11471 13955
11471 3961 13955
5952 2445 8973
8973 2445 5952
2445 5952 8973
2914 3421 7382
7382 2914 3421
3421 2914 7382
4263 6455 12074
12074 4263 6455
6455 4263 12074
13562 5614 8496
5614 8496 13562
8496 5614 13562
14836 5283 10525
10525 5283 14836
5283 10525 14836
8858 1723 3799
1723 3799 8858
3799 1723 8858
14201 149 1866
149 1866 14201
1866 149 14201
14882 821 5926
821 5926 14882
5926 821 14882
10153 3641 10220
3641 10153 10220
10220 3641 10153
14133 1120 5983
1120 5983 14133
5983 1120 14133
687 2664 8191
8191 687 2664
2664 687 8191
23 4575 12122
12122 23 4575
4575 23 12122
8009 12853 13790
12853 8009 13790
13790 8009 12853
13991 9143 12125
12125 9143 13991
9143 12125 13991
8929 8982 10763
10763 8929 8982
8982 8929 10763
7911 3412 9125
3412 7911 9125
9125 3412 7911
6019 3224 5392
5392 3224 6019
3224 5392 6019
2767 8076 10100
8076 2767 10100
10100 2767 8076
13780 3903 3925
3903 3925 13780
3925 3903 13780
8005 10003 10157
10157 8005 10003
10003 8005 10157
5996 72 12062
72 5996 12062
12062 72 5996
9295 1604 7159
1604 7159 9295
7159 1604 9295
217 1584 1870
1870 217 1584
1584 217 1870
4638 166 3555
166 3555 4638
3555 166 4638
2037 5230 9352
9352 2037 5230
5230 2037 9352
4859 4137 9680
9680 4137 4859
4137 4859 9680
7145 38 4542
38 4542 7145
4542 38 7145
2440 533 6999
6999 533 2440
533 2440 6999
13440 283 370
370 283 13440
283 370 13440
12295 3134 14255
3134 12295 14255
14255 3134 12295
8275 2612 11805
2612 8275 11805
11805 2612 8275
9730 1779 14465
14465 1779 9730
1779 9730 14465
6248 9414 12724
9414 6248 12724
12724 6248 9414
13311 691 10452
691 10452 13311
10452 691 13311
2135 7555 12002
12002 2135 7555
7555 2135 12002
1281 6 2189
2189 6 1281
6 1281 2189
3567 140 1632
1632 140 3567
140 1632 3567
3381 1180 3194
1180 3194 3381
3194 1180 3381
3175 2205 10450
10450 2205 3175
2205 3175 10450
4039 3120 9235
3120 4039 9235
9235 3120 4039
12405 1832 14226
14226 1832 12405
1832 12405 14226
11276 2334 8399
2334 8399 11276
8399 2334 11276
4644 11959 14236
14236 4644 11959
11959 4644 14236
9383 1748 9312
9312 1748 9383
1748 9312 9383
10564 10411 11458
10411 10564 11458
11458 10411 10564
6001 2798 6747
6747 2798 6001
2798 6001 6747
5144 274 5715
5715 274 5144
274 5144 5715
8860 93 9773
9773 93 8860
93 8860 9773
14800 7510 9719
7510 9719 14800
9719 7510 14800
10938 380 4344
380 4344 10938
4344 380 10938
1886 5427 6494
6494 1886 5427
5427 1886 6494
1834 11197 12136
11197 1834 12136
12136 1834 11197
12627 9932 12019
9932 12019 12627
12019 9932 12627
1375 8412 11456
11456 1375 8412
8412 1375 11456
4423 9620 13690
9620 4423 13690
13690 4423 9620
12212 7301 11601
7301 11601 12212
11601 7301 12212
7130 6149 14375
14375 6149 7130
6149 7130 14375
2146 7891 10017
7891 2146 10017
10017 2146 7891
8099 2614 7452
2614 7452 8099
7452 2614 8099
8623 2816 10455
2816 8623 10455
10455 2816 8623
4014 8357 8465
8465 4014 8357
8357 4014 8465
1550 6365 8942
8942 1550 6365
6365 1550 8942
12361 4883 8028
4883 8028 12361
8028 4883 12361
1481 1122 10682
1122 1481 10682
10682 1122 1481
12496 2178 12191
2178 12191 12496
12191 2178 12496
1888 4923 5934
4923 1888 5934
5934 1888 4923
6121 2094 10771
10771 2094 6121
2094 6121 10771
13186 4450 14365
4450 13186 14365
14365 4450 13186
2184 13095 13278
13278 2184 13095
13095 2184 13278
9431 2075 6539
6539 2075 9431
2075 6539 9431
7178 4224 12302
4224 7178 12302
12302 4224 7178
9002 12324 13903
12324 9002 13903
13903 9002 12324
7101 753 10209
753 7101 10209
10209 753 7101
4823 874 12964
874 4823 12964
12964 874 4823
7142 7524 11891
11891 7142 7524
7524 7142 11891
2860 7793 13795
13795 2860 7793
7793 2860 13795
2160 8485 12101
12101 2160 8485
8485 2160 12101
7669 8678 10643
8678 7669 10643
10643 7669 8678
4155 3405 12575
3405 4155 12575
12575 3405 4155
1315 7294 9101
7294 1315 9101
9101 1315 7294
5731 7291 14455
7291 5731 14455
14455 5731 7291
8387 7202 8088
7202 8088 8387
8088 7202 8387
6282 8443 8555
8443 6282 8555
8555 6282 8443
11063 5004 11552
5004 11063 11552
11552 5004 11063
1428 459 14590
14590 459 1428
459 1428 14590
14165 4742 7297
4742 7297 14165
7297 4742 14165
12174 30 906
30 906 12174
906 30 12174
14818 5494 7102
7102 5494 14818
5494 7102 14818
10244 5231 5980
5980 5231 10244
5231 5980 10244
5598 4748 11826
11826 4748 5598
4748 5598 11826
7044 1378 12050
12050 1378 7044
1378 7044 12050
2625 3820 7533
7533 2625 3820
3820 2625 7533
6980 9032 11886
9032 6980 11886
11886 6980 9032
6584 695 9785
9785 695 6584
695 6584 9785
2582 3312 10068
10068 2582 3312
3312 2582 10068
7903 5301 7862
7862 5301 7903
5301 7862 7903
9300 5648 13805
5648 9300 13805
13805 5648 9300
9028 4730 6770
6770 4730 9028
4730 6770 9028
10416 5149 7790
5149 7790 10416
7790 5149 10416
8229 3420 9486
3420 8229 9486
9486 3420 8229
2606 8904 11135
8904 2606 11135
11135 2606 8904
2489 11021 12098
12098 2489 11021
11021 2489 12098
4599 1143 13109
13109 1143 4599
1143 4599 13109
14220 3361 10775
3361 10775 14220
10775 3361 14220
144 8632 12288
12288 144 8632
8632 144 12288
158 3813 7804
7804 158 3813
3813 158 7804
4221 454 13331
13331 454 4221
454 4221 13331
197 3072 10870
3072 197 10870
10870 197 3072
11614 3543 6044
3543 6044 11614
6044 3543 11614
13963 11140 12462
12462 11140 13963
11140 12462 13963
13117 7821 14382
14382 7821 13117
7821 13117 14382
2885 7705 9914
9914 2885 7705
7705 2885 9914
9534 1702 8288
8288 1702 9534
1702 8288 9534
3488 2634 7597
7597 2634 3488
2634 3488 7597
14678 6641 9908
9908 6641 14678
6641 9908 14678
5936 4587 6028
6028 4587 5936
4587 5936 6028
6638 6621 10722
6621 6638 10722
10722 6621 6638
2114 10463 12572
12572 2114 10463
10463 2114 12572
10808 5768 7030
5768 7030 10808
7030 5768 10808
11151 6235 12401
12401 6235 11151
6235 11151 12401
11170 7626 14816
7626 11170 14816
14816 7626 11170
14266 701 8872
701 8872 14266
8872 701 14266
12654 3819 6222
6222 3819 12654
3819 6222 12654
5001 472 6771
6771 472 5001
472 5001 6771
13711 3373 4916
4916 3373 13711
3373 4916 13711
10362 5276 14952
14952 5276 10362
5276 10362 14952
9714 4147 9070
4147 9070 9714
9070 4147 9714
14413 9880 10699
10699 9880 14413
9880 10699 14413
13556 8536 14002
14002 8536 13556
8536 13556 14002
8296 5521 6995
5521 6995 8296
6995 5521 8296
6604 6449 8792
8792 6449 6604
6449 6604 8792
6166 8012 10701
8012 6166 10701
10701 6166 8012
7054 6345 10814
10814 6345 7054
6345 7054 10814
10939 11677 13355
11677 10939 13355
13355 10939 11677
14310 7328 11908
7328 11908 14310
11908 7328 14310
2708 9452 9690
9690 2708 9452
9452 2708 9690
4484 10242 12598
12598 4484 10242
10242 4484 12598
10562 4173 4337
4173 4337 10562
4337 4173 10562
2728 2682 9898
2682 2728 9898
9898 2682 2728
7273 87 2929
87 2929 7273
2929 87 7273
3006 1282 9548
9548 1282 3006
1282 3006 9548
11696 2732 9603
2732 9603 11696
9603 2732 11696
5658 7460 14865
14865 5658 7460
7460 5658 14865
8245 7249 11371
11371 7249 8245
7249 8245 11371
11800 10096 12656
10096 11800 12656
12656 10096 11800
5865 1858 11898
11898 1858 5865
1858 5865 11898
2507 5690 11663
11663 2507 5690
5690 2507 11663
5063 5839 14177
14177 5063 5839
5839 5063 14177
14026 7444 11206
7444 11206 14026
11206 7444 14026
10625 9267 14938
9267 10625 14938
14938 9267 10625
2567 7117 12205
7117 2567 12205
12205 2567 7117
11111 6792 6815
6815 6792 11111
6792 6815 11111
11906 967 14386
14386 967 11906
967 11906 14386
4729 7395 13637
13637 4729 7395
7395 4729 13637
1291 9521 11563
9521 1291 11563
11563 1291 9521
677 3784 5328
3784 677 5328
5328 677 3784
13663 4566 13130
4566 13130 13663
13130 4566 13663
4040 7578 11679
11679 4040 7578
7578 4040 11679
14170 4531 12058
12058 4531 14170
4531 12058 14170
12930 5840 9402
5840 9402 12930
9402 5840 12930
2292 5118 12095
12095 2292 5118
5118 2292 12095
8940 6751 12790
12790 6751 8940
6751 8940 12790
9448 1395 9780
9780 1395 9448
1395 9448 9780
2921 3401 5255
3401 2921 5255
5255 2921 3401
6924 1664 7141
1664 6924 7141
7141 1664 6924
3790 2715 5056
2715 3790 5056
5056 2715 3790
12828 979 4370
979 4370 12828
4370 979 12828
12142 9456 13621
9456 12142 13621
13621 9456 12142
13387 4721 12761
4721 12761 13387
12761 4721 13387
4949 10581 13964
13964 4949 10581
10581 4949 13964
313 781 6931
6931 313 781
781 313 6931
12493 3972 7878
3972 7878 12493
7878 3972 12493
12027 1006 2169
1006 2169 12027
2169 1006 12027
13220 2849 7968
7968 2849 13220
2849 7968 13220
9140 351 9364
9364 351 9140
351 9140 9364
2913 392 7652
392 2913 7652
7652 392 2913
6576 11809 14775
14775 6576 11809
11809 6576 14775
10554 624 10333
10333 624 10554
624 10333 10554
9360 7192 9322
9322 7192 9360
7192 9322 9360
10444 5871 7511
5871 7511 10444
7511 5871 10444
8118 5133 11823
5133 8118 11823
11823 5133 8118
9054 9809 13742
9809 9054 13742
13742 9054 9809
13919 6564 14493
14493 6564 13919
6564 13919 14493
4464 2574 4154
2574 4154 4464
4154 2574 4464
13745 5675 9150
5675 9150 13745
9150 5675 13745
4280 5336 5754
5336 4280 5754
5754 4280 5336
9552 716 8341
8341 716 9552
716 8341 9552
9454 2867 7119
2867 7119 9454
7119 2867 9454
5544 1894 11067
1894 5544 11067
11067 1894 5544
190 3568 10503
10503 190 3568
3568 190 10503
3262 7758 8161
8161 3262 7758
7758 3262 8161
11875 11514 12892
11514 11875 12892
12892 11514 11875
9325 115 8031
8031 115 9325
115 8031 9325
4902 3386 4794
4794 3386 4902
3386 4794 4902
3741 66 4492
66 3741 4492
4492 66 3741
13476 3233 7706
7706 3233 13476
3233 7706 13476
13688 1126 12155
12155 1126 13688
1126 12155 13688
14509 3083 8183
8183 3083 14509
3083 8183 14509
5178 79 5415
5415 79 5178
79 5178 5415
8857 862 13115
13115 862 8857
862 8857 13115
6895 5870 6697
5870 6697 6895
6697 5870 6895
7092 6021 13635
13635 6021 7092
6021 7092 13635
1830 5413 14286
5413 1830 14286
14286 1830 5413
12452 1549 11726
11726 1549 12452
1549 11726 12452
925 3943 9477
9477 925 3943
3943 925 9477
8199 2870 7808
7808 2870 8199
2870 7808 8199
5227 393 901
901 393 5227
393 901 5227
7763 8429 14679
8429 7763 14679
14679 7763 8429
7442 5666 9048
5666 7442 9048
9048 5666 7442
399 6490 8800
6490 399 8800
8800 399 6490
1092 1038 10330
1038 1092 10330
10330 1038 1092
14600 12386 13039
12386 13039 14600
13039 12386 14600
9953 2897 13653
2897 9953 13653
13653 2897 9953
7149 4220 11314
4220 7149 11314
11314 4220 7149
307 3667 6972
6972 307 3667
3667 307 6972
10873 2264 13926
13926 2264 10873
2264 10873 13926
11004 6175 14617
14617 6175 11004
6175 11004 14617
7765 4125 6183
4125 6183 7765
6183 4125 7765
13212 2788 13572
13572 2788 13212
2788 13212 13572
8103 5109 8817
8817 5109 8103
5109 8103 8817
7210 364 5102
364 5102 7210
5102 364 7210
2907 4570 5347
4570 2907 5347
5347 2907 4570
7757 312 5660
5660 312 7757
312 5660 7757
3497 3780 10261
3780 3497 10261
10261 3497 3780
14427 3166 12674
12674 3166 14427
3166 12674 14427
7874 758 9230
9230 758 7874
758 7874 9230
9375 9304 14970
14970 9304 9375
9304 9375 14970
8523 4388 7812
7812 4388 8523
4388 7812 8523
1668 3586 5820
3586 1668 5820
5820 1668 3586
2083 6810 7613
6810 2083 7613
7613 2083 6810
3047 7074 13071
13071 3047 7074
7074 3047 13071
4083 3208 10515
10515 3208 4083
3208 4083 10515
14291 9541 11613
9541 11613 14291
11613 9541 14291
2058 2448 5064
5064 2058 2448
2448 2058 5064
8944 3464 6115
6115 3464 8944
3464 6115 8944
6447 2704 9927
9927 2704 6447
2704 6447 9927
3580 8550 11318
8550 3580 11318
11318 3580 8550
1578 3380 9973
3380 1578 9973
9973 1578 3380
7921 8591 14984
8591 7921 14984
14984 7921 8591
4156 12957 13528
12957 4156 13528
13528 4156 12957
11365 1366 12640
1366 11365 12640
12640 1366 11365
9547 6332 10364
10364 6332 9547
6332 9547 10364
5973 10250 12427
12427 5973 10250
10250 5973 12427
4675 985 14379
14379 985 4675
985 4675 14379
12340 11879 12800
12800 11879 12340
11879 12340 12800
7233 8004 8340
8004 7233 8340
8340 7233 8004
3914 724 12823
12823 724 3914
724 3914 12823
7132 5677 7069
7069 5677 7132
