10862 12055 13031
13031 10862 12055
12055 10862 13031
10016 5090 13656
5090 10016 13656
13656 5090 10016
4486 14076 14631
14631 4486 14076
14076 4486 14631
11970 2270 3178
3178 2270 11970
2270 3178 11970
13260 3744 12103
12103 3744 13260
3744 12103 13260
6866 11563 12719
11563 6866 12719
12719 6866 11563
3366 2555 11279
2555 3366 11279
11279 2555 3366
7221 2933 12154
2933 7221 12154
12154 2933 7221
1657 5591 8583
5591 1657 8583
8583 1657 5591
11112 928 2153
2153 928 11112
928 2153 11112
8223 4881 11221
11221 4881 8223
4881 8223 11221
6791 769 4701
769 4701 6791
4701 769 6791
5304 7799 9161
7799 5304 9161
9161 5304 7799
8811 953 7177
953 7177 8811
7177 953 8811
9671 7825 14904
14904 7825 9671
7825 9671 14904
9780 4962 14821
4962 9780 14821
14821 4962 9780
13945 3557 8378
8378 3557 13945
3557 8378 13945
428 886 1174
886 428 1174
1174 428 886
8287 2974 11873
11873 2974 8287
2974 8287 11873
13033 6751 9209
6751 9209 13033
9209 6751 13033
237 7003 13810
7003 237 13810
13810 237 7003
8160 1136 3836
1136 3836 8160
3836 1136 8160
3009 536 12660
12660 536 3009
536 3009 12660
11852 5654 14477
14477 5654 11852
5654 11852 14477
3695 4056 4837
4056 3695 4837
4837 3695 4056
5225 422 6386
6386 422 5225
422 5225 6386
1643 8488 9902
8488 1643 9902
9902 1643 8488
3225 1518 7593
1518 3225 7593
7593 1518 3225
11756 5522 10861
5522 10861 11756
10861 5522 11756
1878 7031 10643
10643 1878 7031
7031 1878 10643
11910 2102 3427
3427 2102 11910
2102 3427 11910
1478 3457 11819
3457 1478 11819
11819 1478 3457
9833 4196 7876
7876 4196 9833
4196 7876 9833
933 8620 12741
12741 933 8620
8620 933 12741
6861 7006 9352
7006 6861 9352
9352 6861 7006
11424 2776 8147
8147 2776 11424
2776 8147 11424
4965 7174 9638
7174 4965 9638
9638 4965 7174
14072 12084 14911
14911 12084 14072
12084 14072 14911
854 6885 14951
14951 854 6885
6885 854 14951
4637 4522 5886
5886 4522 4637
4522 4637 5886
14219 1752 4636
1752 4636 14219
4636 1752 14219
5894 8018 8692
8018 5894 8692
8692 5894 8018
3054 11061 13497
11061 3054 13497
13497 3054 11061
13472 970 2147
970 2147 13472
2147 970 13472
7285 4103 4718
4103 4718 7285
4718 4103 7285
180 5724 7937
5724 180 7937
7937 180 5724
2507 4489 6685
4489 2507 6685
6685 2507 4489
9894 1620 9501
9501 1620 9894
1620 9501 9894
2093 12101 14328
12101 2093 14328
14328 2093 12101
10747 5929 7734
7734 5929 10747
5929 7734 10747
6120 1095 14541
14541 1095 6120
1095 6120 14541
2369 133 3326
3326 133 2369
133 2369 3326
3982 101 4105
4105 101 3982
101 3982 4105
1558 8658 13952
8658 1558 13952
13952 1558 8658
5803 8176 10899
8176 5803 10899
10899 5803 8176
3743 3386 3575
3575 3386 3743
3386 3575 3743
6116 2045 3535
2045 3535 6116
3535 2045 6116
12492 2962 7401
7401 2962 12492
2962 7401 12492
11073 1799 8047
1799 8047 11073
8047 1799 11073
2948 7184 7543
7184 2948 7543
7543 2948 7184
5021 10083 13254
13254 5021 10083
10083 5021 13254
3177 2067 6771
6771 2067 3177
2067 3177 6771
8278 3148 12906
3148 8278 12906
12906 3148 8278
10711 1196 9304
9304 1196 10711
1196 9304 10711
1137 5094 9465
9465 1137 5094
5094 1137 9465
2267 1607 14665
14665 1607 2267
1607 2267 14665
10708 973 12864
973 10708 12864
12864 973 10708
6681 5736 8515
8515 5736 6681
5736 6681 8515
13384 3849 12372
3849 12372 13384
12372 3849 13384
1992 726 13277
726 1992 13277
13277 726 1992
8028 6067 7537
6067 7537 8028
7537 6067 8028
8055 1955 3833
1955 3833 8055
3833 1955 8055
6931 2064 8935
8935 2064 6931
2064 6931 8935
7626 1401 12196
12196 1401 7626
1401 7626 12196
11077 12465 14496
12465 11077 14496
14496 11077 12465
12511 7308 11585
7308 11585 12511
11585 7308 12511
3309 5774 9659
5774 3309 9659
9659 3309 5774
6049 604 14662
604 6049 14662
14662 604 6049
2410 1143 9085
9085 1143 2410
1143 2410 9085
10900 9767 13896
9767 10900 13896
13896 9767 10900
13814 8443 10950
8443 10950 13814
10950 8443 13814
664 11821 14077
11821 664 14077
14077 664 11821
1225 4474 4799
4799 1225 4474
4474 1225 4799
14226 8599 13108
8599 13108 14226
13108 8599 14226
6847 4983 6669
6669 4983 6847
4983 6669 6847
12327 7082 14703
14703 7082 12327
7082 12327 14703
11771 9084 14494
9084 11771 14494
14494 9084 11771
2211 5706 6391
5706 2211 6391
6391 2211 5706
6413 3130 6764
6764 3130 6413
3130 6413 6764
2414 3765 9193
3765 2414 9193
9193 2414 3765
6247 6999 12744
12744 6247 6999
6999 6247 12744
10880 3052 8857
8857 3052 10880
3052 8857 10880
4245 799 10504
10504 799 4245
799 4245 10504
14451 9824 10864
10864 9824 14451
9824 10864 14451
3459 5497 10378
10378 3459 5497
5497 3459 10378
4516 1039 5266
5266 1039 4516
1039 4516 5266
883 11712 14852
14852 883 11712
11712 883 14852
4661 2109 7607
7607 2109 4661
2109 4661 7607
5038 1317 2967
2967 1317 5038
1317 2967 5038
6630 6696 6907
6907 6630 6696
6696 6630 6907
10040 2434 5769
2434 5769 10040
5769 2434 10040
5557 9273 14321
14321 5557 9273
9273 5557 14321
9112 11364 14026
11364 9112 14026
14026 9112 11364
2944 2248 8145
2248 2944 8145
8145 2248 2944
2318 64 4040
4040 64 2318
64 2318 4040
5816 5328 14113
5328 5816 14113
14113 5328 5816
11755 4262 12659
12659 4262 11755
4262 11755 12659
885 1211 1700
1700 885 1211
1211 885 1700
13808 7940 14845
14845 7940 13808
7940 13808 14845
3740 2501 14827
14827 2501 3740
2501 3740 14827
11143 5367 14653
14653 5367 11143
5367 11143 14653
5882 293 10107
10107 293 5882
293 5882 10107
4410 2230 14198
14198 2230 4410
2230 4410 14198
8673 3478 3760
3478 3760 8673
3760 3478 8673
4607 2917 6544
6544 2917 4607
2917 4607 6544
12806 4668 8633
4668 8633 12806
8633 4668 12806
8322 10726 12456
10726 8322 12456
12456 8322 10726
5910 317 8283
317 5910 8283
8283 317 5910
14629 3835 10677
3835 10677 14629
10677 3835 14629
9379 1505 12044
1505 9379 12044
12044 1505 9379
10827 3554 4924
4924 3554 10827
3554 4924 10827
432 8495 9703
8495 432 9703
9703 432 8495
14469 1495 8605
8605 1495 14469
1495 8605 14469
8164 1280 13484
13484 1280 8164
1280 8164 13484
13584 8677 11998
8677 11998 13584
11998 8677 13584
4271 1794 6029
1794 4271 6029
6029 1794 4271
7320 10946 11224
10946 7320 11224
11224 7320 10946
5647 3387 5847
5847 3387 5647
3387 5647 5847
11055 8689 9232
9232 8689 11055
8689 9232 11055
6845 827 8066
827 6845 8066
8066 827 6845
5653 3239 14708
14708 3239 5653
3239 5653 14708
1064 1967 10972
1967 1064 10972
10972 1064 1967
10495 8887 9803
9803 8887 10495
8887 9803 10495
9802 4693 5159
4693 5159 9802
5159 4693 9802
1020 5893 12068
12068 1020 5893
5893 1020 12068
8799 642 12855
12855 642 8799
642 8799 12855
9086 9949 12579
9949 9086 12579
12579 9086 9949
4328 5397 9199
9199 4328 5397
5397 4328 9199
10317 3643 11767
11767 3643 10317
3643 10317 11767
11513 8747 13097
13097 8747 11513
8747 11513 13097
579 8865 8908
8908 579 8865
8865 579 8908
4290 9689 13818
9689 4290 13818
13818 4290 9689
6752 1539 11272
11272 1539 6752
1539 6752 11272
7037 7689 11086
7689 7037 11086
11086 7037 7689
1026 7870 8500
8500 1026 7870
7870 1026 8500
7169 3378 4645
3378 4645 7169
4645 3378 7169
13940 11617 12674
12674 11617 13940
11617 12674 13940
6239 6255 11009
6255 6239 11009
11009 6239 6255
13076 11244 12288
11244 12288 13076
12288 11244 13076
14472 4955 6802
6802 4955 14472
4955 6802 14472
8557 10890 12619
10890 8557 12619
12619 8557 10890
7778 3927 11288
11288 3927 7778
3927 7778 11288
9710 1555 12935
1555 9710 12935
12935 1555 9710
12732 9267 14846
9267 12732 14846
14846 9267 12732
2661 1609 13937
1609 2661 13937
13937 1609 2661
6096 7420 8330
7420 6096 8330
8330 6096 7420
8261 4326 12129
12129 4326 8261
4326 8261 12129
3185 2622 9197
9197 2622 3185
2622 3185 9197
254 1429 11023
11023 254 1429
1429 254 11023
7645 1942 14046
14046 1942 7645
1942 7645 14046
10784 6536 12000
6536 10784 12000
12000 6536 10784
6426 9711 11107
11107 6426 9711
9711 6426 11107
9810 3619 6154
3619 6154 9810
6154 3619 9810
7801 3044 11351
11351 3044 7801
3044 7801 11351
9361 4218 14678
4218 9361 14678
14678 4218 9361
12434 4092 6371
6371 4092 12434
4092 6371 12434
3433 561 9156
9156 561 3433
561 3433 9156
4697 5545 12117
5545 4697 12117
12117 4697 5545
2224 1491 13667
13667 1491 2224
1491 2224 13667
7703 350 1885
1885 350 7703
350 1885 7703
3647 3330 5748
3330 3647 5748
5748 3330 3647
1244 94 3528
94 1244 3528
3528 94 1244
626 349 5352
349 626 5352
5352 349 626
14418 12053 13996
12053 13996 14418
13996 12053 14418
4469 10894 13488
10894 4469 13488
13488 4469 10894
9196 13134 13531
13134 9196 13531
13531 9196 13134
2371 7065 9116
9116 2371 7065
7065 2371 9116
6494 1242 10705
10705 1242 6494
1242 6494 10705
4411 5203 14443
14443 4411 5203
5203 4411 14443
5058 2361 9747
9747 2361 5058
2361 5058 9747
3733 1156 12739
12739 1156 3733
1156 3733 12739
7009 733 6403
733 6403 7009
6403 733 7009
7902 846 1108
1108 846 7902
846 1108 7902
4541 4008 4366
4008 4366 4541
4366 4008 4541
4402 4484 6478
6478 4402 4484
4484 4402 6478
2452 5211 7165
5211 2452 7165
7165 2452 5211
12858 6754 11584
6754 11584 12858
11584 6754 12858
5775 1191 4428
1191 4428 5775
4428 1191 5775
7091 6127 14759
14759 6127 7091
6127 7091 14759
6800 1357 5854
1357 5854 6800
5854 1357 6800
13098 3099 9045
3099 9045 13098
9045 3099 13098
4111 2814 4751
2814 4111 4751
4751 2814 4111
24 3158 14296
3158 24 14296
14296 24 3158
1310 8422 8669
8669 1310 8422
8422 1310 8669
9164 1267 3064
3064 1267 9164
1267 3064 9164
4234 4854 14691
14691 4234 4854
4854 4234 14691
11378 1527 13100
13100 1527 11378
1527 11378 13100
2298 5360 7237
7237 2298 5360
5360 2298 7237
134 4495 12259
4495 134 12259
12259 134 4495
12408 2280 3602
2280 3602 12408
3602 2280 12408
14961 9316 13627
9316 13627 14961
13627 9316 14961
4915 4767 8440
8440 4767 4915
4767 4915 8440
2651 562 5102
562 2651 5102
5102 562 2651
11887 6303 10805
6303 10805 11887
10805 6303 11887
2749 122 13876
13876 122 2749
122 2749 13876
10106 4093 13753
13753 4093 10106
4093 10106 13753
400 4972 13073
13073 400 4972
4972 400 13073
2007 3860 4053
3860 2007 4053
4053 2007 3860
1703 5258 7380
5258 1703 7380
7380 1703 5258
13926 1934 7176
7176 1934 13926
1934 7176 13926
4457 6086 9375
6086 4457 9375
9375 4457 6086
11522 8688 11489
8688 11489 11522
11489 8688 11522
971 1329 11976
1329 971 11976
11976 971 1329
4849 1123 7962
7962 1123 4849
1123 4849 7962
7744 4602 9427
4602 7744 9427
9427 4602 7744
5693 208 12621
208 5693 12621
12621 208 5693
9121 7652 11820
7652 9121 11820
11820 7652 9121
8656 11430 13202
13202 8656 11430
11430 8656 13202
10072 4124 12050
12050 4124 10072
4124 10072 12050
8237 4544 4656
4656 4544 8237
4544 4656 8237
5824 3383 5218
5218 3383 5824
3383 5218 5824
13727 2781 9222
9222 2781 13727
2781 9222 13727
14304 2279 7208
2279 7208 14304
7208 2279 14304
6412 871 8555
871 6412 8555
8555 871 6412
1528 6304 7920
6304 1528 7920
7920 1528 6304
14532 12947 13874
12947 13874 14532
13874 12947 14532
10583 12952 14589
14589 10583 12952
12952 10583 14589
1100 1982 5156
5156 1100 1982
1982 1100 5156
4835 685 5740
685 4835 5740
5740 685 4835
944 1180 8672
1180 944 8672
8672 944 1180
5781 2101 4274
2101 4274 5781
4274 2101 5781
10189 7465 12150
12150 7465 10189
7465 10189 12150
176 13166 14473
14473 176 13166
13166 176 14473
14963 329 5471
329 5471 14963
5471 329 14963
6506 563 11930
11930 563 6506
563 6506 11930
6418 7800 14351
14351 6418 7800
7800 6418 14351
6853 1729 14625
1729 6853 14625
14625 1729 6853
3310 4446 13042
13042 3310 4446
4446 3310 13042
11004 3416 9258
9258 3416 11004
3416 9258 11004
12362 3214 13678
3214 12362 13678
13678 3214 12362
2107 405 11888
11888 405 2107
405 2107 11888
5217 7005 13648
13648 5217 7005
7005 5217 13648
11651 3445 8483
8483 3445 11651
3445 8483 11651
11900 11100 11353
11100 11353 11900
11353 11100 11900
1562 3308 11503
3308 1562 11503
11503 1562 3308
9292 4022 13927
4022 9292 13927
13927 4022 9292
11784 4951 10082
4951 10082 11784
10082 4951 11784
2629 4910 11947
4910 2629 11947
11947 2629 4910
7493 10490 10516
10516 7493 10490
10490 7493 10516
14773 3029 3934
3934 3029 14773
3029 3934 14773
6364 7486 7958
7958 6364 7486
7486 6364 7958
4155 5137 7901
7901 4155 5137
5137 4155 7901
758 10949 14227
14227 758 10949
10949 758 14227
14811 3589 9596
9596 3589 14811
3589 9596 14811
12720 13141 13990
13141 12720 13990
13990 12720 13141
13309 2152 2395
2395 2152 13309
2152 2395 13309
14957 8070 13048
8070 13048 14957
13048 8070 14957
9415 6827 7313
6827 7313 9415
7313 6827 9415
5381 4827 9700
4827 5381 9700
9700 4827 5381
7831 6402 9170
9170 6402 7831
6402 7831 9170
1411 7277 9859
9859 1411 7277
7277 1411 9859
4488 2009 6531
2009 4488 6531
6531 2009 4488
8100 2445 3763
3763 2445 8100
2445 3763 8100
11302 4339 4953
4339 4953 11302
4953 4339 11302
13279 2033 2847
2847 2033 13279
2033 2847 13279
7554 3851 10371
3851 7554 10371
10371 3851 7554
6555 7960 13041
13041 6555 7960
7960 6555 13041
7994 9467 13004
13004 7994 9467
9467 7994 13004
13793 13244 14057
14057 13244 13793
13244 13793 14057
5918 270 4723
270 4723 5918
4723 270 5918
12048 3742 6415
3742 6415 12048
6415 3742 12048
12570 6964 8316
6964 8316 12570
8316 6964 12570
7265 3923 10506
3923 7265 10506
10506 3923 7265
8946 722 1040
1040 722 8946
722 1040 8946
13773 4609 8450
4609 8450 13773
8450 4609 13773
14468 2394 3917
2394 3917 14468
3917 2394 14468
7945 566 11922
11922 566 7945
566 7945 11922
3638 11380 12500
11380 3638 12500
12500 3638 11380
12269 12643 14668
14668 12269 12643
12643 12269 14668
13040 3581 9819
9819 3581 13040
3581 9819 13040
13468 13516 14848
13516 13468 14848
14848 13468 13516
4270 976 14172
14172 976 4270
976 4270 14172
8306 3487 5011
3487 5011 8306
5011 3487 8306
5976 5087 6928
5087 5976 6928
6928 5087 5976
4557 3397 6812
3397 4557 6812
6812 3397 4557
4223 8849 13060
8849 4223 13060
13060 4223 8849
6031 10208 14029
14029 6031 10208
10208 6031 14029
301 89 560
89 301 560
560 89 301
7440 7517 11420
11420 7440 7517
7517 7440 11420
1425 2296 10521
10521 1425 2296
2296 1425 10521
7690 10962 14365
14365 7690 10962
10962 7690 14365
5247 7166 8884
8884 5247 7166
7166 5247 8884
2618 12712 14542
12712 2618 14542
14542 2618 12712
10974 1075 11481
1075 10974 11481
11481 1075 10974
7014 5659 7370
5659 7014 7370
7370 5659 7014
8563 1318 7827
7827 1318 8563
1318 7827 8563
4715 603 12089
603 4715 12089
12089 603 4715
6374 4214 6962
4214 6374 6962
6962 4214 6374
1914 2467 5690
5690 1914 2467
2467 1914 5690
3736 5375 9066
5375 3736 9066
9066 3736 5375
11531 8244 8368
8368 8244 11531
8244 8368 11531
6399 7051 11894
7051 6399 11894
11894 6399 7051
12572 5657 6074
6074 5657 12572
5657 6074 12572
2193 2723 7144
7144 2193 2723
2723 2193 7144
11471 4285 14752
4285 11471 14752
14752 4285 11471
11872 7510 10913
7510 10913 11872
10913 7510 11872
14474 10812 12916
10812 12916 14474
12916 10812 14474
12734 2219 13364
13364 2219 12734
2219 12734 13364
9317 4591 13420
13420 4591 9317
4591 9317 13420
8565 6874 14999
6874 8565 14999
14999 6874 8565
13900 297 12751
12751 297 13900
297 12751 13900
10301 5919 10876
10876 5919 10301
5919 10301 10876
980 1466 12002
12002 980 1466
1466 980 12002
14307 12067 12392
12067 12392 14307
12392 12067 14307
7197 474 8778
474 7197 8778
8778 474 7197
9055 4129 13925
13925 4129 9055
4129 9055 13925
7980 8108 11899
8108 7980 11899
11899 7980 8108
4938 2597 6736
6736 2597 4938
2597 4938 6736
2081 1538 5997
5997 1538 2081
1538 2081 5997
2204 10230 11226
11226 2204 10230
10230 2204 11226
5063 9725 12982
12982 5063 9725
9725 5063 12982
14654 2076 5186
5186 2076 14654
2076 5186 14654
12922 7766 12755
7766 12755 12922
12755 7766 12922
14294 1092 10596
1092 10596 14294
10596 1092 14294
3486 11746 13428
13428 3486 11746
11746 3486 13428
9714 9992 12941
12941 9714 9992
9992 9714 12941
16 2174 10775
10775 16 2174
2174 16 10775
7209 3311 9719
9719 3311 7209
3311 7209 9719
12437 7591 10698
7591 10698 12437
10698 7591 12437
13748 4413 11497
4413 11497 13748
11497 4413 13748
2400 10907 13444
10907 2400 13444
13444 2400 10907
3913 1337 14453
1337 3913 14453
14453 1337 3913
14265 5955 11685
11685 5955 14265
5955 11685 14265
13688 9686 11632
11632 9686 13688
9686 11632 13688
11160 13756 14167
14167 11160 13756
13756 11160 14167
11465 8498 11833
11833 8498 11465
8498 11465 11833
7223 1432 2040
2040 1432 7223
1432 2040 7223
3862 9918 13154
9918 3862 13154
13154 3862 9918
5468 6697 12470
12470 5468 6697
6697 5468 12470
12534 2285 11296
11296 2285 12534
2285 11296 12534
1481 508 7457
508 1481 7457
7457 508 1481
7025 3942 4131
4131 3942 7025
3942 4131 7025
2469 3529 7245
7245 2469 3529
3529 2469 7245
1134 5248 10452
10452 1134 5248
5248 1134 10452
408 2344 3622
3622 408 2344
2344 408 3622
2020 5236 7309
7309 2020 5236
5236 2020 7309
324 6205 12797
6205 324 12797
12797 324 6205
978 2961 8936
8936 978 2961
2961 978 8936
4463 9958 10302
9958 4463 10302
10302 4463 9958
14622 1851 11778
11778 1851 14622
1851 11778 14622
9013 5160 8616
8616 5160 9013
5160 8616 9013
4396 966 13469
13469 966 4396
966 4396 13469
1112 10251 13780
10251 1112 13780
13780 1112 10251
13153 10249 13913
10249 13153 13913
13913 10249 13153
5975 1382 6450
6450 1382 5975
1382 5975 6450
4191 4655 12436
12436 4191 4655
4655 4191 12436
8840 5020 11916
5020 8840 11916
11916 5020 8840
9834 7684 12243
12243 7684 9834
7684 9834 12243
8162 8602 12850
8602 8162 12850
12850 8162 8602
10549 9507 11319
9507 10549 11319
11319 9507 10549
661 4605 14536
14536 661 4605
4605 661 14536
6844 5337 11392
11392 5337 6844
5337 6844 11392
3144 5771 8968
5771 3144 8968
8968 3144 5771
10002 2128 8725
8725 2128 10002
2128 8725 10002
7039 4570 12972
12972 4570 7039
4570 7039 12972
796 5554 8612
8612 796 5554
5554 796 8612
13000 4559 10488
10488 4559 13000
4559 10488 13000
201 5604 7781
7781 201 5604
5604 201 7781
10293 889 10131
889 10131 10293
10131 889 10293
5923 4104 6335
6335 4104 5923
4104 5923 6335
3293 11282 11534
11282 3293 11534
11534 3293 11282
1397 2742 14189
14189 1397 2742
2742 1397 14189
7272 8542 10036
10036 7272 8542
8542 7272 10036
1969 3533 13281
3533 1969 13281
13281 1969 3533
58 5048 14476
5048 58 14476
14476 58 5048
11467 356 5000
356 5000 11467
5000 356 11467
11238 1550 2652
2652 1550 11238
1550 2652 11238
4171 6840 11462
6840 4171 11462
11462 4171 6840
2097 9367 13622
9367 2097 13622
13622 2097 9367
285 5130 13695
5130 285 13695
13695 285 5130
11803 3234 3409
3234 3409 11803
3409 3234 11803
8045 2609 8275
8275 2609 8045
2609 8045 8275
1434 4021 10751
4021 1434 10751
10751 1434 4021
4719 10018 13324
13324 4719 10018
10018 4719 13324
13093 568 6299
568 6299 13093
6299 568 13093
14410 6211 6815
6211 6815 14410
6815 6211 14410
14841 5238 9591
5238 9591 14841
9591 5238 14841
4738 3497 12036
12036 3497 4738
3497 4738 12036
834 3663 14206
3663 834 14206
14206 834 3663
4372 8118 12575
12575 4372 8118
8118 4372 12575
9105 12445 13802
13802 9105 12445
12445 9105 13802
1887 678 12769
12769 678 1887
678 1887 12769
11501 9067 11285
9067 11285 11501
11285 9067 11501
7156 789 6350
6350 789 7156
789 6350 7156
3488 25 11702
11702 25 3488
25 3488 11702
817 9431 13022
9431 817 13022
13022 817 9431
2099 96 9705
9705 96 2099
96 2099 9705
7731 847 14651
14651 847 7731
847 7731 14651
6454 4556 11528
4556 6454 11528
11528 4556 6454
3970 4707 11167
11167 3970 4707
4707 3970 11167
2852 2583 4434
2583 2852 4434
4434 2583 2852
3818 6537 12831
12831 3818 6537
6537 3818 12831
5861 7084 10021
7084 5861 10021
10021 5861 7084
36 5279 9430
5279 36 9430
9430 36 5279
8470 9509 10221
10221 8470 9509
9509 8470 10221
624 4749 7955
4749 624 7955
7955 624 4749
3404 5287 8566
8566 3404 5287
5287 3404 8566
1169 5616 7693
5616 1169 7693
7693 1169 5616
8246 3969 9208
3969 8246 9208
9208 3969 8246
10393 7351 11732
11732 7351 10393
7351 10393 11732
9180 3734 10501
3734 9180 10501
10501 3734 9180
3879 1315 7213
7213 1315 3879
1315 3879 7213
1152 1400 7129
1400 1152 7129
7129 1152 1400
8554 6475 9505
6475 8554 9505
9505 6475 8554
12276 6526 12900
6526 12276 12900
12900 6526 12276
9698 250 5629
250 5629 9698
5629 250 9698
10386 10167 14460
10167 10386 14460
14460 10167 10386
13003 3857 12220
3857 12220 13003
12220 3857 13003
14822 3905 12136
3905 12136 14822
12136 3905 14822
6867 417 3189
417 3189 6867
3189 417 6867
12239 1102 1508
1102 1508 12239
1508 1102 12239
7398 333 6423
333 6423 7398
6423 333 7398
10505 13421 13979
13421 10505 13979
13979 10505 13421
12427 5237 10886
5237 10886 12427
10886 5237 12427
7121 4734 10143
4734 7121 10143
10143 4734 7121
4806 1217 7301
1217 4806 7301
7301 1217 4806
8603 10553 11867
11867 8603 10553
10553 8603 11867
4984 1368 13722
13722 1368 4984
1368 4984 13722
5395 6898 9500
6898 5395 9500
9500 5395 6898
7662 8701 9456
8701 7662 9456
9456 7662 8701
1248 1732 6297
1732 1248 6297
6297 1248 1732
7692 8289 8744
8289 7692 8744
8744 7692 8289
12537 1004 9941
1004 9941 12537
9941 1004 12537
667 5505 7339
7339 667 5505
5505 667 7339
5618 666 12761
666 5618 12761
12761 666 5618
10169 4743 8181
4743 8181 10169
8181 4743 10169
9089 7424 14893
14893 7424 9089
7424 9089 14893
5057 4807 6088
4807 5057 6088
6088 4807 5057
11185 103 1266
1266 103 11185
103 1266 11185
1840 9079 12673
9079 1840 12673
12673 1840 9079
3106 8312 11069
11069 3106 8312
8312 3106 11069
12217 1370 1993
1993 1370 12217
1370 1993 12217
12410 913 9098
9098 913 12410
913 9098 12410
9697 1379 11609
11609 1379 9697
1379 9697 11609
881 10626 13614
10626 881 13614
13614 881 10626
14953 3976 10612
3976 10612 14953
10612 3976 14953
11796 6628 14187
6628 11796 14187
14187 6628 11796
84 1189 6229
6229 84 1189
1189 84 6229
6142 6897 12948
6897 6142 12948
12948 6142 6897
1412 1091 8299
1091 1412 8299
8299 1091 1412
11042 1276 4130
4130 1276 11042
1276 4130 11042
8707 10467 13144
10467 8707 13144
13144 8707 10467
10440 4664 13058
4664 10440 13058
13058 4664 10440
3607 3328 7713
3328 3607 7713
7713 3328 3607
9019 8255 14619
8255 9019 14619
14619 8255 9019
10349 13543 14590
13543 10349 14590
14590 10349 13543
9939 3802 14142
14142 3802 9939
3802 9939 14142
14210 2827 13774
13774 2827 14210
2827 13774 14210
10559 3628 4293
4293 3628 10559
3628 4293 10559
8846 4580 14748
14748 4580 8846
4580 8846 14748
1192 3627 8774
8774 1192 3627
3627 1192 8774
6012 855 12807
12807 855 6012
855 6012 12807
9520 1269 11136
1269 9520 11136
11136 1269 9520
2350 1622 14104
1622 2350 14104
14104 1622 2350
479 2342 11483
11483 479 2342
2342 479 11483
6903 13857 14299
14299 6903 13857
13857 6903 14299
11446 4424 12857
4424 11446 12857
12857 4424 11446
12155 1702 4974
4974 1702 12155
1702 4974 12155
8866 7886 14023
14023 7886 8866
7886 8866 14023
3186 2777 5301
2777 3186 5301
5301 2777 3186
104 2201 5260
2201 104 5260
5260 104 2201
6474 1590 6100
6100 1590 6474
1590 6100 6474
11835 7295 8997
7295 8997 11835
8997 7295 11835
10803 3033 13946
13946 3033 10803
3033 10803 13946
6990 6656 11297
6656 6990 11297
11297 6656 6990
9506 6370 12412
6370 9506 12412
12412 6370 9506
4233 8574 10742
10742 4233 8574
8574 4233 10742
10829 522 14686
14686 522 10829
522 10829 14686
7585 1263 13437
1263 7585 13437
13437 1263 7585
791 1804 13496
13496 791 1804
1804 791 13496
3523 6366 10743
6366 3523 10743
10743 3523 6366
1220 1953 4370
4370 1220 1953
1953 1220 4370
957 8912 9476
9476 957 8912
8912 957 9476
10027 5320 7617
5320 7617 10027
7617 5320 10027
9118 1944 9831
1944 9118 9831
9831 1944 9118
8573 1113 10977
1113 8573 10977
10977 1113 8573
12205 7829 14617
7829 12205 14617
14617 7829 12205
14427 7334 12701
7334 12701 14427
12701 7334 14427
1606 2073 12462
12462 1606 2073
2073 1606 12462
11525 2908 14573
14573 2908 11525
2908 11525 14573
1194 8719 13724
8719 1194 13724
13724 1194 8719
14818 3442 9573
9573 3442 14818
3442 9573 14818
207 7228 9503
7228 207 9503
9503 207 7228
14838 4613 8830
4613 8830 14838
8830 4613 14838
9974 775 13230
775 9974 13230
13230 775 9974
315 535 2811
535 315 2811
2811 315 535
1778 3120 7867
3120 1778 7867
7867 1778 3120
870 3644 11349
11349 870 3644
3644 870 11349
9615 876 3718
876 3718 9615
3718 876 9615
4309 8759 11655
11655 4309 8759
8759 4309 11655
8790 5503 11469
5503 8790 11469
11469 5503 8790
12090 583 9219
583 9219 12090
9219 583 12090
6467 6502 13971
13971 6467 6502
6502 6467 13971
11065 5239 12588
12588 5239 11065
5239 11065 12588
5593 10641 14588
10641 5593 14588
14588 5593 10641
5856 2719 6137
2719 5856 6137
6137 2719 5856
7909 358 8927
358 7909 8927
8927 358 7909
1677 7076 7637
7076 1677 7637
7637 1677 7076
2455 695 8407
8407 695 2455
695 2455 8407
4208 11720 14485
11720 4208 14485
14485 4208 11720
6146 225 6011
225 6011 6146
6011 225 6146
5846 9387 14388
14388 5846 9387
9387 5846 14388
8009 8410 9512
9512 8009 8410
8410 8009 9512
9049 6495 7883
7883 6495 9049
6495 7883 9049
14938 9751 10624
10624 9751 14938
9751 10624 14938
922 272 13397
272 922 13397
13397 272 922
2453 3897 11657
11657 2453 3897
3897 2453 11657
11999 6725 11906
6725 11906 11999
11906 6725 11999
12257 10214 14553
14553 10214 12257
10214 12257 14553
2148 10666 12773
10666 2148 12773
12773 2148 10666
3666 6699 11761
11761 3666 6699
6699 3666 11761
14843 1780 11929
11929 1780 14843
1780 11929 14843
3027 9053 10985
9053 3027 10985
10985 3027 9053
1036 6799 8119
6799 1036 8119
8119 1036 6799
4532 5456 5512
5512 4532 5456
5456 4532 5512
2462 8608 11893
11893 2462 8608
8608 2462 11893
7664 9801 11902
9801 7664 11902
11902 7664 9801
14376 41 9015
41 9015 14376
9015 41 14376
4157 2333 2524
2333 2524 4157
2524 2333 4157
5527 7255 13641
13641 5527 7255
7255 5527 13641
14984 1672 5818
1672 5818 14984
5818 1672 14984
6806 9218 11408
9218 6806 11408
11408 6806 9218
9070 6670 12483
12483 6670 9070
6670 9070 12483
92 6273 11247
11247 92 6273
6273 92 11247
11862 4342 7098
4342 7098 11862
7098 4342 11862
14784 3511 12647
12647 3511 14784
3511 12647 14784
4761 4536 13987
4536 4761 13987
13987 4536 4761
5996 66 7132
7132 66 5996
66 5996 7132
13192 10815 14134
14134 10815 13192
10815 13192 14134
14543 4461 8944
8944 4461 14543
4461 8944 14543
5302 2043 3418
3418 2043 5302
2043 3418 5302
13246 11869 11919
11869 11919 13246
11919 11869 13246
1883 553 2232
2232 553 1883
553 1883 2232
275 711 14136
14136 275 711
711 275 14136
1420 12157 13116
13116 1420 12157
12157 1420 13116
680 197 14944
14944 197 680
197 680 14944
11024 3429 4771
3429 4771 11024
4771 3429 11024
11249 700 9952
9952 700 11249
700 9952 11249
6406 6476 14986
14986 6406 6476
6476 6406 14986
1374 3630 5376
3630 1374 5376
5376 1374 3630
3160 227 10352
10352 227 3160
227 3160 10352
13371 1520 7687
7687 1520 13371
1520 7687 13371
2859 11974 12733
12733 2859 11974
11974 2859 12733
8398 5589 9838
9838 5589 8398
5589 8398 9838
7698 2951 4497
4497 2951 7698
2951 4497 7698
9762 7974 9928
7974 9762 9928
9928 7974 9762
1645 1418 6342
1418 1645 6342
6342 1418 1645
9150 5255 12955
12955 5255 9150
5255 9150 12955
13972 2498 3881
3881 2498 13972
2498 3881 13972
3049 3224 7832
7832 3049 3224
3224 3049 7832
6004 2529 6520
6520 2529 6004
2529 6004 6520
6238 7268 14952
7268 6238 14952
14952 6238 7268
3519 182 14693
14693 182 3519
182 3519 14693
6010 7957 13789
7957 6010 13789
13789 6010 7957
4094 2322 9963
2322 4094 9963
9963 2322 4094
13743 4002 5490
4002 5490 13743
5490 4002 13743
6444 1330 7688
7688 1330 6444
1330 6444 7688
11923 730 8478
8478 730 11923
730 8478 11923
3444 836 12081
12081 836 3444
836 3444 12081
360 8370 12556
12556 360 8370
8370 360 12556
3168 6563 6940
6940 3168 6563
6563 3168 6940
259 1073 2514
1073 259 2514
2514 259 1073
14039 964 12650
12650 964 14039
964 12650 14039
14902 2898 11807
11807 2898 14902
2898 11807 14902
163 8519 13430
13430 163 8519
8519 163 13430
4304 2686 11492
11492 2686 4304
2686 4304 11492
12929 2479 5649
5649 2479 12929
2479 5649 12929
9614 120 7070
7070 120 9614
120 7070 9614
5865 6485 8703
8703 5865 6485
6485 5865 8703
2849 3156 7948
3156 2849 7948
7948 2849 3156
11332 2558 6868
2558 6868 11332
6868 2558 11332
8097 7482 13274
13274 7482 8097
7482 8097 13274
11134 402 5350
402 5350 11134
5350 402 11134
7649 8352 13897
13897 7649 8352
8352 7649 13897
3830 6409 7926
7926 3830 6409
6409 3830 7926
5092 1997 8723
1997 5092 8723
8723 1997 5092
7000 5773 11674
5773 7000 11674
11674 5773 7000
8339 3578 10545
10545 3578 8339
3578 8339 10545
10170 5974 14245
5974 10170 14245
14245 5974 10170
11662 4015 8225
4015 8225 11662
8225 4015 11662
14932 1241 5234
5234 1241 14932
1241 5234 14932
8661 2088 5632
5632 2088 8661
2088 5632 8661
9329 1741 3517
3517 1741 9329
1741 3517 9329
7470 5005 14056
5005 7470 14056
14056 5005 7470
13795 2476 13096
13096 2476 13795
2476 13096 13795
1764 1694 4788
4788 1694 1764
1694 1764 4788
5638 1582 8083
8083 1582 5638
1582 5638 8083
7977 1210 2726
2726 1210 7977
1210 2726 7977
6989 3991 13888
13888 3991 6989
3991 6989 13888
995 3255 12686
3255 995 12686
12686 995 3255
14416 5331 6778
5331 6778 14416
6778 5331 14416
11119 2657 13317
13317 2657 11119
2657 11119 13317
10625 222 11201
222 10625 11201
11201 222 10625
899 13006 14285
14285 899 13006
13006 899 14285
623 3715 9675
3715 623 9675
9675 623 3715
1262 3722 13550
13550 1262 3722
3722 1262 13550
13086 23 12277
12277 23 13086
23 12277 13086
1376 5161 11656
11656 1376 5161
5161 1376 11656
1936 7386 13558
7386 1936 13558
13558 1936 7386
10579 3651 4343
4343 3651 10579
3651 4343 10579
6227 4537 14974
4537 6227 14974
14974 4537 6227
3354 8835 10630
8835 3354 10630
10630 3354 8835
9933 1161 8596
8596 1161 9933
1161 8596 9933
8202 8152 8970
8152 8202 8970
8970 8152 8202
1895 7666 14107
14107 1895 7666
7666 1895 14107
13879 1869 7891
1869 7891 13879
7891 1869 13879
13172 5190 6359
5190 6359 13172
6359 5190 13172
9779 6547 11691
11691 6547 9779
6547 9779 11691
11015 5379 11453
5379 11015 11453
11453 5379 11015
6743 4069 9487
4069 6743 9487
9487 4069 6743
6327 5625 11394
5625 6327 11394
11394 5625 6327
11020 6279 9956
9956 6279 11020
6279 9956 11020
11256 1968 2874
1968 2874 11256
2874 1968 11256
3453 3008 7782
3008 3453 7782
7782 3008 3453
6464 3549 5870
5870 3549 6464
3549 5870 6464
1931 3566 4815
4815 1931 3566
3566 1931 4815
14007 564 10316
564 10316 14007
10316 564 14007
12912 3212 12727
3212 12727 12912
12727 3212 12912
2831 3450 6971
6971 2831 3450
3450 2831 6971
5224 3903 8780
3903 5224 8780
8780 3903 5224
10080 2992 5080
2992 5080 10080
5080 2992 10080
1256 198 9226
9226 198 1256
198 1256 9226
4851 6181 10718
10718 4851 6181
6181 4851 10718
1345 4654 5695
5695 1345 4654
4654 1345 5695
4909 8974 9983
8974 4909 9983
9983 4909 8974
9319 7389 11207
11207 7389 9319
7389 9319 11207
9991 9739 12596
9739 9991 12596
12596 9739 9991
1126 9345 12964
9345 1126 12964
12964 1126 9345
1203 291 14900
14900 291 1203
291 1203 14900
13573 4205 5393
5393 4205 13573
4205 5393 13573
5477 2604 4399
4399 2604 5477
2604 4399 5477
2470 11963 12478
11963 2470 12478
12478 2470 11963
12587 10587 12940
12940 10587 12587
10587 12587 12940
12165 7725 9288
9288 7725 12165
7725 9288 12165
11477 12847 14253
12847 11477 14253
14253 11477 12847
2755 6530 10062
10062 2755 6530
6530 2755 10062
3216 6796 12278
12278 3216 6796
6796 3216 12278
4297 11558 14800
11558 4297 14800
14800 4297 11558
14786 677 6581
677 6581 14786
6581 677 14786
2835 2519 4525
2519 2835 4525
4525 2519 2835
9032 5662 11390
11390 5662 9032
5662 9032 11390
1287 2722 7622
2722 1287 7622
7622 1287 2722
4013 7718 8623
7718 4013 8623
8623 4013 7718
8337 10008 10983
10008 8337 10983
10983 8337 10008
5201 7125 12164
12164 5201 7125
7125 5201 12164
8069 830 2408
830 2408 8069
2408 830 8069
868 9914 14587
14587 868 9914
9914 868 14587
12137 3899 11743
11743 3899 12137
3899 11743 12137
9305 2560 14915
2560 9305 14915
14915 2560 9305
10824 5361 7107
7107 5361 10824
5361 7107 10824
784 2648 9282
2648 784 9282
9282 784 2648
3623 7817 9318
9318 3623 7817
7817 3623 9318
13216 6565 9836
6565 9836 13216
9836 6565 13216
3122 5884 9877
9877 3122 5884
5884 3122 9877
2912 6785 11339
11339 2912 6785
6785 2912 11339
630 2568 12440
12440 630 2568
2568 630 12440
13685 9601 12753
12753 9601 13685
9601 12753 13685
11044 8076 14757
14757 8076 11044
8076 11044 14757
9888 5222 9331
9331 5222 9888
5222 9331 9888
2071 8477 12216
8477 2071 12216
12216 2071 8477
7155 1938 6114
6114 1938 7155
1938 6114 7155
4660 6490 9221
6490 4660 9221
9221 4660 6490
13181 10989 14606
14606 10989 13181
10989 13181 14606
2397 8729 11826
11826 2397 8729
8729 2397 11826
14383 2124 14488
2124 14383 14488
14488 2124 14383
6653 9233 9995
9233 6653 9995
9995 6653 9233
9146 4758 13669
13669 4758 9146
4758 9146 13669
5504 7598 13185
13185 5504 7598
7598 5504 13185
3783 1588 2745
2745 1588 3783
1588 2745 3783
1756 10150 10655
10150 1756 10655
10655 1756 10150
14420 5606 6930
6930 5606 14420
5606 6930 14420
3480 5141 14906
5141 3480 14906
14906 3480 5141
12630 3011 8359
3011 8359 12630
8359 3011 12630
14615 8078 14148
14148 8078 14615
8078 14148 14615
10274 8033 9271
8033 9271 10274
9271 8033 10274
1959 2782 11182
2782 1959 11182
11182 1959 2782
6674 819 2805
819 2805 6674
2805 819 6674
9181 123 14124
123 9181 14124
14124 123 9181
6094 2620 4920
2620 4920 6094
4920 2620 6094
12356 710 2264
710 2264 12356
2264 710 12356
7198 1448 3423
1448 3423 7198
3423 1448 7198
12792 246 2283
246 2283 12792
2283 246 12792
4219 7659 7859
7859 4219 7659
7659 4219 7859
2844 2282 7439
7439 2282 2844
2282 2844 7439
9071 5139 6511
6511 5139 9071
5139 6511 9071
13433 9000 9395
9395 9000 13433
9000 9395 13433
10917 851 13798
851 10917 13798
13798 851 10917
4408 13591 13963
13963 4408 13591
13591 4408 13963
14636 2465 14127
14127 2465 14636
2465 14127 14636
7315 2527 11444
2527 7315 11444
11444 2527 7315
13335 1563 4147
4147 1563 13335
1563 4147 13335
8404 8325 10241
10241 8325 8404
8325 8404 10241
13698 1711 4883
1711 4883 13698
4883 1711 13698
11876 6934 12366
6934 11876 12366
12366 6934 11876
3825 2703 7650
2703 3825 7650
7650 2703 3825
4133 14484 14713
14713 4133 14484
14484 4133 14713
247 4005 6390
4005 247 6390
6390 247 4005
1798 896 7081
896 1798 7081
7081 896 1798
9044 8578 8752
8752 8578 9044
8578 8752 9044
4694 4688 13846
13846 4688 4694
4688 4694 13846
1836 6337 14787
14787 1836 6337
6337 1836 14787
3059 9104 12745
9104 3059 12745
12745 3059 9104
3894 7192 8965
7192 3894 8965
8965 3894 7192
6215 1356 6832
1356 6215 6832
6832 1356 6215
6958 11668 13658
11668 6958 13658
13658 6958 11668
11478 5463 13786
13786 5463 11478
5463 11478 13786
13330 2475 7865
7865 2475 13330
2475 7865 13330
7691 10563 14989
14989 7691 10563
10563 7691 14989
2539 11582 12525
11582 2539 12525
12525 2539 11582
7802 11750 13229
13229 7802 11750
11750 7802 13229
8590 5667 13200
13200 5667 8590
5667 8590 13200
8178 12240 12560
12240 8178 12560
12560 8178 12240
10439 9151 14724
14724 9151 10439
9151 10439 14724
14887 1094 3716
1094 3716 14887
3716 1094 14887
14941 5700 13262
5700 13262 14941
13262 5700 14941
5863 3390 13118
3390 5863 13118
13118 3390 5863
637 3937 4390
4390 637 3937
3937 637 4390
6274 5570 14352
5570 6274 14352
14352 5570 6274
12652 4045 5103
4045 5103 12652
5103 4045 12652
2359 3657 8818
8818 2359 3657
3657 2359 8818
12331 2008 10910
2008 10910 12331
10910 2008 12331
8815 8592 11949
8592 8815 11949
11949 8592 8815
3012 4405 14970
4405 3012 14970
14970 3012 4405
12124 5372 11129
11129 5372 12124
5372 11129 12124
14763 10750 10754
10754 10750 14763
10750 10754 14763
13032 7733 10362
10362 7733 13032
7733 10362 13032
9374 771 9324
771 9324 9374
9324 771 9374
9362 9626 12236
9626 9362 12236
12236 9362 9626
13538 3219 4329
3219 4329 13538
4329 3219 13538
9968 756 4818
756 4818 9968
4818 756 9968
8641 108 1232
1232 108 8641
108 1232 8641
8659 12653 13772
13772 8659 12653
12653 8659 13772
14149 1521 9808
1521 9808 14149
9808 1521 14149
10145 13867 14393
13867 10145 14393
14393 10145 13867
9239 925 4888
4888 925 9239
925 4888 9239
5825 11831 12665
12665 5825 11831
11831 5825 12665
11205 6663 14092
14092 6663 11205
6663 11205 14092
5044 2995 6554
2995 5044 6554
6554 2995 5044
13063 6046 6479
6479 6046 13063
6046 6479 13063
3039 6024 13287
13287 3039 6024
6024 3039 13287
11487 2803 11725
2803 11487 11725
11725 2803 11487
13228 6535 14369
14369 6535 13228
6535 13228 14369
8631 8919 11295
11295 8631 8919
8919 8631 11295
4939 660 11381
11381 660 4939
660 4939 11381
2611 4037 9264
9264 2611 4037
4037 2611 9264
9741 3662 11338
3662 9741 11338
11338 3662 9741
11162 8329 11689
8329 11162 11689
11689 8329 11162
10873 4822 9206
4822 9206 10873
9206 4822 10873
1140 7819 10258
7819 1140 10258
10258 1140 7819
1029 8660 10341
10341 1029 8660
8660 1029 10341
9366 2176 11104
11104 2176 9366
2176 9366 11104
5199 9695 14125
14125 5199 9695
9695 5199 14125
7667 13107 14450
13107 7667 14450
14450 7667 13107
10787 8501 14717
14717 8501 10787
8501 10787 14717
10144 3509 11877
11877 3509 10144
3509 10144 11877
7701 3920 11493
11493 3920 7701
3920 7701 11493
5595 11457 13217
11457 5595 13217
13217 5595 11457
13160 7214 7217
7214 7217 13160
7217 7214 13160
11660 1651 5564
5564 1651 11660
1651 5564 11660
274 12401 14694
12401 274 14694
14694 274 12401
5642 3337 5295
5295 3337 5642
3337 5295 5642
12709 879 10398
10398 879 12709
879 10398 12709
5780 10632 13534
10632 5780 13534
13534 5780 10632
12226 3674 9718
3674 9718 12226
9718 3674 12226
5353 5826 6141
6141 5353 5826
5826 5353 6141
2643 4492 10078
4492 2643 10078
10078 2643 4492
790 13544 14729
13544 790 14729
14729 790 13544
3795 307 2918
2918 307 3795
307 2918 3795
9295 232 2899
232 2899 9295
2899 232 9295
10502 2641 6121
2641 6121 10502
6121 2641 10502
9656 9555 10157
10157 9555 9656
9555 9656 10157
13599 126 8494
126 8494 13599
8494 126 13599
10121 7259 12774
12774 7259 10121
7259 10121 12774
7558 10933 13237
10933 7558 13237
13237 7558 10933
8041 2303 13893
2303 8041 13893
13893 2303 8041
12365 13439 14176
13439 12365 14176
14176 12365 13439
8253 13529 14889
13529 8253 14889
14889 8253 13529
9482 409 1072
409 1072 9482
1072 409 9482
4700 2125 5876
5876 2125 4700
2125 4700 5876
10029 6924 8516
6924 8516 10029
8516 6924 10029
292 4568 11535
11535 292 4568
4568 292 11535
11003 9477 14264
14264 9477 11003
9477 11003 14264
5025 2096 7230
7230 2096 5025
2096 5025 7230
6915 2163 14260
2163 6915 14260
14260 2163 6915
12646 4528 13610
4528 12646 13610
13610 4528 12646
5007 10721 10920
10721 5007 10920
10920 5007 10721
7628 3854 9411
3854 7628 9411
9411 3854 7628
14872 567 12235
567 12235 14872
12235 567 14872
1570 2621 4373
4373 1570 2621
2621 1570 4373
9306 5961 6014
6014 5961 9306
5961 6014 9306
8493 1681 11986
11986 1681 8493
1681 8493 11986
923 4706 5127
4706 923 5127
5127 923 4706
6389 6357 7462
6357 6389 7462
7462 6357 6389
4520 3741 5877
5877 3741 4520
3741 4520 5877
5735 4604 6786
4604 5735 6786
6786 4604 5735
4713 4314 13336
13336 4314 4713
4314 4713 13336
1155 6622 7541
6622 1155 7541
7541 1155 6622
7557 9618 12567
9618 7557 12567
12567 7557 9618
9813 4327 8915
4327 8915 9813
8915 4327 9813
4500 4345 13557
4345 4500 13557
13557 4345 4500
14839 5956 7717
7717 5956 14839
5956 7717 14839
9302 9337 12076
12076 9302 9337
9337 9302 12076
6639 2793 13650
13650 2793 6639
2793 6639 13650
12989 8541 10921
8541 10921 12989
10921 8541 12989
2171 8385 12168
12168 2171 8385
8385 2171 12168
5760 2502 14907
2502 5760 14907
14907 2502 5760
4014 6184 10432
10432 4014 6184
6184 4014 10432
882 6598 11677
11677 882 6598
6598 882 11677
14486 3796 8423
3796 8423 14486
8423 3796 14486
10023 6731 8921
6731 8921 10023
8921 6731 10023
777 7210 9712
9712 777 7210
7210 777 9712
10500 4862 10178
10178 4862 10500
4862 10178 10500
2030 6082 10423
10423 2030 6082
6082 2030 10423
7630 11374 13337
11374 7630 13337
13337 7630 11374
8954 8983 11605
11605 8954 8983
8983 8954 11605
2720 2409 3117
2409 2720 3117
3117 2409 2720
7714 1832 11560
1832 7714 11560
11560 1832 7714
6610 4020 13011
13011 4020 6610
4020 6610 13011
4248 3051 7987
7987 3051 4248
3051 4248 7987
6753 154 14995
154 6753 14995
14995 154 6753
13634 12750 13912
13912 12750 13634
12750 13634 13912
14109 2167 3652
3652 2167 14109
2167 3652 14109
1507 9654 12121
9654 1507 12121
12121 1507 9654
14317 10282 11772
10282 11772 14317
11772 10282 14317
2869 746 2137
2137 746 2869
746 2137 2869
5576 7149 11452
11452 5576 7149
7149 5576 11452
2332 2655 10417
2655 2332 10417
10417 2332 2655
5641 6687 10590
6687 5641 10590
10590 5641 6687
14483 9798 12118
12118 9798 14483
9798 12118 14483
7916 1601 6280
6280 1601 7916
1601 6280 7916
2659 7525 9113
7525 2659 9113
9113 2659 7525
6855 7280 14286
7280 6855 14286
14286 6855 7280
4914 8197 10388
10388 4914 8197
8197 4914 10388
14100 8793 13276
8793 13276 14100
13276 8793 14100
12958 6025 9901
9901 6025 12958
6025 9901 12958
14855 3368 6813
6813 3368 14855
3368 6813 14855
8271 1341 13908
13908 1341 8271
1341 8271 13908
