61 484 1465
1465 61 484
484 61 1465
1437 186 1178
186 1178 1437
1178 186 1437
70 198 418
198 70 418
418 70 198
40 176 789
789 40 176
176 40 789
463 714 1418
1418 463 714
714 463 1418
1274 812 1253
1253 812 1274
812 1253 1274
1349 340 769
340 769 1349
769 340 1349
256 54 189
189 54 256
54 189 256
1070 274 1426
1426 274 1070
274 1070 1426
555 646 1477
646 555 1477
1477 555 646
1319 22 1186
22 1186 1319
1186 22 1319
1386 75 1459
1459 75 1386
75 1386 1459
482 25 617
617 25 482
25 482 617
71 1422 1486
1422 71 1486
1486 71 1422
1039 734 1413
1413 734 1039
734 1039 1413
598 411 1402
1402 411 598
411 598 1402
1280 533 984
984 533 1280
533 984 1280
1347 400 855
400 855 1347
855 400 1347
765 442 1199
1199 442 765
442 765 1199
122 57 137
57 122 137
137 57 122
1206 344 673
344 673 1206
673 344 1206
660 582 621
582 621 660
621 582 660
1385 45 1492
45 1385 1492
1492 45 1385
591 74 785
785 74 591
74 591 785
1482 1187 1259
1187 1259 1482
1259 1187 1482
94 837 881
837 94 881
881 94 837
497 583 916
916 497 583
583 497 916
210 1051 1269
1051 210 1269
1269 210 1051
1288 253 1077
253 1077 1288
1077 253 1288
627 797 1360
1360 627 797
797 627 1360
543 1182 1196
1182 543 1196
1196 543 1182
1066 500 1293
500 1066 1293
1293 500 1066
589 471 625
471 589 625
625 471 589
520 118 171
171 118 520
118 171 520
414 985 1310
985 414 1310
1310 414 985
246 826 1353
826 246 1353
1353 246 826
1107 88 968
88 968 1107
968 88 1107
1307 236 716
236 716 1307
716 236 1307
197 337 689
337 197 689
689 197 337
87 435 937
435 87 937
937 87 435
556 1311 1381
1311 556 1381
1381 556 1311
1002 820 1117
1117 820 1002
820 1002 1117
1456 674 1133
674 1133 1456
1133 674 1456
550 52 91
91 52 550
52 91 550
750 429 1209
1209 429 750
429 750 1209
1491 261 353
353 261 1491
261 353 1491
948 440 1014
440 948 1014
1014 440 948
1223 515 1122
515 1122 1223
1122 515 1223
309 415 1474
1474 309 415
415 309 1474
1461 331 362
331 362 1461
362 331 1461
832 348 612
348 612 832
612 348 832
481 170 483
170 481 483
483 170 481
178 1080 1224
1224 178 1080
1080 178 1224
355 1119 1281
1119 355 1281
1281 355 1119
1139 228 518
518 228 1139
228 518 1139
441 258 1268
1268 258 441
258 441 1268
818 211 696
211 696 818
696 211 818
1065 318 959
318 959 1065
959 318 1065
900 190 828
190 828 900
828 190 900
1242 6 156
156 6 1242
6 156 1242
144 995 1013
995 144 1013
1013 144 995
1257 614 1205
1205 614 1257
614 1205 1257
1010 406 541
406 541 1010
541 406 1010
493 610 720
610 493 720
720 493 610
1169 297 1446
297 1169 1446
1446 297 1169
32 36 852
36 32 852
852 32 36
986 1334 1444
1444 986 1334
1334 986 1444
1151 245 1064
245 1064 1151
1064 245 1151
107 203 265
203 107 265
265 107 203
1367 165 596
165 596 1367
596 165 1367
129 744 1250
1250 129 744
744 129 1250
731 1261 1380
1261 731 1380
1380 731 1261
1246 64 572
572 64 1246
64 572 1246
1271 121 874
121 874 1271
874 121 1271
505 263 1476
1476 263 505
263 505 1476
1001 77 1480
1480 77 1001
77 1001 1480
1323 1189 1197
1189 1197 1323
1197 1189 1323
1003 592 781
592 781 1003
781 592 1003
1346 942 1286
942 1286 1346
1286 942 1346
667 273 439
273 439 667
439 273 667
1495 109 1198
1198 109 1495
109 1198 1495
924 688 1152
688 924 1152
1152 688 924
755 142 1143
1143 142 755
142 755 1143
969 229 1289
1289 229 969
229 969 1289
887 1105 1201
1201 887 1105
1105 887 1201
450 574 1427
1427 450 574
574 450 1427
1396 307 1111
1111 307 1396
307 1111 1396
521 821 1266
821 521 1266
1266 521 821
1109 665 1046
665 1046 1109
1046 665 1109
857 412 1213
412 857 1213
1213 412 857
1096 961 1276
1276 961 1096
961 1096 1276
1053 359 786
786 359 1053
359 786 1053
1024 262 727
262 727 1024
727 262 1024
168 430 725
725 168 430
430 168 725
1038 1183 1496
1183 1038 1496
1496 1038 1183
681 1018 1234
1018 681 1234
1234 681 1018
777 577 1025
577 777 1025
1025 577 777
1124 1082 1428
1428 1082 1124
1082 1124 1428
20 104 1100
1100 20 104
104 20 1100
699 1035 1245
1245 699 1035
1035 699 1245
375 558 1292
558 375 1292
1292 375 558
1335 206 844
206 844 1335
844 206 1335
1455 902 1047
902 1047 1455
1047 902 1455
59 461 619
461 59 619
619 59 461
1028 770 1097
1097 770 1028
770 1028 1097
133 18 933
18 133 933
933 18 133
1112 1313 1407
1313 1112 1407
1407 1112 1313
808 63 911
911 63 808
63 808 911
850 7 357
357 7 850
7 357 850
140 841 1000
1000 140 841
841 140 1000
768 103 294
294 103 768
103 294 768
858 56 224
224 56 858
56 224 858
469 1030 1149
1030 469 1149
1149 469 1030
751 374 1283
1283 374 751
374 751 1283
34 578 700
578 34 700
700 34 578
393 112 804
112 393 804
804 112 393
506 608 903
903 506 608
608 506 903
1222 360 794
360 794 1222
794 360 1222
1270 205 288
205 288 1270
288 205 1270
130 522 1258
1258 130 522
522 130 1258
128 437 914
914 128 437
437 128 914
465 213 1126
213 465 1126
1126 213 465
1207 692 859
692 859 1207
859 692 1207
55 298 561
561 55 298
298 55 561
1238 200 479
200 479 1238
479 200 1238
120 135 571
135 120 571
571 120 135
1500 1009 1361
1009 1361 1500
1361 1009 1500
756 330 991
991 330 756
330 756 991
869 250 328
250 328 869
328 250 869
379 1301 1460
1460 379 1301
1301 379 1460
444 278 1430
1430 278 444
278 444 1430
918 1241 1470
1470 918 1241
1241 918 1470
885 425 738
425 738 885
738 425 885
875 671 1020
1020 671 875
671 875 1020
1128 43 657
657 43 1128
43 657 1128
498 697 947
947 498 697
697 498 947
895 1011 1153
1011 895 1153
1153 895 1011
987 1194 1300
1300 987 1194
1194 987 1300
438 459 548
459 438 548
548 438 459
737 146 1141
146 737 1141
1141 146 737
1287 1162 1420
1420 1162 1287
1162 1287 1420
724 27 834
27 724 834
834 27 724
752 1027 1369
1369 752 1027
1027 752 1369
620 12 710
12 620 710
710 12 620
1337 241 368
368 241 1337
241 368 1337
1185 534 595
534 595 1185
595 534 1185
1093 99 831
99 831 1093
831 99 1093
1445 289 1072
1072 289 1445
289 1072 1445
1127 251 791
791 251 1127
251 791 1127
749 607 1088
607 749 1088
1088 607 749
308 511 1106
511 308 1106
1106 308 511
775 963 1236
1236 775 963
963 775 1236
397 270 301
270 301 397
301 270 397
1329 1228 1370
1370 1228 1329
1228 1329 1370
992 939 1404
1404 939 992
939 992 1404
460 174 726
174 460 726
726 174 460
810 616 772
772 616 810
616 772 810
623 682 705
705 623 682
682 623 705
456 346 1244
346 456 1244
1244 346 456
766 410 1388
1388 410 766
410 766 1388
920 801 896
896 801 920
801 896 920
656 719 989
989 656 719
719 656 989
62 139 865
139 62 865
865 62 139
271 132 842
132 271 842
842 132 271
1382 247 980
247 980 1382
980 247 1382
1159 638 1485
638 1159 1485
1485 638 1159
851 286 332
286 332 851
332 286 851
287 16 1348
1348 16 287
16 287 1348
761 15 822
822 15 761
15 761 822
1354 244 1405
1405 244 1354
244 1354 1405
1333 1052 1221
1221 1052 1333
1052 1221 1333
242 339 1164
1164 242 339
339 242 1164
1409 509 1158
1158 509 1409
509 1158 1409
1181 204 1435
204 1181 1435
1435 204 1181
1130 566 573
566 573 1130
573 566 1130
269 369 704
369 269 704
704 269 369
376 836 1012
1012 376 836
836 376 1012
167 1383 1484
1484 167 1383
1383 167 1484
299 358 445
358 299 445
445 299 358
488 248 1454
248 488 1454
1454 248 488
37 694 1368
1368 37 694
694 37 1368
650 454 1318
1318 454 650
454 650 1318
876 78 955
955 78 876
78 876 955
570 338 1179
1179 338 570
338 570 1179
569 181 290
290 181 569
181 290 569
845 419 452
419 452 845
452 419 845
528 221 601
221 528 601
601 221 528
179 648 1306
648 179 1306
1306 179 648
929 201 921
921 201 929
201 921 929
1304 1172 1466
1466 1172 1304
1172 1304 1466
843 67 1321
67 843 1321
1321 67 843
1264 1045 1464
1045 1264 1464
1464 1045 1264
209 988 1433
1433 209 988
988 209 1433
292 184 703
184 292 703
703 184 292
1085 50 1098
1098 50 1085
50 1085 1098
629 1115 1394
1394 629 1115
1115 629 1394
5 150 701
701 5 150
150 5 701
349 68 72
72 68 349
68 72 349
495 396 873
873 396 495
396 495 873
188 965 1247
1247 188 965
965 188 1247
1439 356 747
356 747 1439
747 356 1439
1229 1114 1452
1114 1229 1452
1452 1114 1229
1376 351 1471
351 1376 1471
1471 351 1376
906 24 611
611 24 906
24 611 906
904 458 1174
458 904 1174
1174 458 904
116 166 311
166 116 311
311 116 166
1322 501 1212
501 1212 1322
1212 501 1322
383 48 148
48 148 383
148 48 383
466 476 884
476 466 884
884 466 476
23 867 1309
1309 23 867
867 23 1309
1004 134 1415
134 1004 1415
1415 134 1004
162 354 839
839 162 354
354 162 839
1062 157 363
363 157 1062
157 363 1062
846 180 981
180 846 981
981 180 846
504 408 421
408 421 504
421 408 504
536 898 1200
898 536 1200
1200 536 898
1332 202 788
788 202 1332
202 788 1332
377 784 799
784 377 799
799 377 784
334 42 280
280 42 334
42 280 334
1432 65 373
373 65 1432
65 373 1432
124 722 787
722 124 787
787 124 722
11 388 1165
388 11 1165
1165 11 388
8 1032 1316
1032 8 1316
1316 8 1032
422 187 1161
187 422 1161
1161 187 422
547 579 958
579 547 958
958 547 579
1284 508 829
508 829 1284
829 508 1284
613 352 686
352 613 686
686 352 613
1211 234 1423
234 1211 1423
1423 234 1211
1387 1357 1419
1419 1357 1387
1357 1387 1419
930 219 1473
1473 219 930
219 930 1473
780 872 993
993 780 872
872 780 993
1204 542 575
542 575 1204
575 542 1204
580 1262 1498
1498 580 1262
1262 580 1498
774 66 225
66 225 774
225 66 774
194 153 935
153 194 935
935 153 194
740 635 754
635 740 754
754 635 740
172 160 1210
1210 160 172
160 172 1210
14 1056 1155
1056 14 1155
1155 14 1056
862 73 1279
73 862 1279
1279 73 862
1489 387 436
436 387 1489
387 436 1489
304 672 1449
1449 304 672
672 304 1449
1499 736 1074
736 1074 1499
1074 736 1499
637 695 815
815 637 695
695 637 815
196 268 549
268 196 549
549 196 268
1142 739 913
739 913 1142
913 739 1142
1078 730 782
730 782 1078
782 730 1078
1393 560 1173
560 1173 1393
1173 560 1393
195 173 1406
173 195 1406
1406 173 195
1362 401 1177
1177 401 1362
401 1177 1362
729 823 1166
1166 729 823
823 729 1166
792 553 1451
553 792 1451
1451 553 792
403 446 1125
446 403 1125
1125 403 446
962 100 1416
1416 100 962
100 962 1416
702 510 890
890 510 702
510 702 890
912 106 767
767 106 912
106 767 912
1395 327 1314
327 1314 1395
1314 327 1395
894 1089 1356
1356 894 1089
1089 894 1356
1303 69 888
69 888 1303
888 69 1303
871 1325 1414
1325 871 1414
1414 871 1325
925 927 1075
1075 925 927
927 925 1075
593 260 626
260 593 626
626 260 593
1083 175 952
175 952 1083
952 175 1083
95 905 1278
905 95 1278
1278 95 905
1363 447 538
447 538 1363
538 447 1363
1232 322 1121
322 1121 1232
1121 322 1232
817 1296 1384
1296 817 1384
1384 817 1296
838 796 998
998 796 838
796 838 998
1358 883 1434
1434 883 1358
883 1358 1434
1475 185 1331
1331 185 1475
185 1331 1475
559 464 666
666 464 559
464 559 666
1417 158 317
158 317 1417
317 158 1417
336 58 169
169 58 336
58 169 336
254 487 1424
1424 254 487
487 254 1424
1341 364 783
783 364 1341
364 783 1341
1120 257 531
257 531 1120
531 257 1120
151 1171 1478
1478 151 1171
1171 151 1478
1068 816 1340
1340 816 1068
816 1068 1340
678 655 1373
655 678 1373
1373 655 678
581 486 813
813 486 581
486 581 813
1 1131 1248
1248 1 1131
1131 1 1248
1391 306 1103
1103 306 1391
306 1103 1391
391 163 1450
163 391 1450
1450 163 391
127 404 1101
1101 127 404
404 127 1101
597 361 778
778 361 597
361 597 778
345 551 1163
1163 345 551
551 345 1163
1412 427 1237
1237 427 1412
427 1237 1412
1398 114 1453
114 1398 1453
1453 114 1398
1147 380 718
718 380 1147
380 718 1147
680 389 1026
389 680 1026
1026 389 680
605 41 919
41 605 919
919 41 605
370 715 849
849 370 715
715 370 849
1104 240 399
240 399 1104
399 240 1104
861 316 563
316 563 861
563 316 861
685 342 864
342 685 864
864 342 685
413 514 1425
514 413 1425
1425 413 514
303 523 880
523 303 880
880 303 523
1408 321 971
971 321 1408
321 971 1408
2 1079 1123
1079 2 1123
1123 2 1079
395 524 1350
524 395 1350
1350 395 524
882 291 564
291 564 882
564 291 882
350 684 860
860 350 684
684 350 860
235 431 897
897 235 431
431 235 897
47 214 633
633 47 214
214 47 633
90 192 760
192 90 760
760 90 192
1345 89 771
771 89 1345
89 771 1345
1160 1086 1421
1421 1086 1160
1086 1160 1421
974 266 384
384 266 974
266 384 974
585 264 944
264 585 944
944 264 585
1134 535 999
535 999 1134
999 535 1134
1290 949 1344
949 1290 1344
1344 949 1290
1447 819 1031
1031 819 1447
819 1031 1447
1298 741 763
763 741 1298
741 763 1298
877 1007 1483
1007 877 1483
1483 877 1007
711 529 743
743 529 711
529 711 743
603 663 1342
663 603 1342
1342 603 663
82 1138 1202
1202 82 1138
1138 82 1202
1401 499 1479
1479 499 1401
499 1401 1479
1493 978 1090
978 1090 1493
1090 978 1493
432 586 1374
1374 432 586
586 432 1374
779 455 735
455 735 779
735 455 779
154 1054 1411
1411 154 1054
1054 154 1411
193 215 1320
1320 193 215
215 193 1320
957 105 1265
1265 105 957
105 957 1265
1022 530 1326
530 1022 1326
1326 530 1022
545 147 790
790 147 545
147 545 790
856 96 366
366 96 856
96 366 856
587 1272 1438
1438 587 1272
1272 587 1438
932 28 448
448 28 932
28 448 932
1352 220 950
950 220 1352
220 950 1352
1195 284 315
284 315 1195
315 284 1195
84 1251 1252
1251 84 1252
1252 84 1251
1219 628 776
628 776 1219
776 628 1219
1260 449 1170
449 1170 1260
1170 449 1260
878 417 943
417 878 943
943 417 878
371 398 1225
1225 371 398
398 371 1225
645 712 1140
712 645 1140
1140 645 712
33 568 1315
1315 33 568
568 33 1315
341 227 470
470 227 341
227 341 470
217 1042 1095
1095 217 1042
1042 217 1095
478 79 644
644 79 478
79 478 644
659 451 690
690 451 659
451 659 690
405 502 891
502 405 891
891 405 502
1472 49 1327
49 1327 1472
1327 49 1472
967 182 527
182 527 967
527 182 967
669 46 216
46 216 669
216 46 669
1102 649 1037
649 1037 1102
1037 649 1102
1049 30 824
824 30 1049
30 824 1049
226 293 1184
293 226 1184
1184 226 293
1400 1048 1203
1048 1203 1400
1203 1048 1400
507 152 805
805 152 507
152 507 805
1235 800 990
800 990 1235
990 800 1235
149 285 1440
1440 149 285
285 149 1440
517 1061 1317
1317 517 1061
1061 517 1317
1233 367 892
367 892 1233
892 367 1233
1069 386 1118
386 1069 1118
1118 386 1069
1006 9 923
923 9 1006
9 923 1006
312 742 1156
742 312 1156
1156 312 742
21 806 1431
806 21 1431
1431 21 806
199 733 1214
733 199 1214
1214 199 733
138 632 977
977 138 632
632 138 977
609 1137 1365
1365 609 1137
1137 609 1365
1282 759 1059
759 1059 1282
1059 759 1282
996 489 1275
1275 489 996
489 996 1275
854 503 1180
1180 503 854
503 854 1180
602 428 468
468 428 602
428 468 602
1375 191 1254
191 1254 1375
1254 191 1375
1328 847 1230
847 1230 1328
1230 847 1328
475 698 1469
698 475 1469
1469 475 698
10 863 1379
863 10 1379
1379 10 863
324 915 1087
1087 324 915
915 324 1087
1060 594 928
928 594 1060
594 928 1060
639 966 1136
1136 639 966
966 639 1136
1463 323 1490
1490 323 1463
323 1463 1490
938 329 1023
1023 329 938
329 938 1023
1040 473 1129
473 1040 1129
1129 473 1040
795 76 954
76 795 954
954 76 795
693 764 868
868 693 764
764 693 868
1297 647 886
886 647 1297
647 886 1297
276 1055 1468
1055 276 1468
1468 276 1055
347 19 218
218 19 347
19 218 347
392 643 1041
643 392 1041
1041 392 643
1277 420 870
870 420 1277
420 870 1277
762 295 1058
1058 295 762
295 762 1058
313 113 136
113 136 313
136 113 313
960 1067 1227
1067 960 1227
1227 960 1067
1295 723 1016
1016 723 1295
723 1016 1295
1488 1036 1157
1036 1157 1488
1157 1036 1488
679 223 827
827 223 679
223 679 827
866 1240 1487
1487 866 1240
1240 866 1487
1015 93 1167
93 1015 1167
1167 93 1015
1291 125 807
125 807 1291
807 125 1291
491 325 562
325 491 562
562 325 491
941 53 1410
1410 53 941
53 941 1410
1063 102 661
102 661 1063
661 102 1063
1190 946 983
983 946 1190
946 983 1190
606 426 1215
1215 426 606
426 606 1215
642 243 1216
1216 243 642
243 642 1216
853 208 249
249 208 853
208 249 853
848 300 1443
1443 300 848
300 848 1443
713 492 687
492 687 713
687 492 713
39 485 1099
1099 39 485
485 39 1099
708 630 1175
1175 630 708
630 708 1175
889 480 1043
1043 480 889
480 889 1043
1110 830 926
830 926 1110
926 830 1110
233 97 365
365 97 233
97 233 365
1148 310 1448
310 1148 1448
1448 310 1148
526 60 554
554 60 526
60 526 554
1371 567 1076
1076 567 1371
567 1076 1371
212 407 640
407 212 640
640 212 407
557 4 652
652 4 557
4 557 652
1239 115 552
552 115 1239
115 552 1239
683 835 1308
1308 683 835
835 683 1308
670 343 1263
343 670 1263
1263 343 670
1497 624 1084
624 1084 1497
1084 624 1497
833 155 604
155 604 833
604 155 833
402 29 982
982 29 402
29 402 982
101 622 907
622 101 907
907 101 622
1019 1218 1256
1218 1019 1256
1256 1019 1218
588 237 997
997 237 588
237 588 997
973 382 516
382 516 973
516 382 973
453 3 803
3 453 803
803 3 453
333 443 618
443 333 618
618 333 443
1338 811 1359
1359 811 1338
811 1338 1359
717 664 976
976 664 717
664 717 976
467 17 255
255 17 467
17 255 467
1057 296 1285
296 1057 1285
1285 296 1057
1255 252 1481
252 1255 1481
1481 252 1255
230 183 1442
1442 183 230
183 230 1442
753 972 1135
1135 753 972
972 753 1135
537 675 1017
1017 537 675
675 537 1017
1378 1343 1403
1403 1343 1378
1343 1378 1403
1208 814 1091
1091 814 1208
814 1091 1208
512 31 92
31 92 512
92 31 512
721 496 934
934 496 721
496 721 934
590 222 1145
222 590 1145
1145 222 590
108 901 1044
901 108 1044
1044 108 901
615 119 319
119 319 615
319 119 615
653 394 540
394 540 653
540 394 653
654 123 970
970 123 654
123 654 970
908 732 1339
732 908 1339
1339 732 908
13 279 519
279 13 519
519 13 279
1029 283 1273
1273 283 1029
283 1029 1273
513 145 1494
145 513 1494
1494 145 513
1193 83 1033
83 1033 1193
1033 83 1193
879 44 953
44 879 953
953 44 879
1364 161 936
161 936 1364
936 161 1364
544 409 1192
1192 409 544
409 544 1192
277 746 1355
1355 277 746
746 277 1355
1389 232 758
232 758 1389
758 232 1389
462 98 745
98 462 745
745 98 462
773 141 631
141 631 773
631 141 773
825 728 1226
1226 728 825
728 825 1226
472 709 1436
709 472 1436
1436 472 709
1429 159 748
159 748 1429
748 159 1429
1294 207 975
207 975 1294
975 207 1294
668 1231 1458
1458 668 1231
1231 668 1458
1366 81 1351
81 1351 1366
1351 81 1366
1397 532 922
532 922 1397
922 532 1397
1150 281 302
302 281 1150
281 302 1150
1116 131 809
131 809 1116
809 131 1116
1146 477 951
477 951 1146
951 477 1146
272 335 1050
335 272 1050
1050 272 335
994 385 1081
1081 385 994
385 994 1081
584 1094 1243
1243 584 1094
1094 584 1243
1377 757 1457
1457 757 1377
757 1377 1457
1168 38 1132
38 1132 1168
1132 38 1168
1312 424 1302
424 1302 1312
1302 424 1312
390 651 1188
1188 390 651
651 390 1188
1008 320 840
840 320 1008
320 840 1008
326 793 1154
793 326 1154
1154 326 793
1330 282 1113
1113 282 1330
282 1113 1330
110 576 1299
1299 110 576
576 110 1299
1467 1144 1462
1462 1144 1467
1144 1462 1467
1267 802 940
940 802 1267
802 940 1267
1392 143 1034
143 1034 1392
1034 143 1392
600 259 546
546 259 600
259 546 600
662 164 1336
1336 164 662
164 662 1336
893 372 1372
372 893 1372
1372 372 893
945 177 1005
177 945 1005
1005 177 945
1399 26 565
26 565 1399
565 26 1399
231 314 658
658 231 314
314 231 658
599 378 910
910 378 599
378 599 910
1176 636 1305
636 1176 1305
1305 636 1176
416 85 490
490 85 416
85 416 490
677 239 909
909 239 677
239 677 909
86 117 899
899 86 117
117 86 899
979 798 1441
798 979 1441
1441 798 979
634 1249 1390
1249 634 1390
1390 634 1249
1073 434 457
457 434 1073
434 457 1073
917 126 691
126 691 917
691 126 917
539 381 641
641 381 539
381 539 641
51 275 525
275 51 525
525 51 275
1324 238 267
238 267 1324
267 238 1324
964 494 676
676 494 964
494 676 964
956 35 1108
35 956 1108
1108 35 956
1071 111 1220
111 1071 1220
1220 111 1071
706 433 1217
433 706 1217
1217 433 706
80 423 931
931 80 423
423 80 931
305 707 1092
1092 305 707
707 305 1092
474 1021 1191
1191 474 1021
1021 474 1191
