149676 35500 51008
51008 35500 149676
35500 51008 149676
141375 58589 125437
58589 125437 141375
125437 58589 141375
142635 29922 148296
148296 29922 142635
29922 142635 148296
31948 66461 87709
66461 31948 87709
87709 31948 66461
82508 24007 33149
33149 24007 82508
24007 33149 82508
144371 84969 146151
84969 144371 146151
146151 84969 144371
86595 91600 108527
91600 86595 108527
108527 86595 91600
116000 28202 66442
66442 28202 116000
28202 66442 116000
134224 89704 142014
89704 134224 142014
142014 89704 134224
91261 80640 94409
94409 80640 91261
80640 91261 94409
77822 42285 136446
42285 77822 136446
136446 42285 77822
129400 23002 35603
23002 35603 129400
35603 23002 129400
31563 4015 62880
62880 4015 31563
4015 31563 62880
74008 64887 146848
64887 74008 146848
146848 64887 74008
91625 103739 138308
138308 91625 103739
103739 91625 138308
100370 482 67374
67374 482 100370
482 67374 100370
62127 37567 118964
37567 62127 118964
118964 37567 62127
115794 129488 136188
136188 115794 129488
129488 115794 136188
33672 67173 131432
67173 33672 131432
131432 33672 67173
97140 367 21520
21520 367 97140
367 21520 97140
87538 81923 87416
87416 81923 87538
81923 87416 87538
130933 56285 119279
56285 119279 130933
119279 56285 130933
12365 47422 100650
47422 12365 100650
100650 12365 47422
92218 44848 113446
44848 92218 113446
113446 44848 92218
46499 69429 105405
69429 46499 105405
105405 46499 69429
39817 21852 69764
21852 39817 69764
69764 21852 39817
130750 10134 51757
10134 51757 130750
51757 10134 130750
129342 71730 105754
105754 71730 129342
71730 105754 129342
116760 18895 113436
18895 113436 116760
113436 18895 116760
60785 121435 142694
121435 60785 142694
142694 60785 121435
145289 77708 82832
82832 77708 145289
77708 82832 145289
17739 17961 50660
50660 17739 17961
17961 17739 50660
46588 44542 105219
44542 46588 105219
105219 44542 46588
36109 49139 131404
131404 36109 49139
49139 36109 131404
148112 2656 28687
28687 2656 148112
2656 28687 148112
132499 9546 68043
68043 9546 132499
9546 68043 132499
79381 7311 86161
86161 7311 79381
7311 79381 86161
6756 31795 123352
31795 6756 123352
123352 6756 31795
114548 84119 115966
115966 84119 114548
84119 114548 115966
45473 117130 125602
117130 45473 125602
125602 45473 117130
42443 9383 123572
9383 42443 123572
123572 9383 42443
46709 26710 64391
26710 46709 64391
64391 26710 46709
111334 35627 39570
39570 35627 111334
35627 39570 111334
110449 60075 80659
80659 60075 110449
60075 80659 110449
19585 47100 145646
47100 19585 145646
145646 19585 47100
7535 124334 142781
142781 7535 124334
124334 7535 142781
76305 4012 119181
4012 76305 119181
119181 4012 76305
9175 2603 23954
23954 2603 9175
2603 9175 23954
84317 77551 145444
145444 77551 84317
77551 84317 145444
73886 132743 147175
132743 73886 147175
147175 73886 132743
144412 35447 117139
117139 35447 144412
35447 117139 144412
37532 36793 107896
107896 36793 37532
36793 37532 107896
107770 16575 37352
16575 37352 107770
37352 16575 107770
35813 2910 82674
2910 35813 82674
82674 2910 35813
20924 8090 72356
8090 20924 72356
72356 8090 20924
115269 33081 40469
33081 40469 115269
40469 33081 115269
112917 135268 144066
144066 112917 135268
135268 112917 144066
6036 74899 95107
74899 6036 95107
95107 6036 74899
54575 5783 119985
5783 54575 119985
119985 5783 54575
98033 76588 87963
76588 87963 98033
87963 76588 98033
140695 20066 78814
78814 20066 140695
20066 78814 140695
52210 31038 77899
31038 52210 77899
77899 31038 52210
40091 3844 108777
108777 3844 40091
3844 40091 108777
147805 135683 139426
135683 139426 147805
139426 135683 147805
73127 37998 122635
122635 37998 73127
37998 73127 122635
92837 32344 110498
110498 32344 92837
32344 92837 110498
108053 10038 105051
105051 10038 108053
10038 105051 108053
96434 27456 43307
43307 27456 96434
27456 43307 96434
89639 94269 97486
97486 89639 94269
94269 89639 97486
16642 14618 26376
26376 14618 16642
14618 16642 26376
730 3210 69958
3210 730 69958
69958 730 3210
123053 94541 114360
94541 114360 123053
114360 94541 123053
34290 73573 84899
84899 34290 73573
73573 34290 84899
149847 11762 140280
140280 11762 149847
11762 140280 149847
50091 135735 140442
140442 50091 135735
135735 50091 140442
43458 94082 100398
100398 43458 94082
94082 43458 100398
129144 109085 117406
117406 109085 129144
109085 117406 129144
42534 31762 130293
31762 42534 130293
130293 31762 42534
91333 81347 103967
81347 91333 103967
103967 81347 91333
125014 140 114682
114682 140 125014
140 114682 125014
109524 11827 63127
63127 11827 109524
11827 63127 109524
43615 82199 98163
98163 43615 82199
82199 43615 98163
79033 16844 29365
16844 29365 79033
29365 16844 79033
35398 87790 148291
148291 35398 87790
87790 35398 148291
103849 114241 123394
114241 103849 123394
123394 103849 114241
9924 26817 142171
26817 9924 142171
142171 9924 26817
26388 77746 106281
106281 26388 77746
77746 26388 106281
62499 45918 133411
133411 45918 62499
45918 62499 133411
4179 48504 75467
48504 4179 75467
75467 4179 48504
20988 2593 100731
100731 2593 20988
2593 20988 100731
33953 29016 88466
29016 33953 88466
88466 29016 33953
88347 93872 101881
101881 88347 93872
93872 88347 101881
41599 57864 124962
124962 41599 57864
57864 41599 124962
127136 40086 147928
40086 127136 147928
147928 40086 127136
38387 41232 112459
112459 38387 41232
41232 38387 112459
91637 75320 91214
91214 75320 91637
75320 91214 91637
23866 110727 125397
125397 23866 110727
110727 23866 125397
35765 84288 118169
118169 35765 84288
84288 35765 118169
11908 11801 79653
11801 11908 79653
79653 11801 11908
29587 8622 16819
16819 8622 29587
8622 16819 29587
144718 69341 118124
118124 69341 144718
69341 118124 144718
42185 68508 71908
68508 42185 71908
71908 42185 68508
8279 41806 100375
100375 8279 41806
41806 8279 100375
7759 24346 73284
73284 7759 24346
24346 7759 73284
131822 30134 123406
30134 123406 131822
123406 30134 131822
84516 21050 116590
116590 21050 84516
21050 84516 116590
9280 2527 112277
112277 2527 9280
2527 9280 112277
102735 128596 139168
139168 102735 128596
128596 102735 139168
38612 88633 110200
88633 38612 110200
110200 38612 88633
44411 98293 124632
98293 44411 124632
124632 44411 98293
12113 94171 132589
94171 12113 132589
132589 12113 94171
21709 20432 143567
143567 20432 21709
20432 21709 143567
34819 38957 88720
38957 34819 88720
88720 34819 38957
103072 75895 76960
75895 76960 103072
76960 75895 103072
83045 37617 109444
37617 83045 109444
109444 37617 83045
70152 22234 57116
22234 57116 70152
57116 22234 70152
34517 102192 147876
102192 34517 147876
147876 34517 102192
116372 36918 101039
36918 101039 116372
101039 36918 116372
54346 19130 36916
36916 19130 54346
19130 36916 54346
31453 8344 96415
8344 31453 96415
96415 8344 31453
71841 39916 80815
39916 71841 80815
80815 39916 71841
51519 13663 28486
13663 28486 51519
28486 13663 51519
66070 52602 72245
52602 66070 72245
72245 52602 66070
14666 63484 109354
109354 14666 63484
63484 14666 109354
91040 6706 49938
6706 49938 91040
49938 6706 91040
24604 80860 147865
80860 24604 147865
147865 24604 80860
149592 103680 134742
103680 134742 149592
134742 103680 149592
95255 118688 123387
118688 95255 123387
123387 95255 118688
22470 38553 51897
51897 22470 38553
38553 22470 51897
78839 83519 98653
98653 78839 83519
83519 78839 98653
38276 76252 115156
76252 38276 115156
115156 38276 76252
32980 61932 105054
105054 32980 61932
61932 32980 105054
112928 36 86726
86726 36 112928
36 86726 112928
3412 90782 104907
104907 3412 90782
90782 3412 104907
14971 83659 144343
83659 14971 144343
144343 14971 83659
117240 114102 144180
114102 117240 144180
144180 114102 117240
112712 112034 112341
112341 112034 112712
112034 112341 112712
85318 84503 99726
99726 84503 85318
84503 85318 99726
29294 84033 110080
84033 29294 110080
110080 29294 84033
7758 98929 129554
98929 7758 129554
129554 7758 98929
99234 48224 87312
48224 87312 99234
87312 48224 99234
135601 16274 121229
121229 16274 135601
16274 121229 135601
79241 66006 99107
66006 79241 99107
99107 66006 79241
82140 15138 56041
15138 56041 82140
56041 15138 82140
41531 16735 29458
16735 29458 41531
29458 16735 41531
56535 36435 97417
97417 36435 56535
36435 56535 97417
52143 96731 128125
96731 52143 128125
128125 52143 96731
70349 57467 87796
87796 57467 70349
57467 70349 87796
4583 96988 103978
103978 4583 96988
96988 4583 103978
16129 20604 48515
20604 16129 48515
48515 16129 20604
141858 22846 81529
81529 22846 141858
22846 81529 141858
116062 84647 141339
141339 84647 116062
84647 116062 141339
50008 116472 143259
116472 50008 143259
143259 50008 116472
137041 123878 146371
123878 137041 146371
146371 123878 137041
89018 41782 142202
41782 89018 142202
142202 41782 89018
99005 91467 94467
94467 91467 99005
91467 94467 99005
94230 26172 41295
41295 26172 94230
26172 41295 94230
28292 44519 71673
44519 28292 71673
71673 28292 44519
33090 132342 146406
146406 33090 132342
132342 33090 146406
43913 34262 82920
34262 43913 82920
82920 34262 43913
63156 15018 42170
15018 42170 63156
42170 15018 63156
128438 57214 116717
116717 57214 128438
57214 116717 128438
59607 59746 81008
81008 59607 59746
59746 59607 81008
85712 86184 142742
86184 85712 142742
142742 85712 86184
68907 23498 149560
149560 23498 68907
23498 68907 149560
31739 29135 85404
85404 29135 31739
29135 31739 85404
69667 58164 80242
80242 58164 69667
58164 69667 80242
24674 1943 76561
1943 24674 76561
76561 1943 24674
122429 25730 124667
25730 122429 124667
124667 25730 122429
146400 41959 114841
114841 41959 146400
41959 114841 146400
10648 44198 57478
44198 10648 57478
57478 10648 44198
110580 21167 119744
119744 21167 110580
21167 110580 119744
33848 66835 115332
66835 33848 115332
115332 33848 66835
70900 69690 136266
69690 70900 136266
136266 69690 70900
125480 40728 115273
40728 115273 125480
115273 40728 125480
84597 27054 27511
27054 27511 84597
27511 27054 84597
58564 68216 92986
92986 58564 68216
68216 58564 92986
136112 37961 103143
103143 37961 136112
37961 103143 136112
96794 2439 60800
60800 2439 96794
2439 60800 96794
84295 116861 148201
116861 84295 148201
148201 84295 116861
73420 51407 148901
51407 73420 148901
148901 51407 73420
40375 11741 146345
146345 11741 40375
11741 40375 146345
118282 96603 143160
143160 96603 118282
96603 118282 143160
125638 37906 77927
77927 37906 125638
37906 77927 125638
57694 52356 120608
52356 57694 120608
120608 52356 57694
138258 49907 71262
71262 49907 138258
49907 71262 138258
41609 54146 70772
54146 41609 70772
70772 41609 54146
134329 16245 86193
86193 16245 134329
16245 86193 134329
36099 90168 132395
90168 36099 132395
132395 36099 90168
87444 75761 110422
75761 87444 110422
110422 75761 87444
33976 73407 127795
73407 33976 127795
127795 33976 73407
32749 61374 80318
80318 32749 61374
61374 32749 80318
110228 74428 108314
108314 74428 110228
74428 108314 110228
116464 29968 94508
29968 94508 116464
94508 29968 116464
138737 115906 141097
115906 138737 141097
141097 115906 138737
35228 49754 111346
49754 35228 111346
111346 35228 49754
125164 276 97010
97010 276 125164
276 97010 125164
101779 18256 148202
148202 18256 101779
18256 101779 148202
88949 74764 148414
148414 74764 88949
74764 88949 148414
132652 76862 131270
76862 131270 132652
131270 76862 132652
28624 39661 72431
39661 28624 72431
72431 28624 39661
105927 7275 92077
92077 7275 105927
7275 92077 105927
39373 7982 77036
77036 7982 39373
7982 39373 77036
56316 24107 86457
86457 24107 56316
24107 56316 86457
141514 90566 129925
129925 90566 141514
90566 129925 141514
37971 6786 138194
138194 6786 37971
6786 37971 138194
76005 73460 118544
73460 76005 118544
118544 73460 76005
81806 49947 74488
49947 74488 81806
74488 49947 81806
57746 39386 131930
131930 39386 57746
39386 57746 131930
5558 5885 38392
5885 5558 38392
38392 5558 5885
123808 26292 47371
47371 26292 123808
26292 47371 123808
146935 81259 141308
141308 81259 146935
81259 141308 146935
143578 29149 34661
34661 29149 143578
29149 34661 143578
146882 67730 142563
142563 67730 146882
67730 142563 146882
34812 87655 129288
87655 34812 129288
129288 34812 87655
4182 19615 107415
19615 4182 107415
107415 4182 19615
81274 29895 31099
29895 31099 81274
31099 29895 81274
90237 4405 32650
4405 32650 90237
32650 4405 90237
22355 121414 130481
130481 22355 121414
121414 22355 130481
111375 5264 115152
115152 5264 111375
5264 111375 115152
91669 88096 125025
88096 91669 125025
125025 88096 91669
7875 11014 69751
69751 7875 11014
11014 7875 69751
62628 89915 139316
139316 62628 89915
89915 62628 139316
49652 50590 114762
50590 49652 114762
114762 49652 50590
108805 13707 113755
13707 108805 113755
113755 13707 108805
100514 13828 28077
13828 28077 100514
28077 13828 100514
106948 26764 97157
97157 26764 106948
26764 97157 106948
81877 51695 117506
51695 81877 117506
117506 51695 81877
1868 68322 117300
68322 1868 117300
117300 1868 68322
85809 108174 139139
139139 85809 108174
108174 85809 139139
73537 116037 118284
118284 73537 116037
116037 73537 118284
84536 59665 137944
59665 84536 137944
137944 59665 84536
127645 56467 61508
56467 61508 127645
61508 56467 127645
2743 29757 88697
29757 2743 88697
88697 2743 29757
119905 74829 77705
74829 77705 119905
77705 74829 119905
106451 5528 73563
5528 73563 106451
73563 5528 106451
10011 72612 129068
129068 10011 72612
72612 10011 129068
134134 80623 111492
80623 111492 134134
111492 80623 134134
9436 40708 104000
104000 9436 40708
40708 9436 104000
123038 22119 32741
32741 22119 123038
22119 32741 123038
89809 33094 55067
55067 33094 89809
33094 55067 89809
120835 16240 130229
16240 120835 130229
130229 16240 120835
4137 31109 148488
31109 4137 148488
148488 4137 31109
32598 30790 122739
122739 30790 32598
30790 32598 122739
10583 83309 146264
83309 10583 146264
146264 10583 83309
24921 12926 65731
65731 12926 24921
12926 24921 65731
9244 51398 113123
51398 9244 113123
113123 9244 51398
137909 75172 84207
75172 84207 137909
84207 75172 137909
99013 35909 94637
94637 35909 99013
35909 94637 99013
140439 71233 104812
71233 104812 140439
104812 71233 140439
96895 12798 33109
33109 12798 96895
12798 33109 96895
9967 3494 78816
3494 9967 78816
78816 3494 9967
147606 24082 138045
138045 24082 147606
24082 138045 147606
16940 22026 122844
122844 16940 22026
22026 16940 122844
17334 59811 92722
92722 17334 59811
59811 17334 92722
96265 51841 74531
51841 74531 96265
74531 51841 96265
41055 5258 69288
69288 5258 41055
5258 41055 69288
79611 5142 25716
5142 25716 79611
25716 5142 79611
21285 5597 67602
67602 5597 21285
5597 21285 67602
89694 39232 135442
135442 39232 89694
39232 89694 135442
141103 34488 145417
145417 34488 141103
34488 141103 145417
120227 44300 149686
44300 120227 149686
149686 44300 120227
57520 6388 69488
6388 57520 69488
69488 6388 57520
94590 43634 83144
43634 83144 94590
83144 43634 94590
9265 7102 139159
139159 7102 9265
7102 9265 139159
111615 46486 65135
65135 46486 111615
46486 65135 111615
12370 6168 145919
6168 12370 145919
145919 6168 12370
82030 7550 56013
56013 7550 82030
7550 56013 82030
57148 27384 44180
27384 44180 57148
44180 27384 57148
130360 116631 117849
117849 116631 130360
116631 117849 130360
16799 18087 145180
18087 16799 145180
145180 16799 18087
12433 3154 41243
41243 3154 12433
3154 12433 41243
97537 83318 124543
83318 97537 124543
124543 83318 97537
54356 29536 127263
127263 29536 54356
29536 54356 127263
1377 14362 74092
74092 1377 14362
14362 1377 74092
30039 94377 97902
97902 30039 94377
94377 30039 97902
54850 34282 40032
34282 40032 54850
40032 34282 54850
12672 3093 37441
3093 12672 37441
37441 3093 12672
133381 82054 116392
82054 116392 133381
116392 82054 133381
54070 66012 124297
124297 54070 66012
66012 54070 124297
56276 130850 137645
137645 56276 130850
130850 56276 137645
80359 95577 141244
141244 80359 95577
95577 80359 141244
97239 58502 92905
58502 92905 97239
92905 58502 97239
146839 208 39757
208 39757 146839
39757 208 146839
46580 72166 122932
72166 46580 122932
122932 46580 72166
1172 589 60633
60633 589 1172
589 1172 60633
78159 7108 67559
7108 67559 78159
67559 7108 78159
31157 97533 104911
97533 31157 104911
104911 31157 97533
128826 14981 102319
102319 14981 128826
14981 102319 128826
86733 30825 38254
30825 38254 86733
38254 30825 86733
21881 14407 77949
77949 14407 21881
14407 21881 77949
64618 43091 117166
43091 64618 117166
117166 43091 64618
84714 7465 109553
109553 7465 84714
7465 84714 109553
108023 1548 34736
1548 34736 108023
34736 1548 108023
14076 13278 100263
100263 13278 14076
13278 14076 100263
77326 33016 131758
131758 33016 77326
33016 77326 131758
105477 9544 123430
9544 105477 123430
123430 9544 105477
120385 94899 137847
137847 94899 120385
94899 120385 137847
45042 13731 129131
13731 45042 129131
129131 13731 45042
30816 98084 134352
134352 30816 98084
98084 30816 134352
22938 86127 148797
86127 22938 148797
148797 22938 86127
14529 102765 102775
102765 14529 102775
102775 14529 102765
135779 44430 135850
135850 44430 135779
44430 135779 135850
13728 7539 79467
79467 7539 13728
7539 13728 79467
134361 22730 109650
109650 22730 134361
22730 109650 134361
96650 50299 96050
96050 50299 96650
50299 96050 96650
76297 48853 64860
48853 64860 76297
64860 48853 76297
39711 26442 134648
134648 26442 39711
26442 39711 134648
135447 58390 81947
58390 81947 135447
81947 58390 135447
70052 51235 81559
51235 70052 81559
81559 51235 70052
71629 38798 96335
96335 38798 71629
38798 71629 96335
6791 8413 30121
8413 6791 30121
30121 6791 8413
88303 103460 145165
103460 88303 145165
145165 88303 103460
144520 18340 93017
18340 93017 144520
93017 18340 144520
42620 4173 140960
140960 4173 42620
4173 42620 140960
134269 126271 142177
126271 134269 142177
142177 126271 134269
58451 22398 70098
22398 58451 70098
70098 22398 58451
111078 13013 132181
13013 111078 132181
132181 13013 111078
134092 77177 108672
108672 77177 134092
77177 108672 134092
122383 36809 143972
36809 122383 143972
143972 36809 122383
88538 91260 132867
91260 88538 132867
132867 88538 91260
112108 54054 128942
128942 54054 112108
54054 112108 128942
48205 85181 127419
85181 48205 127419
127419 48205 85181
98875 96927 148545
148545 96927 98875
96927 98875 148545
18576 111830 127469
127469 18576 111830
111830 18576 127469
107526 48418 51942
51942 48418 107526
48418 51942 107526
100245 17049 146336
17049 100245 146336
146336 17049 100245
4262 31929 80291
31929 4262 80291
80291 4262 31929
629 102547 131609
131609 629 102547
102547 629 131609
36531 50830 68218
50830 36531 68218
68218 36531 50830
18645 53423 60455
53423 18645 60455
60455 18645 53423
93191 388 136008
136008 388 93191
388 93191 136008
17356 86583 102833
102833 17356 86583
86583 17356 102833
5587 7828 105131
105131 5587 7828
7828 5587 105131
91603 2751 90735
2751 90735 91603
90735 2751 91603
56675 49334 127418
49334 56675 127418
127418 49334 56675
83783 49042 103562
49042 83783 103562
103562 49042 83783
84550 43504 75739
43504 75739 84550
75739 43504 84550
67246 129384 135005
129384 67246 135005
135005 67246 129384
103630 2761 27878
2761 27878 103630
27878 2761 103630
34444 58634 95463
58634 34444 95463
95463 34444 58634
125151 33362 125583
125583 33362 125151
33362 125151 125583
147296 49253 87212
49253 87212 147296
87212 49253 147296
67578 9289 67647
9289 67578 67647
67647 9289 67578
85803 10832 55533
55533 10832 85803
10832 55533 85803
33691 4759 79066
79066 4759 33691
4759 33691 79066
1180 78036 130200
78036 1180 130200
130200 1180 78036
139733 18171 80852
80852 18171 139733
18171 80852 139733
93678 74307 140324
140324 74307 93678
74307 93678 140324
134816 112571 118431
118431 112571 134816
112571 118431 134816
9922 8451 66369
8451 9922 66369
66369 8451 9922
142124 2204 145215
2204 142124 145215
145215 2204 142124
35594 34948 83731
34948 35594 83731
83731 34948 35594
109718 104472 115673
104472 109718 115673
115673 104472 109718
12291 110465 118086
110465 12291 118086
118086 12291 110465
72686 135679 148968
148968 72686 135679
135679 72686 148968
33513 44776 109697
109697 33513 44776
44776 33513 109697
84606 93795 143386
143386 84606 93795
93795 84606 143386
68918 72644 123862
72644 68918 123862
123862 68918 72644
23234 63524 127315
127315 23234 63524
63524 23234 127315
149396 50374 86278
50374 86278 149396
86278 50374 149396
28271 14121 80866
14121 28271 80866
80866 14121 28271
70523 36890 101809
101809 36890 70523
36890 70523 101809
3635 72351 139973
139973 3635 72351
72351 3635 139973
104147 102865 112386
112386 102865 104147
102865 104147 112386
149786 31555 135647
31555 135647 149786
135647 31555 149786
102609 18130 70009
18130 70009 102609
70009 18130 102609
83796 94577 114100
94577 83796 114100
114100 83796 94577
32476 28600 118481
28600 32476 118481
118481 28600 32476
91831 7532 82334
7532 82334 91831
82334 7532 91831
73909 89884 125881
125881 73909 89884
89884 73909 125881
68964 83221 94394
83221 68964 94394
94394 68964 83221
45783 131802 138435
138435 45783 131802
131802 45783 138435
6479 46177 74612
74612 6479 46177
46177 6479 74612
132698 40105 137914
137914 40105 132698
40105 132698 137914
82053 85955 145801
145801 82053 85955
85955 82053 145801
123677 109815 112338
109815 112338 123677
112338 109815 123677
144409 56269 140407
56269 140407 144409
140407 56269 144409
26501 7497 16576
16576 7497 26501
7497 16576 26501
121654 59780 81829
59780 81829 121654
81829 59780 121654
139482 66909 94597
94597 66909 139482
66909 94597 139482
63388 57257 60330
57257 60330 63388
60330 57257 63388
105294 35018 124337
35018 105294 124337
124337 35018 105294
38415 32048 122724
32048 38415 122724
122724 32048 38415
10249 6728 9680
9680 6728 10249
6728 9680 10249
59164 13729 79400
79400 13729 59164
13729 59164 79400
4717 91530 99608
99608 4717 91530
91530 4717 99608
92478 17192 69797
17192 69797 92478
69797 17192 92478
1169 81928 86144
81928 1169 86144
86144 1169 81928
52175 33441 37071
37071 33441 52175
33441 37071 52175
96867 56185 93037
56185 93037 96867
93037 56185 96867
35130 38108 59188
38108 35130 59188
59188 35130 38108
43495 82486 98857
98857 43495 82486
82486 43495 98857
66220 34075 45770
34075 45770 66220
45770 34075 66220
25336 19310 34927
34927 19310 25336
19310 25336 34927
11855 98896 115141
115141 11855 98896
98896 11855 115141
130729 19258 38919
38919 19258 130729
19258 38919 130729
87412 19007 20596
19007 20596 87412
20596 19007 87412
112914 39995 52236
39995 52236 112914
52236 39995 112914
92445 38464 140910
38464 92445 140910
140910 38464 92445
101383 19189 38802
19189 38802 101383
38802 19189 101383
79866 1277 48526
1277 48526 79866
48526 1277 79866
65342 71029 136634
136634 65342 71029
71029 65342 136634
35006 42131 106779
106779 35006 42131
42131 35006 106779
133505 39250 70945
70945 39250 133505
39250 70945 133505
111853 96732 126029
126029 96732 111853
96732 111853 126029
21398 25598 149738
149738 21398 25598
25598 21398 149738
96367 55695 112937
112937 55695 96367
55695 96367 112937
91538 18345 134034
18345 91538 134034
134034 18345 91538
135465 115478 133661
133661 115478 135465
115478 133661 135465
15416 29839 52856
52856 15416 29839
29839 15416 52856
106264 13597 90713
90713 13597 106264
13597 90713 106264
6216 83332 148655
148655 6216 83332
83332 6216 148655
63050 67723 99776
99776 63050 67723
67723 63050 99776
43669 23856 52006
23856 43669 52006
52006 23856 43669
128839 44384 97657
97657 44384 128839
44384 97657 128839
3561 11379 44491
44491 3561 11379
11379 3561 44491
115991 99263 108806
99263 108806 115991
108806 99263 115991
4633 61128 111161
61128 4633 111161
111161 4633 61128
114385 623 71336
71336 623 114385
623 71336 114385
111953 29625 148732
29625 111953 148732
148732 29625 111953
144218 7808 47479
7808 47479 144218
47479 7808 144218
47868 21861 68447
68447 21861 47868
21861 47868 68447
83995 58334 105586
105586 58334 83995
58334 83995 105586
122576 74519 120531
74519 120531 122576
120531 74519 122576
87699 24615 58583
24615 58583 87699
58583 24615 87699
115267 7947 22117
22117 7947 115267
7947 22117 115267
118417 17478 22534
17478 22534 118417
22534 17478 118417
113875 53892 121241
53892 113875 121241
121241 53892 113875
25385 45912 140126
140126 25385 45912
45912 25385 140126
73215 133525 141691
141691 73215 133525
133525 73215 141691
36083 13942 87321
87321 13942 36083
13942 36083 87321
35118 14149 149602
149602 14149 35118
14149 35118 149602
35612 68091 106134
106134 35612 68091
68091 35612 106134
113127 71525 116231
71525 113127 116231
116231 71525 113127
18116 90719 93788
90719 18116 93788
93788 18116 90719
137184 24349 32016
24349 32016 137184
32016 24349 137184
50867 417 129889
129889 417 50867
417 50867 129889
43226 32024 131777
131777 32024 43226
32024 43226 131777
53868 23135 39480
39480 23135 53868
23135 39480 53868
53789 26994 137022
26994 53789 137022
137022 26994 53789
50688 46474 106769
106769 46474 50688
46474 50688 106769
135852 27300 33122
27300 33122 135852
33122 27300 135852
41545 62225 105652
105652 41545 62225
62225 41545 105652
124404 45132 78858
45132 78858 124404
78858 45132 124404
49603 76101 132400
76101 49603 132400
132400 49603 76101
64264 46202 48015
46202 48015 64264
48015 46202 64264
2819 109851 137247
109851 2819 137247
137247 2819 109851
74164 146831 147079
147079 74164 146831
146831 74164 147079
61267 73469 76302
76302 61267 73469
73469 61267 76302
107437 8358 56780
56780 8358 107437
8358 56780 107437
32782 40179 105764
105764 32782 40179
40179 32782 105764
4866 106337 107606
107606 4866 106337
106337 4866 107606
22008 37954 147167
147167 22008 37954
37954 22008 147167
2683 43411 93367
43411 2683 93367
93367 2683 43411
123544 110938 127565
127565 110938 123544
110938 123544 127565
63817 83463 125751
83463 63817 125751
125751 63817 83463
145083 32105 80596
80596 32105 145083
32105 80596 145083
115220 11349 83353
83353 11349 115220
11349 83353 115220
5742 72225 78108
78108 5742 72225
72225 5742 78108
91293 13823 75821
13823 75821 91293
75821 13823 91293
2313 5925 132147
5925 2313 132147
132147 2313 5925
8574 38157 145902
145902 8574 38157
38157 8574 145902
43134 56412 140717
140717 43134 56412
56412 43134 140717
22663 105941 127610
105941 22663 127610
127610 22663 105941
74469 29911 116929
116929 29911 74469
29911 74469 116929
115011 49273 59762
59762 49273 115011
49273 59762 115011
87193 79366 87871
79366 87193 87871
87871 79366 87193
77982 68449 109368
109368 68449 77982
68449 77982 109368
21707 25955 32571
32571 21707 25955
25955 21707 32571
15298 2737 99470
99470 2737 15298
2737 15298 99470
89520 27507 145622
145622 27507 89520
27507 89520 145622
58879 33275 120429
120429 33275 58879
33275 58879 120429
66237 29124 126803
29124 66237 126803
126803 29124 66237
72550 28732 95687
28732 72550 95687
95687 28732 72550
16580 44366 137131
137131 16580 44366
44366 16580 137131
64193 54468 63789
63789 54468 64193
54468 63789 64193
61302 66583 133548
133548 61302 66583
66583 61302 133548
79679 132542 145253
145253 79679 132542
132542 79679 145253
144638 60832 99906
60832 99906 144638
99906 60832 144638
13577 50881 87615
87615 13577 50881
50881 13577 87615
145888 3343 34836
34836 3343 145888
3343 34836 145888
80253 37800 142051
37800 80253 142051
142051 37800 80253
9104 61797 139689
139689 9104 61797
61797 9104 139689
62080 86562 146097
146097 62080 86562
86562 62080 146097
73723 44736 128988
44736 73723 128988
128988 44736 73723
139918 48749 134473
48749 134473 139918
134473 48749 139918
11420 16038 93063
93063 11420 16038
16038 11420 93063
30226 58864 85673
58864 30226 85673
85673 30226 58864
62041 14182 86378
86378 14182 62041
14182 62041 86378
11313 125871 137638
125871 11313 137638
137638 11313 125871
103812 13284 147594
13284 103812 147594
147594 13284 103812
136240 56668 73444
73444 56668 136240
56668 73444 136240
28258 15764 41448
15764 28258 41448
41448 15764 28258
37987 33079 45504
33079 37987 45504
45504 33079 37987
44922 74496 87744
74496 44922 87744
87744 44922 74496
136059 8408 75150
75150 8408 136059
8408 75150 136059
57458 34318 57229
34318 57229 57458
57229 34318 57458
97136 41663 65773
41663 65773 97136
65773 41663 97136
100137 23406 50467
50467 23406 100137
23406 50467 100137
11152 96568 126128
126128 11152 96568
96568 11152 126128
95146 80026 133678
133678 80026 95146
80026 95146 133678
70193 649 67489
67489 649 70193
649 67489 70193
48822 63044 134608
134608 48822 63044
63044 48822 134608
126254 36464 139420
139420 36464 126254
36464 126254 139420
104816 89008 120031
120031 89008 104816
89008 104816 120031
122780 10205 122920
122920 10205 122780
10205 122780 122920
89094 88729 143761
88729 89094 143761
143761 88729 89094
70281 2149 66549
2149 66549 70281
66549 2149 70281
72047 69877 98932
98932 69877 72047
69877 72047 98932
102140 27493 79345
79345 27493 102140
27493 79345 102140
102407 28889 59584
28889 59584 102407
59584 28889 102407
115690 75188 110333
75188 110333 115690
110333 75188 115690
148422 3756 124293
124293 3756 148422
3756 124293 148422
64325 40642 130990
130990 40642 64325
40642 64325 130990
99690 27052 124271
124271 27052 99690
27052 99690 124271
131314 100920 139325
100920 131314 139325
139325 100920 131314
60404 29277 136573
136573 29277 60404
29277 60404 136573
74571 70146 128652
128652 70146 74571
70146 74571 128652
118415 7426 15038
7426 15038 118415
15038 7426 118415
106367 50946 112124
50946 106367 112124
112124 50946 106367
14792 113893 133741
133741 14792 113893
113893 14792 133741
91946 17982 57828
57828 17982 91946
17982 57828 91946
72490 5051 39822
5051 39822 72490
39822 5051 72490
80060 111071 126664
111071 80060 126664
126664 80060 111071
59824 24896 63799
63799 24896 59824
24896 59824 63799
127996 57209 98771
98771 57209 127996
57209 98771 127996
32261 119715 141775
119715 32261 141775
141775 32261 119715
28086 24814 108071
24814 28086 108071
108071 24814 28086
121714 95401 147413
95401 121714 147413
147413 95401 121714
109848 56201 121102
121102 56201 109848
56201 109848 121102
98431 97051 135129
135129 97051 98431
97051 98431 135129
51505 101948 133067
133067 51505 101948
101948 51505 133067
86427 68272 141572
141572 68272 86427
68272 86427 141572
1590 26372 46179
26372 1590 46179
46179 1590 26372
110458 80151 112880
80151 110458 112880
112880 80151 110458
42526 83023 118557
83023 42526 118557
118557 42526 83023
70546 105873 146601
105873 70546 146601
146601 70546 105873
3795 26536 122088
26536 3795 122088
122088 3795 26536
111440 94443 113460
113460 94443 111440
94443 111440 113460
8401 117173 123343
117173 8401 123343
123343 8401 117173
21869 57311 121209
57311 21869 121209
121209 21869 57311
44995 73855 133870
73855 44995 133870
133870 44995 73855
64455 14268 86048
14268 64455 86048
86048 14268 64455
60634 33250 63871
63871 33250 60634
33250 60634 63871
76348 61206 106585
61206 76348 106585
106585 61206 76348
14863 38035 74182
38035 14863 74182
74182 14863 38035
51377 72831 108712
108712 51377 72831
72831 51377 108712
93760 57109 59739
59739 57109 93760
57109 59739 93760
116536 85383 95579
85383 95579 116536
95579 85383 116536
53010 121416 122922
121416 53010 122922
122922 53010 121416
17950 43340 80955
43340 17950 80955
80955 17950 43340
9986 80916 125333
80916 9986 125333
125333 9986 80916
139405 26287 124701
26287 124701 139405
124701 26287 139405
56885 31916 92149
31916 56885 92149
92149 31916 56885
133993 51796 139655
51796 133993 139655
139655 51796 133993
83643 5439 110940
5439 83643 110940
110940 5439 83643
22557 50769 139987
139987 22557 50769
50769 22557 139987
19643 13163 14236
13163 14236 19643
14236 13163 19643
50526 27344 73757
73757 27344 50526
27344 50526 73757
26498 128752 137386
128752 26498 137386
137386 26498 128752
135928 87203 95249
87203 95249 135928
95249 87203 135928
122058 70151 113685
70151 113685 122058
113685 70151 122058
122227 47426 124438
124438 47426 122227
47426 122227 124438
146293 10479 111168
111168 10479 146293
10479 111168 146293
128340 11198 135934
11198 128340 135934
135934 11198 128340
9371 11990 28320
11990 9371 28320
28320 9371 11990
15544 63519 93695
93695 15544 63519
63519 15544 93695
110290 128656 146931
128656 110290 146931
146931 110290 128656
137341 71230 148756
71230 137341 148756
148756 71230 137341
48812 22499 24097
24097 22499 48812
22499 24097 48812
94596 29900 40243
29900 40243 94596
40243 29900 94596
118477 86509 100237
86509 100237 118477
100237 86509 118477
87262 90231 149139
149139 87262 90231
90231 87262 149139
54639 21490 87305
87305 21490 54639
21490 54639 87305
6432 39070 72165
39070 6432 72165
72165 6432 39070
111959 87827 92937
87827 92937 111959
92937 87827 111959
48323 7930 121325
121325 7930 48323
7930 48323 121325
17390 110847 114775
114775 17390 110847
110847 17390 114775
130986 41208 121787
41208 121787 130986
121787 41208 130986
70323 27566 127818
127818 27566 70323
27566 70323 127818
102890 31533 38403
31533 38403 102890
38403 31533 102890
145768 61547 124084
61547 124084 145768
124084 61547 145768
107622 26038 78514
78514 26038 107622
26038 78514 107622
16953 81511 149749
81511 16953 149749
149749 16953 81511
93084 104676 127111
104676 93084 127111
127111 93084 104676
123990 43086 100339
43086 100339 123990
100339 43086 123990
99966 72573 117441
72573 99966 117441
117441 72573 99966
68607 24175 67565
24175 67565 68607
67565 24175 68607
19659 45915 134396
134396 19659 45915
45915 19659 134396
3445 65305 80422
80422 3445 65305
65305 3445 80422
99249 59880 128662
59880 99249 128662
128662 59880 99249
46195 59072 82982
82982 46195 59072
59072 46195 82982
140117 12642 26970
26970 12642 140117
12642 26970 140117
115352 26489 117073
26489 115352 117073
117073 26489 115352
72378 119527 138871
119527 72378 138871
138871 72378 119527
119766 49110 51181
49110 51181 119766
51181 49110 119766
99780 90383 113473
90383 99780 113473
113473 90383 99780
126443 62092 72568
72568 62092 126443
62092 72568 126443
49223 55109 140774
55109 49223 140774
140774 49223 55109
148877 67286 78922
67286 78922 148877
78922 67286 148877
129041 17701 126714
126714 17701 129041
17701 126714 129041
79792 4625 131010
131010 4625 79792
4625 79792 131010
121671 41318 81095
81095 41318 121671
41318 81095 121671
128581 98165 122594
98165 122594 128581
122594 98165 128581
10796 35857 136874
35857 10796 136874
136874 10796 35857
114619 59089 84205
59089 84205 114619
84205 59089 114619
464 33629 143426
143426 464 33629
33629 464 143426
91526 59380 140526
59380 91526 140526
140526 59380 91526
64575 67957 120927
120927 64575 67957
67957 64575 120927
128218 107404 143315
143315 107404 128218
107404 128218 143315
30567 115903 149198
149198 30567 115903
115903 30567 149198
143348 47413 107744
47413 107744 143348
107744 47413 143348
93129 18035 58176
58176 18035 93129
18035 58176 93129
123192 48577 100120
48577 100120 123192
100120 48577 123192
75544 21163 145181
145181 21163 75544
21163 75544 145181
140737 120711 137499
120711 137499 140737
137499 120711 140737
95103 68850 131641
68850 95103 131641
131641 68850 95103
149661 87872 101000
101000 87872 149661
87872 101000 149661
73782 68177 130984
130984 68177 73782
68177 73782 130984
33940 55948 109568
55948 33940 109568
109568 33940 55948
137853 101014 147520
101014 137853 147520
147520 101014 137853
87714 112785 149842
112785 87714 149842
149842 87714 112785
132827 77562 79582
77562 79582 132827
79582 77562 132827
144809 95801 133233
133233 95801 144809
95801 133233 144809
7860 34884 133026
34884 7860 133026
133026 7860 34884
112146 76336 138425
138425 76336 112146
76336 112146 138425
108153 83345 90956
83345 90956 108153
90956 83345 108153
88271 122612 135345
135345 88271 122612
122612 88271 135345
40046 24579 110692
110692 24579 40046
24579 40046 110692
93494 22020 62203
22020 62203 93494
62203 22020 93494
71024 37503 62606
62606 37503 71024
37503 62606 71024
108387 10400 115580
115580 10400 108387
10400 108387 115580
60993 48325 147491
147491 48325 60993
48325 60993 147491
133238 67997 116638
116638 67997 133238
67997 116638 133238
42662 126862 127870
126862 42662 127870
127870 42662 126862
138372 63353 145911
145911 63353 138372
63353 138372 145911
140447 10356 19772
10356 19772 140447
19772 10356 140447
96048 37787 121743
121743 37787 96048
37787 96048 121743
25123 44006 63771
44006 25123 63771
63771 25123 44006
133938 3104 14284
3104 14284 133938
14284 3104 133938
149061 8819 95031
95031 8819 149061
8819 95031 149061
58151 24601 68254
68254 24601 58151
24601 58151 68254
137027 61909 91832
61909 91832 137027
91832 61909 137027
62966 51370 88726
88726 51370 62966
51370 62966 88726
79195 42361 86525
86525 42361 79195
42361 79195 86525
41296 56195 135876
135876 41296 56195
56195 41296 135876
15039 59674 88898
88898 15039 59674
59674 15039 88898
5102 17351 37722
17351 5102 37722
37722 5102 17351
75832 86998 112134
112134 75832 86998
86998 75832 112134
133337 85591 140416
140416 85591 133337
85591 133337 140416
128410 37046 111391
111391 37046 128410
37046 111391 128410
140395 45862 123043
123043 45862 140395
45862 123043 140395
134103 14167 30204
14167 30204 134103
30204 14167 134103
16997 20533 26189
20533 16997 26189
26189 16997 20533
22592 7854 45449
7854 22592 45449
45449 7854 22592
10861 65137 72942
65137 10861 72942
72942 10861 65137
105728 74073 135667
74073 105728 135667
135667 74073 105728
138436 20376 73268
73268 20376 138436
20376 73268 138436
38785 95548 128887
95548 38785 128887
128887 38785 95548
97085 72800 131084
131084 72800 97085
72800 97085 131084
48947 3682 57493
57493 3682 48947
3682 48947 57493
141608 79825 113575
113575 79825 141608
79825 113575 141608
4248 108374 121682
108374 4248 121682
121682 4248 108374
137194 91084 115900
91084 115900 137194
115900 91084 137194
30859 7359 48716
7359 30859 48716
48716 7359 30859
38359 12154 142960
142960 12154 38359
12154 38359 142960
70593 74065 117607
117607 70593 74065
74065 70593 117607
111096 3380 129231
129231 3380 111096
3380 111096 129231
7803 5895 65083
65083 5895 7803
5895 7803 65083
133164 85763 121457
121457 85763 133164
85763 121457 133164
53850 101275 126208
126208 53850 101275
101275 53850 126208
874 18682 94722
94722 874 18682
18682 874 94722
28400 106251 119000
106251 28400 119000
119000 28400 106251
88275 59897 138833
59897 88275 138833
138833 59897 88275
120095 53600 134451
53600 120095 134451
134451 53600 120095
130993 57792 107062
57792 107062 130993
107062 57792 130993
19871 38559 100291
100291 19871 38559
38559 19871 100291
40869 64053 144081
64053 40869 144081
144081 40869 64053
146746 27516 60684
27516 60684 146746
60684 27516 146746
24798 30620 93080
30620 24798 93080
93080 24798 30620
8706 22288 118020
118020 8706 22288
22288 8706 118020
16115 39144 131254
131254 16115 39144
39144 16115 131254
19143 41038 67463
67463 19143 41038
41038 19143 67463
51684 21913 58768
21913 51684 58768
58768 21913 51684
3991 86516 147116
147116 3991 86516
86516 3991 147116
114564 31346 129143
31346 114564 129143
129143 31346 114564
81895 56289 121579
56289 81895 121579
121579 56289 81895
102915 24910 126053
126053 24910 102915
24910 102915 126053
129375 137952 139282
137952 129375 139282
139282 129375 137952
369 120443 145197
145197 369 120443
120443 369 145197
30474 133721 137801
137801 30474 133721
133721 30474 137801
35136 63026 93744
63026 35136 93744
93744 35136 63026
67857 52542 93279
52542 67857 93279
93279 52542 67857
28644 32586 104694
104694 28644 32586
32586 28644 104694
54868 75757 141574
141574 54868 75757
75757 54868 141574
99651 50690 113515
113515 50690 99651
50690 99651 113515
137337 34099 68403
68403 34099 137337
34099 68403 137337
97003 21643 31294
21643 31294 97003
31294 21643 97003
52037 15359 76533
76533 15359 52037
15359 52037 76533
4052 69126 104051
69126 4052 104051
104051 4052 69126
61807 71628 100367
100367 61807 71628
71628 61807 100367
130866 2168 120759
120759 2168 130866
2168 120759 130866
23531 54709 115606
54709 23531 115606
115606 23531 54709
101455 38510 51095
51095 38510 101455
38510 51095 101455
103294 94977 111026
94977 103294 111026
111026 94977 103294
114550 38985 115311
38985 114550 115311
115311 38985 114550
99719 24103 52350
24103 52350 99719
52350 24103 99719
134184 12022 136583
12022 134184 136583
136583 12022 134184
122694 19451 144080
19451 122694 144080
144080 19451 122694
