61239 23903 118927
23903 61239 118927
118927 23903 61239
91460 90937 127393
90937 91460 127393
127393 90937 91460
82390 121426 144771
121426 82390 144771
144771 82390 121426
126380 38740 69976
69976 38740 126380
38740 69976 126380
138185 15933 92237
15933 92237 138185
92237 15933 138185
3355 62772 84642
84642 3355 62772
62772 3355 84642
78109 41640 111397
41640 78109 111397
111397 41640 78109
79429 66108 83585
66108 79429 83585
83585 66108 79429
64330 49625 51487
51487 49625 64330
49625 51487 64330
97145 27826 29016
29016 27826 97145
27826 29016 97145
40782 73119 97685
97685 40782 73119
73119 40782 97685
84629 39135 60065
60065 39135 84629
39135 60065 84629
52508 64562 108938
64562 52508 108938
108938 52508 64562
97388 19033 66565
66565 19033 97388
19033 66565 97388
39015 772 131677
772 39015 131677
131677 772 39015
137670 18454 21065
21065 18454 137670
18454 21065 137670
90085 26354 62353
26354 62353 90085
62353 26354 90085
72186 95425 113680
113680 72186 95425
95425 72186 113680
107805 83003 111957
111957 83003 107805
83003 107805 111957
29080 18639 87550
18639 29080 87550
87550 18639 29080
27128 99221 117089
99221 27128 117089
117089 27128 99221
102634 54746 80130
54746 80130 102634
80130 54746 102634
112899 71404 93874
71404 93874 112899
93874 71404 112899
17443 129843 140678
129843 17443 140678
140678 17443 129843
97326 29895 129454
129454 29895 97326
29895 97326 129454
4204 4354 71698
71698 4204 4354
4354 4204 71698
58599 87262 120833
120833 58599 87262
87262 58599 120833
111699 64610 124410
64610 111699 124410
124410 64610 111699
22975 103238 125539
103238 22975 125539
125539 22975 103238
37790 56329 131710
56329 37790 131710
131710 37790 56329
22088 1002 17320
17320 1002 22088
1002 17320 22088
143411 48494 143591
143591 48494 143411
48494 143411 143591
123660 43049 92629
92629 43049 123660
43049 92629 123660
11149 52202 136105
136105 11149 52202
52202 11149 136105
76214 6473 99578
6473 76214 99578
99578 6473 76214
86154 3443 139846
3443 86154 139846
139846 3443 86154
99351 52168 131405
52168 99351 131405
131405 52168 99351
47604 119777 127612
119777 47604 127612
127612 47604 119777
90679 132276 142015
132276 90679 142015
142015 90679 132276
41969 14863 64073
64073 14863 41969
14863 41969 64073
38655 4168 72869
72869 4168 38655
4168 38655 72869
41647 9824 124167
9824 41647 124167
124167 9824 41647
8769 18438 42890
18438 8769 42890
42890 8769 18438
71425 123023 143332
143332 71425 123023
123023 71425 143332
45376 6282 143802
6282 45376 143802
143802 6282 45376
50496 1595 57169
57169 1595 50496
1595 50496 57169
73414 18239 39055
18239 39055 73414
39055 18239 73414
104487 48430 116761
48430 104487 116761
116761 48430 104487
94530 14903 73087
73087 14903 94530
14903 73087 94530
136160 100678 102420
100678 102420 136160
102420 100678 136160
24479 111858 127434
111858 24479 127434
127434 24479 111858
147455 79778 129189
129189 79778 147455
79778 129189 147455
124550 53665 118805
53665 118805 124550
118805 53665 124550
6151 21516 70164
70164 6151 21516
21516 6151 70164
6707 31246 68030
31246 6707 68030
68030 6707 31246
57818 83215 112975
83215 57818 112975
112975 57818 83215
77035 50722 113182
113182 50722 77035
50722 77035 113182
70528 89262 125602
89262 70528 125602
125602 70528 89262
47942 13339 114340
13339 47942 114340
114340 13339 47942
7977 57972 106410
106410 7977 57972
57972 7977 106410
73217 74011 97299
97299 73217 74011
74011 73217 97299
129891 65139 81777
81777 65139 129891
65139 81777 129891
46693 82995 128046
128046 46693 82995
82995 46693 128046
63717 23506 130732
23506 63717 130732
130732 23506 63717
93266 38192 82268
38192 82268 93266
82268 38192 93266
64061 100876 145837
145837 64061 100876
100876 64061 145837
123116 7531 13894
13894 7531 123116
7531 13894 123116
35763 92783 110771
110771 35763 92783
92783 35763 110771
72592 111264 117345
117345 72592 111264
111264 72592 117345
102906 94805 101269
94805 101269 102906
101269 94805 102906
133154 41383 50584
41383 50584 133154
50584 41383 133154
144049 47433 69758
69758 47433 144049
47433 69758 144049
128325 9527 67303
67303 9527 128325
9527 67303 128325
122053 32974 56658
32974 56658 122053
56658 32974 122053
105085 39137 44586
39137 44586 105085
44586 39137 105085
95490 25848 143540
143540 25848 95490
25848 95490 143540
3617 4224 66696
4224 3617 66696
66696 3617 4224
24154 25375 93272
93272 24154 25375
25375 24154 93272
56859 21034 141467
141467 21034 56859
21034 56859 141467
93286 33506 88460
88460 33506 93286
33506 88460 93286
34676 66530 129077
129077 34676 66530
66530 34676 129077
34270 43286 145818
43286 34270 145818
145818 34270 43286
37261 40697 137598
40697 37261 137598
137598 37261 40697
95640 51205 106650
51205 95640 106650
106650 51205 95640
101450 87984 118294
118294 87984 101450
87984 101450 118294
119865 85244 136595
136595 85244 119865
85244 119865 136595
114860 54704 128440
54704 114860 128440
128440 54704 114860
70779 87087 130592
87087 70779 130592
130592 70779 87087
21321 11153 93525
93525 11153 21321
11153 21321 93525
65636 14999 118397
14999 65636 118397
118397 14999 65636
126013 11038 66608
11038 66608 126013
66608 11038 126013
87604 114580 145809
145809 87604 114580
114580 87604 145809
87777 103149 125193
125193 87777 103149
103149 87777 125193
263 23936 101806
101806 263 23936
23936 263 101806
101469 40501 129151
129151 40501 101469
40501 101469 129151
91030 9984 51105
51105 9984 91030
9984 51105 91030
91919 21702 96048
96048 21702 91919
21702 91919 96048
114118 7427 24507
24507 7427 114118
7427 24507 114118
64840 110280 113593
113593 64840 110280
110280 64840 113593
13833 17383 29627
17383 13833 29627
29627 13833 17383
12419 78392 139202
139202 12419 78392
78392 12419 139202
112732 32317 147486
32317 112732 147486
147486 32317 112732
9775 66087 144191
144191 9775 66087
66087 9775 144191
136514 23544 132949
132949 23544 136514
23544 132949 136514
62871 26974 48154
26974 48154 62871
48154 26974 62871
27939 11496 110716
11496 27939 110716
110716 11496 27939
74783 42558 69657
69657 42558 74783
42558 69657 74783
140981 14422 90811
90811 14422 140981
14422 90811 140981
119984 91867 95196
91867 95196 119984
95196 91867 119984
35000 46298 70254
46298 35000 70254
70254 35000 46298
77874 10566 101607
101607 10566 77874
10566 77874 101607
28967 101101 122268
122268 28967 101101
101101 28967 122268
109062 100933 137404
137404 100933 109062
100933 109062 137404
99211 39456 42105
42105 39456 99211
39456 42105 99211
148871 64814 79608
79608 64814 148871
64814 79608 148871
42120 35417 90221
35417 42120 90221
90221 35417 42120
60012 25548 78986
78986 25548 60012
25548 60012 78986
12794 122449 123037
122449 12794 123037
123037 12794 122449
33101 18494 125300
18494 33101 125300
125300 18494 33101
94140 100712 118048
100712 94140 118048
118048 94140 100712
26506 5858 62843
5858 26506 62843
62843 5858 26506
100512 18409 109161
18409 100512 109161
109161 18409 100512
42075 36733 47777
36733 42075 47777
47777 36733 42075
15907 107801 145918
107801 15907 145918
145918 15907 107801
149842 64569 105293
64569 105293 149842
105293 64569 149842
92985 48792 62561
48792 62561 92985
62561 48792 92985
81572 69388 145708
145708 69388 81572
69388 81572 145708
17170 94567 118287
118287 17170 94567
94567 17170 118287
100855 26043 114520
114520 26043 100855
26043 100855 114520
61951 61375 105462
105462 61375 61951
61375 61951 105462
5852 57908 146433
57908 5852 146433
146433 5852 57908
74299 14793 43822
43822 14793 74299
14793 43822 74299
5413 70704 148903
70704 5413 148903
148903 5413 70704
71488 5011 97048
5011 71488 97048
97048 5011 71488
80341 27156 56490
56490 27156 80341
27156 56490 80341
96123 30788 116914
116914 30788 96123
30788 96123 116914
6298 74750 99719
99719 6298 74750
74750 6298 99719
30193 57300 111093
111093 30193 57300
57300 30193 111093
146635 113652 139338
113652 139338 146635
139338 113652 146635
24282 9589 75341
75341 9589 24282
9589 24282 75341
100915 65773 96530
65773 96530 100915
96530 65773 100915
823 14535 94009
14535 823 94009
94009 823 14535
145140 32798 49170
32798 49170 145140
49170 32798 145140
52894 6124 139847
6124 52894 139847
139847 6124 52894
98996 80085 110861
80085 98996 110861
110861 80085 98996
127416 75828 127142
75828 127142 127416
127142 75828 127416
76364 37794 134817
37794 76364 134817
134817 37794 76364
96977 8961 87114
8961 87114 96977
87114 8961 96977
70736 21974 48262
21974 48262 70736
48262 21974 70736
137422 39169 43068
39169 43068 137422
43068 39169 137422
132363 73252 98074
73252 98074 132363
98074 73252 132363
136334 22401 54161
22401 54161 136334
54161 22401 136334
96852 110086 133992
110086 96852 133992
133992 96852 110086
146379 86938 148833
148833 86938 146379
86938 146379 148833
47553 87147 130164
130164 47553 87147
87147 47553 130164
118918 13843 149594
13843 118918 149594
149594 13843 118918
140030 84769 125205
125205 84769 140030
84769 125205 140030
104636 9938 42135
42135 9938 104636
9938 42135 104636
98403 10359 103934
103934 10359 98403
10359 98403 103934
48640 52575 115416
52575 48640 115416
115416 48640 52575
8708 45204 148213
45204 8708 148213
148213 8708 45204
42857 16977 50218
50218 16977 42857
16977 42857 50218
82985 13802 26951
26951 13802 82985
13802 26951 82985
51588 4601 145061
4601 51588 145061
145061 4601 51588
92257 42884 105048
42884 92257 105048
105048 42884 92257
45223 67595 74319
74319 45223 67595
67595 45223 74319
9252 52570 112127
112127 9252 52570
52570 9252 112127
28045 3378 89797
3378 28045 89797
89797 3378 28045
136088 88395 118458
118458 88395 136088
88395 118458 136088
20391 15096 43840
43840 15096 20391
15096 20391 43840
127158 67905 69676
67905 69676 127158
69676 67905 127158
57939 81980 118431
81980 57939 118431
118431 57939 81980
101570 63058 74313
74313 63058 101570
63058 74313 101570
112194 108140 138514
108140 112194 138514
138514 108140 112194
101840 13308 143103
13308 101840 143103
143103 13308 101840
127530 30440 36279
30440 36279 127530
36279 30440 127530
112319 55926 96746
55926 96746 112319
96746 55926 112319
78997 89883 138386
89883 78997 138386
138386 78997 89883
17038 55325 123774
123774 17038 55325
55325 17038 123774
18530 33009 134533
33009 18530 134533
134533 18530 33009
81478 69742 143190
69742 81478 143190
143190 69742 81478
69851 9054 37174
37174 9054 69851
9054 37174 69851
35313 73084 138722
138722 35313 73084
73084 35313 138722
81445 31409 68939
68939 31409 81445
31409 68939 81445
143977 30716 108046
30716 108046 143977
108046 30716 143977
75036 33287 38840
33287 38840 75036
38840 33287 75036
68879 7992 84010
7992 68879 84010
84010 7992 68879
106759 4285 14297
14297 4285 106759
4285 14297 106759
31532 30346 129378
30346 31532 129378
129378 30346 31532
17801 6219 72744
6219 17801 72744
72744 6219 17801
31686 54967 141689
141689 31686 54967
54967 31686 141689
67036 84080 127453
127453 67036 84080
84080 67036 127453
57494 34135 35903
34135 35903 57494
35903 34135 57494
148403 36572 57502
36572 57502 148403
57502 36572 148403
145188 42046 98932
98932 42046 145188
42046 98932 145188
52509 15603 17266
15603 17266 52509
17266 15603 52509
128360 104731 149749
104731 128360 149749
149749 104731 128360
93396 75605 116577
116577 75605 93396
75605 93396 116577
20856 15988 86364
15988 20856 86364
86364 15988 20856
74906 70306 140521
140521 70306 74906
70306 74906 140521
38940 69041 99567
99567 38940 69041
69041 38940 99567
96869 23918 60913
60913 23918 96869
23918 60913 96869
124957 102177 135330
135330 102177 124957
102177 124957 135330
109093 3207 95578
95578 3207 109093
3207 95578 109093
72814 34121 77242
34121 72814 77242
77242 34121 72814
119677 16246 94806
94806 16246 119677
16246 94806 119677
104027 14523 84618
84618 14523 104027
14523 84618 104027
87318 73686 102845
102845 73686 87318
73686 87318 102845
100209 49368 56921
49368 56921 100209
56921 49368 100209
102130 92696 142921
92696 102130 142921
142921 92696 102130
71286 90365 106049
106049 71286 90365
90365 71286 106049
31881 42582 89713
42582 31881 89713
89713 31881 42582
1012 9034 106065
106065 1012 9034
9034 1012 106065
17382 47409 53902
47409 17382 53902
53902 17382 47409
110119 26788 122590
122590 26788 110119
26788 110119 122590
110897 84679 140579
84679 110897 140579
140579 84679 110897
86096 4807 27741
4807 27741 86096
27741 4807 86096
147561 95619 132843
132843 95619 147561
95619 132843 147561
68376 116233 134075
116233 68376 134075
134075 68376 116233
114503 2434 53001
2434 53001 114503
53001 2434 114503
49940 64253 109505
109505 49940 64253
64253 49940 109505
132434 3340 145828
3340 132434 145828
145828 3340 132434
13791 19938 128617
128617 13791 19938
19938 13791 128617
83526 67447 130277
130277 67447 83526
67447 83526 130277
39956 70102 149392
70102 39956 149392
149392 39956 70102
10075 92460 135966
92460 10075 135966
135966 10075 92460
105074 737 66718
66718 737 105074
737 66718 105074
60883 84035 104656
104656 60883 84035
84035 60883 104656
127707 83428 95617
95617 83428 127707
83428 95617 127707
121635 12979 144430
12979 121635 144430
144430 12979 121635
9146 54344 65395
65395 9146 54344
54344 9146 65395
71474 9993 109655
9993 71474 109655
109655 9993 71474
63881 1652 143110
143110 1652 63881
1652 63881 143110
56954 74723 96235
74723 56954 96235
96235 56954 74723
110951 82511 87841
82511 87841 110951
87841 82511 110951
128965 43258 144540
43258 128965 144540
144540 43258 128965
81534 109924 146183
109924 81534 146183
146183 81534 109924
110610 1355 72668
72668 1355 110610
1355 72668 110610
42405 38228 85805
38228 42405 85805
85805 38228 42405
13486 106626 136840
136840 13486 106626
106626 13486 136840
95825 123067 144199
123067 95825 144199
144199 95825 123067
34832 97352 113840
97352 34832 113840
113840 34832 97352
125342 2389 48158
2389 48158 125342
48158 2389 125342
146709 58095 100283
100283 58095 146709
58095 100283 146709
79727 62700 77413
62700 77413 79727
77413 62700 79727
35812 83095 91660
91660 35812 83095
83095 35812 91660
4036 23297 118037
118037 4036 23297
23297 4036 118037
17832 83895 90437
83895 17832 90437
90437 17832 83895
766 21091 39489
21091 766 39489
39489 766 21091
96639 85416 100275
100275 85416 96639
85416 96639 100275
78144 111189 131284
111189 78144 131284
131284 78144 111189
142046 7441 13273
13273 7441 142046
7441 13273 142046
85614 10307 79327
10307 79327 85614
79327 10307 85614
43958 47809 86750
86750 43958 47809
47809 43958 86750
68891 62334 96493
62334 68891 96493
96493 62334 68891
105078 39734 126970
126970 39734 105078
39734 105078 126970
53822 14201 73460
73460 14201 53822
14201 53822 73460
97910 19741 115182
19741 97910 115182
115182 19741 97910
72144 56418 99181
56418 72144 99181
99181 56418 72144
146982 119296 149343
149343 119296 146982
119296 146982 149343
78149 58118 66985
58118 66985 78149
66985 58118 78149
69611 32421 46318
46318 32421 69611
32421 46318 69611
21310 70262 130878
130878 21310 70262
70262 21310 130878
67158 11594 68619
68619 11594 67158
11594 67158 68619
140816 86391 126954
86391 126954 140816
126954 86391 140816
97864 101609 130224
130224 97864 101609
101609 97864 130224
108601 43561 95499
95499 43561 108601
43561 95499 108601
43491 19809 124746
19809 43491 124746
124746 19809 43491
108749 36654 86350
36654 86350 108749
86350 36654 108749
88500 67933 144409
144409 67933 88500
67933 88500 144409
143648 108855 144289
144289 108855 143648
108855 143648 144289
79127 17829 122261
17829 79127 122261
122261 17829 79127
20918 22556 119769
119769 20918 22556
22556 20918 119769
105610 95219 105351
95219 105351 105610
105351 95219 105610
63461 2813 104497
104497 2813 63461
2813 63461 104497
70023 142661 143738
143738 70023 142661
142661 70023 143738
124507 103135 143189
103135 124507 143189
143189 103135 124507
85166 42396 136211
136211 42396 85166
42396 85166 136211
91104 50219 95384
50219 91104 95384
95384 50219 91104
74811 20947 67342
67342 20947 74811
20947 67342 74811
78577 10287 143198
10287 78577 143198
143198 10287 78577
106636 132119 149777
149777 106636 132119
132119 106636 149777
139305 2678 144857
2678 139305 144857
144857 2678 139305
96834 41363 129675
41363 96834 129675
129675 41363 96834
435 94342 134771
134771 435 94342
94342 435 134771
117696 110279 131170
110279 117696 131170
131170 110279 117696
104915 54298 108341
54298 104915 108341
108341 54298 104915
55134 34266 93630
34266 55134 93630
93630 34266 55134
135568 10769 119497
119497 10769 135568
10769 119497 135568
102950 114113 147865
147865 102950 114113
114113 102950 147865
149859 70997 89863
89863 70997 149859
70997 89863 149859
49354 21805 70489
21805 49354 70489
70489 21805 49354
131358 53448 84299
84299 53448 131358
53448 84299 131358
33317 4308 58043
4308 33317 58043
58043 4308 33317
33833 74553 147448
74553 33833 147448
147448 33833 74553
11392 4840 109964
109964 4840 11392
4840 11392 109964
37939 79365 86923
79365 37939 86923
86923 37939 79365
26524 30393 47760
47760 26524 30393
30393 26524 47760
42919 68308 105382
68308 42919 105382
105382 42919 68308
65741 3543 63739
3543 63739 65741
63739 3543 65741
112774 25335 93685
93685 25335 112774
25335 93685 112774
46579 50845 81496
50845 46579 81496
81496 46579 50845
33023 77472 145101
77472 33023 145101
145101 33023 77472
32181 6582 136481
6582 32181 136481
136481 6582 32181
109013 62730 143258
62730 109013 143258
143258 62730 109013
105090 12232 75551
12232 75551 105090
75551 12232 105090
80517 77284 78900
78900 77284 80517
77284 78900 80517
35920 96904 147408
96904 35920 147408
147408 35920 96904
42234 31371 31996
31371 31996 42234
31996 31371 42234
91124 38347 121093
121093 38347 91124
38347 91124 121093
46625 49813 95489
49813 46625 95489
95489 46625 49813
104298 53364 58392
53364 58392 104298
58392 53364 104298
13564 4167 73242
4167 13564 73242
73242 4167 13564
139399 27012 128092
27012 128092 139399
128092 27012 139399
38522 68598 98193
68598 38522 98193
98193 38522 68598
118175 124238 126501
126501 118175 124238
124238 118175 126501
62449 89400 94201
89400 62449 94201
94201 62449 89400
96266 84828 113335
84828 96266 113335
113335 84828 96266
7677 50564 133605
133605 7677 50564
50564 7677 133605
76350 37160 109294
37160 76350 109294
109294 37160 76350
30447 52513 133584
133584 30447 52513
52513 30447 133584
103716 90193 106456
90193 103716 106456
106456 90193 103716
111741 111840 143611
143611 111741 111840
111840 111741 143611
28143 51051 125626
125626 28143 51051
51051 28143 125626
45425 75302 142566
142566 45425 75302
75302 45425 142566
80642 18830 38987
38987 18830 80642
18830 38987 80642
121524 100867 127317
100867 121524 127317
127317 100867 121524
81907 38925 49700
49700 38925 81907
38925 49700 81907
80998 18150 53585
18150 53585 80998
53585 18150 80998
27731 3962 104036
3962 27731 104036
104036 3962 27731
72806 125266 139112
125266 72806 139112
139112 72806 125266
135441 46575 89370
46575 89370 135441
89370 46575 135441
94672 34839 113504
34839 94672 113504
113504 34839 94672
46012 57899 105339
57899 46012 105339
105339 46012 57899
86655 23160 56352
56352 23160 86655
23160 56352 86655
49635 111259 136815
136815 49635 111259
111259 49635 136815
54205 45863 52787
52787 45863 54205
45863 52787 54205
116508 62737 63030
62737 63030 116508
63030 62737 116508
147659 29180 48701
48701 29180 147659
29180 48701 147659
143907 43860 128958
43860 128958 143907
128958 43860 143907
62042 4008 25720
25720 4008 62042
4008 25720 62042
18085 47457 82327
82327 18085 47457
47457 18085 82327
118375 131654 144017
131654 118375 144017
144017 118375 131654
124350 16474 64099
16474 64099 124350
64099 16474 124350
126405 45059 90058
45059 90058 126405
90058 45059 126405
46116 77795 89741
77795 46116 89741
89741 46116 77795
37954 23604 117187
23604 37954 117187
117187 23604 37954
148769 88593 126684
88593 126684 148769
126684 88593 148769
32459 20784 111155
111155 20784 32459
20784 32459 111155
53594 5855 36061
36061 5855 53594
5855 36061 53594
95393 20867 111018
20867 95393 111018
111018 20867 95393
29322 28190 87594
87594 28190 29322
28190 29322 87594
130024 9572 106363
106363 9572 130024
9572 106363 130024
108129 130677 133065
133065 108129 130677
130677 108129 133065
84306 67480 131695
67480 84306 131695
131695 67480 84306
111769 54186 95695
54186 95695 111769
95695 54186 111769
61588 61082 138984
138984 61082 61588
61082 61588 138984
119472 28782 71034
28782 71034 119472
71034 28782 119472
39707 101080 148823
148823 39707 101080
101080 39707 148823
133758 4263 102234
4263 102234 133758
102234 4263 133758
1394 10887 39628
10887 1394 39628
39628 1394 10887
37780 103009 131825
131825 37780 103009
103009 37780 131825
27547 262 41545
41545 262 27547
262 27547 41545
16974 15509 121840
121840 15509 16974
15509 16974 121840
77871 5085 49682
5085 49682 77871
49682 5085 77871
35270 81955 96217
96217 35270 81955
81955 35270 96217
18693 111265 122787
122787 18693 111265
111265 18693 122787
60394 100905 124783
124783 60394 100905
100905 60394 124783
44630 132604 143184
132604 44630 143184
143184 44630 132604
7303 125883 126006
125883 7303 126006
126006 7303 125883
78672 14520 148729
148729 14520 78672
14520 78672 148729
50869 11396 111754
111754 11396 50869
11396 50869 111754
40146 9870 17615
17615 9870 40146
9870 17615 40146
130385 67634 128147
67634 128147 130385
128147 67634 130385
45505 107441 139315
107441 45505 139315
139315 45505 107441
126815 30014 104745
104745 30014 126815
30014 104745 126815
103972 89249 94848
94848 89249 103972
89249 94848 103972
44985 4203 97707
4203 44985 97707
97707 4203 44985
40287 5127 140288
140288 5127 40287
5127 40287 140288
32816 76745 119740
119740 32816 76745
76745 32816 119740
104681 144 141906
144 104681 141906
141906 144 104681
67528 11702 85095
85095 11702 67528
11702 67528 85095
27080 31840 73861
73861 27080 31840
31840 27080 73861
12565 6783 65464
6783 12565 65464
65464 6783 12565
82592 117972 137300
117972 82592 137300
137300 82592 117972
41923 86179 130261
130261 41923 86179
86179 41923 130261
149731 24467 57414
57414 24467 149731
24467 57414 149731
1861 26730 101011
101011 1861 26730
26730 1861 101011
24187 91464 98055
98055 24187 91464
91464 24187 98055
87878 7563 28922
7563 28922 87878
28922 7563 87878
38951 134255 142608
142608 38951 134255
134255 38951 142608
44024 3579 101930
101930 3579 44024
3579 44024 101930
13893 90061 122791
90061 13893 122791
122791 13893 90061
24310 20746 36240
36240 20746 24310
20746 24310 36240
66536 59192 107787
59192 66536 107787
107787 59192 66536
77134 86044 94954
86044 77134 94954
94954 77134 86044
93083 22930 102061
102061 22930 93083
22930 93083 102061
576 81447 123624
123624 576 81447
81447 576 123624
49706 51317 140391
140391 49706 51317
51317 49706 140391
80569 78757 79087
79087 78757 80569
78757 79087 80569
50594 36769 75677
75677 36769 50594
36769 50594 75677
47203 19895 30950
30950 19895 47203
19895 30950 47203
107948 63628 119530
119530 63628 107948
63628 107948 119530
56053 108480 109847
108480 56053 109847
109847 56053 108480
38883 62873 78907
62873 38883 78907
78907 38883 62873
146136 18440 87976
87976 18440 146136
18440 87976 146136
93188 55076 83811
55076 83811 93188
83811 55076 93188
48272 131136 134490
131136 48272 134490
134490 48272 131136
113850 130954 147047
147047 113850 130954
130954 113850 147047
124945 64709 145743
64709 124945 145743
145743 64709 124945
122917 17624 113860
17624 113860 122917
113860 17624 122917
1006 16024 32391
16024 1006 32391
32391 1006 16024
55457 18563 104565
104565 18563 55457
18563 55457 104565
36631 4578 22037
4578 22037 36631
22037 4578 36631
80364 5594 84764
5594 80364 84764
84764 5594 80364
97950 75547 82208
75547 82208 97950
82208 75547 97950
122495 40892 42356
40892 42356 122495
42356 40892 122495
65198 38654 137265
38654 65198 137265
137265 38654 65198
68139 16340 17878
16340 17878 68139
17878 16340 68139
31401 2593 90342
90342 2593 31401
2593 31401 90342
4129 61538 94092
94092 4129 61538
61538 4129 94092
107493 50835 126593
126593 50835 107493
50835 107493 126593
2 19856 93932
19856 2 93932
93932 2 19856
19536 94727 115442
115442 19536 94727
94727 19536 115442
41064 31679 66294
31679 41064 66294
66294 31679 41064
146552 81191 129087
81191 129087 146552
129087 81191 146552
1293 105407 122068
122068 1293 105407
105407 1293 122068
73333 7883 53240
53240 7883 73333
7883 53240 73333
129896 104164 142850
104164 129896 142850
142850 104164 129896
7018 4300 70597
4300 7018 70597
70597 4300 7018
58126 108710 138929
138929 58126 108710
108710 58126 138929
130910 95601 131524
131524 95601 130910
95601 130910 131524
112081 55586 80908
80908 55586 112081
55586 80908 112081
34572 13025 49696
13025 34572 49696
49696 13025 34572
23124 98506 108090
108090 23124 98506
98506 23124 108090
105927 131231 134520
131231 105927 134520
134520 105927 131231
116583 62658 136005
62658 116583 136005
136005 62658 116583
96895 33262 138766
138766 33262 96895
33262 96895 138766
49214 45165 79145
79145 45165 49214
45165 49214 79145
93815 73725 118508
118508 73725 93815
73725 93815 118508
132571 12837 23448
23448 12837 132571
12837 23448 132571
57987 30712 114598
114598 30712 57987
30712 57987 114598
11141 22609 126238
126238 11141 22609
22609 11141 126238
2233 52505 63585
63585 2233 52505
52505 2233 63585
48080 42739 131457
42739 48080 131457
131457 42739 48080
26655 51509 107125
51509 26655 107125
107125 26655 51509
112419 25170 43585
25170 43585 112419
43585 25170 112419
10339 16141 32623
32623 10339 16141
16141 10339 32623
126407 105465 141864
105465 126407 141864
141864 105465 126407
111603 122097 146618
122097 111603 146618
146618 111603 122097
71784 119018 134814
119018 71784 134814
134814 71784 119018
113685 12077 113727
113727 12077 113685
12077 113685 113727
58201 62249 68884
62249 58201 68884
68884 58201 62249
128784 50788 90706
50788 90706 128784
90706 50788 128784
48261 86641 102657
102657 48261 86641
86641 48261 102657
90367 16035 98088
16035 90367 98088
98088 16035 90367
39338 95896 98406
98406 39338 95896
95896 39338 98406
462 32042 95926
95926 462 32042
32042 462 95926
48889 12512 107159
12512 48889 107159
107159 12512 48889
110914 2125 63794
63794 2125 110914
2125 63794 110914
87340 2882 102918
2882 87340 102918
102918 2882 87340
137317 10709 104325
10709 104325 137317
104325 10709 137317
31296 37102 147742
37102 31296 147742
147742 31296 37102
35793 22992 44190
22992 35793 44190
44190 22992 35793
25800 5193 26534
26534 5193 25800
5193 25800 26534
95051 69727 81357
81357 69727 95051
69727 81357 95051
120868 31887 65397
31887 65397 120868
65397 31887 120868
21045 83739 132431
132431 21045 83739
83739 21045 132431
149591 34084 72263
72263 34084 149591
34084 72263 149591
149490 13107 129780
13107 129780 149490
129780 13107 149490
137444 10265 21180
21180 10265 137444
10265 21180 137444
22746 91360 107523
91360 22746 107523
107523 22746 91360
123574 9062 119621
9062 119621 123574
119621 9062 123574
5560 69122 123428
123428 5560 69122
69122 5560 123428
50562 13440 131891
13440 50562 131891
131891 13440 50562
127669 14576 18750
14576 18750 127669
18750 14576 127669
98168 127772 131236
131236 98168 127772
127772 98168 131236
46841 35052 125488
35052 46841 125488
125488 35052 46841
70147 16236 51630
51630 16236 70147
16236 51630 70147
54662 19560 124979
19560 54662 124979
124979 19560 54662
92896 61233 85386
61233 85386 92896
85386 61233 92896
48897 62513 146928
62513 48897 146928
146928 48897 62513
116501 33762 144405
33762 116501 144405
144405 33762 116501
124508 38518 51857
38518 51857 124508
51857 38518 124508
25681 28606 113409
28606 25681 113409
113409 25681 28606
129567 37528 115379
115379 37528 129567
37528 115379 129567
8660 22803 99753
22803 8660 99753
99753 8660 22803
140459 102715 126933
126933 102715 140459
102715 126933 140459
126036 1904 92068
1904 92068 126036
92068 1904 126036
90248 59000 138504
59000 90248 138504
138504 59000 90248
70353 71039 116702
116702 70353 71039
71039 70353 116702
101680 70032 97098
97098 70032 101680
70032 97098 101680
10790 85290 133999
133999 10790 85290
85290 10790 133999
26942 38355 50186
38355 26942 50186
50186 26942 38355
65936 18467 47263
18467 47263 65936
47263 18467 65936
67247 15327 62128
62128 15327 67247
15327 62128 67247
54458 8495 72294
8495 54458 72294
72294 8495 54458
15149 55304 105759
105759 15149 55304
55304 15149 105759
111597 14325 38090
14325 38090 111597
38090 14325 111597
63074 67348 104845
104845 63074 67348
67348 63074 104845
97281 2603 12700
2603 12700 97281
12700 2603 97281
5750 57438 74429
74429 5750 57438
57438 5750 74429
64142 54461 118120
118120 54461 64142
54461 64142 118120
98568 19694 143578
19694 98568 143578
143578 19694 98568
37976 68365 82227
82227 37976 68365
68365 37976 82227
136970 100578 111326
100578 111326 136970
111326 100578 136970
343 210 130742
210 343 130742
130742 210 343
13826 4281 30731
30731 4281 13826
4281 13826 30731
26234 67796 86903
86903 26234 67796
67796 26234 86903
19494 80357 93065
93065 19494 80357
80357 19494 93065
18851 12111 87402
12111 18851 87402
87402 12111 18851
141666 39977 105805
105805 39977 141666
39977 105805 141666
115936 48111 112880
112880 48111 115936
48111 112880 115936
118278 35444 52983
52983 35444 118278
35444 52983 118278
17307 17044 101271
101271 17044 17307
17044 17307 101271
42425 30545 92930
92930 30545 42425
30545 42425 92930
87582 13776 114074
114074 13776 87582
13776 87582 114074
72362 99659 144846
144846 72362 99659
99659 72362 144846
142112 56239 127408
56239 127408 142112
127408 56239 142112
58815 109200 122860
109200 58815 122860
122860 58815 109200
124577 132845 136652
132845 124577 136652
136652 124577 132845
5767 8075 32873
8075 5767 32873
32873 5767 8075
61911 59550 87273
59550 61911 87273
87273 59550 61911
20340 41981 88962
88962 20340 41981
41981 20340 88962
138515 100571 126884
126884 100571 138515
100571 126884 138515
90454 103993 141568
103993 90454 141568
141568 90454 103993
113074 8870 136973
136973 8870 113074
8870 113074 136973
47310 78767 107495
78767 47310 107495
107495 47310 78767
129685 35822 136237
35822 129685 136237
136237 35822 129685
134203 1154 47950
1154 47950 134203
47950 1154 134203
120473 30615 41089
41089 30615 120473
30615 41089 120473
57472 12849 32077
12849 32077 57472
32077 12849 57472
45952 65938 107388
65938 45952 107388
107388 45952 65938
42955 124704 132009
132009 42955 124704
124704 42955 132009
147905 29513 47927
47927 29513 147905
29513 47927 147905
4997 128613 130854
130854 4997 128613
128613 4997 130854
114465 56500 74923
74923 56500 114465
56500 74923 114465
39579 107024 142183
142183 39579 107024
107024 39579 142183
136432 17180 40642
17180 40642 136432
40642 17180 136432
48408 75070 117489
75070 48408 117489
117489 48408 75070
110529 70438 124528
124528 70438 110529
70438 110529 124528
94969 27908 146916
27908 94969 146916
146916 27908 94969
123566 1935 16101
16101 1935 123566
1935 16101 123566
27092 31740 129905
129905 27092 31740
31740 27092 129905
117159 9550 64044
9550 64044 117159
64044 9550 117159
129348 108041 116002
108041 116002 129348
116002 108041 129348
64282 116474 136612
136612 64282 116474
116474 64282 136612
33419 20805 63514
63514 20805 33419
20805 33419 63514
38983 60747 128130
60747 38983 128130
128130 38983 60747
29738 13823 55934
55934 13823 29738
13823 29738 55934
47034 16821 102390
16821 47034 102390
102390 16821 47034
47109 18845 63614
63614 18845 47109
18845 47109 63614
72897 890 117225
890 72897 117225
117225 890 72897
19663 57374 89036
57374 19663 89036
89036 19663 57374
132366 31306 122052
31306 122052 132366
122052 31306 132366
6684 274 149713
149713 274 6684
274 6684 149713
32033 794 11855
11855 794 32033
794 11855 32033
83068 43151 83997
83997 43151 83068
43151 83068 83997
72068 92363 96427
92363 72068 96427
96427 72068 92363
64431 39160 124729
124729 39160 64431
39160 64431 124729
111390 103522 147775
103522 111390 147775
147775 103522 111390
18852 21378 117020
117020 18852 21378
21378 18852 117020
62825 66274 112108
112108 62825 66274
66274 62825 112108
56798 26411 149818
149818 26411 56798
26411 56798 149818
29576 10870 77913
10870 29576 77913
77913 10870 29576
36582 118367 120054
118367 36582 120054
120054 36582 118367
144463 29694 140791
140791 29694 144463
29694 140791 144463
130750 107735 140172
107735 130750 140172
140172 107735 130750
109744 98967 121831
98967 109744 121831
121831 98967 109744
35214 16841 118028
118028 16841 35214
16841 35214 118028
75435 6406 96377
6406 75435 96377
96377 6406 75435
11191 76435 79237
79237 11191 76435
76435 11191 79237
77226 65260 83821
65260 77226 83821
83821 65260 77226
109347 89971 140111
140111 89971 109347
89971 109347 140111
40006 11542 134531
134531 11542 40006
11542 40006 134531
115260 9935 120579
120579 9935 115260
9935 115260 120579
75749 106057 123996
106057 75749 123996
123996 75749 106057
23774 108955 145594
145594 23774 108955
108955 23774 145594
149316 94539 139087
94539 139087 149316
139087 94539 149316
83220 65997 82336
65997 82336 83220
82336 65997 83220
82591 60005 146670
146670 60005 82591
60005 82591 146670
10338 39583 52146
39583 10338 52146
52146 10338 39583
35011 57381 129988
57381 35011 129988
129988 35011 57381
141105 39370 81686
39370 81686 141105
81686 39370 141105
44966 92837 99432
99432 44966 92837
92837 44966 99432
49146 47531 48730
48730 47531 49146
47531 48730 49146
51115 84256 143101
143101 51115 84256
84256 51115 143101
24425 17683 138958
17683 24425 138958
138958 17683 24425
131448 57573 100439
57573 100439 131448
100439 57573 131448
88283 18598 34875
34875 18598 88283
18598 34875 88283
41195 121293 125716
121293 41195 125716
125716 41195 121293
111016 110445 122666
122666 110445 111016
110445 111016 122666
18942 63599 101947
101947 18942 63599
63599 18942 101947
104005 23068 55178
55178 23068 104005
23068 55178 104005
60019 42338 87446
42338 60019 87446
87446 42338 60019
75405 38163 61751
38163 61751 75405
61751 38163 75405
33348 64862 129234
64862 33348 129234
129234 33348 64862
14279 143090 149376
149376 14279 143090
143090 14279 149376
120076 119174 134154
134154 119174 120076
119174 120076 134154
143920 14299 111342
14299 111342 143920
111342 14299 143920
67292 2172 16599
2172 16599 67292
16599 2172 67292
129238 106498 123488
106498 123488 129238
123488 106498 129238
32610 106523 122345
106523 32610 122345
122345 32610 106523
53859 45544 128654
128654 45544 53859
45544 53859 128654
112537 21838 79859
79859 21838 112537
21838 79859 112537
145944 33884 75169
75169 33884 145944
33884 75169 145944
56409 2396 59185
59185 2396 56409
2396 56409 59185
3024 68717 104215
104215 3024 68717
68717 3024 104215
16668 5302 16370
16370 5302 16668
5302 16370 16668
107745 3250 33692
3250 33692 107745
33692 3250 107745
48047 145139 147194
147194 48047 145139
145139 48047 147194
43535 8227 145973
145973 8227 43535
8227 43535 145973
56278 101296 132632
101296 56278 132632
132632 56278 101296
104182 22899 32176
22899 32176 104182
32176 22899 104182
110596 29303 122746
122746 29303 110596
29303 110596 122746
24701 62450 125885
125885 24701 62450
62450 24701 125885
100548 33894 38274
38274 33894 100548
33894 38274 100548
33474 32985 93822
93822 32985 33474
32985 33474 93822
143829 66919 112444
66919 112444 143829
112444 66919 143829
58022 102580 105886
105886 58022 102580
102580 58022 105886
148940 31115 36878
31115 36878 148940
36878 31115 148940
14153 110972 113813
113813 14153 110972
110972 14153 113813
10814 108997 113777
113777 10814 108997
108997 10814 113777
145380 80034 126495
80034 126495 145380
126495 80034 145380
5357 45727 83451
45727 5357 83451
83451 5357 45727
137659 36447 147549
36447 137659 147549
147549 36447 137659
55351 17176 89185
89185 17176 55351
17176 55351 89185
115952 84938 103838
84938 103838 115952
103838 84938 115952
3146 80885 98367
80885 3146 98367
98367 3146 80885
7472 11547 83176
11547 7472 83176
83176 7472 11547
110332 105904 135174
105904 110332 135174
135174 105904 110332
6310 12065 141969
141969 6310 12065
12065 6310 141969
93678 18691 31336
31336 18691 93678
18691 31336 93678
17224 15394 29846
29846 15394 17224
15394 17224 29846
139803 27607 50684
50684 27607 139803
27607 50684 139803
95177 11171 39406
39406 11171 95177
11171 39406 95177
128742 598 101169
101169 598 128742
598 101169 128742
19259 72258 119051
72258 19259 119051
119051 19259 72258
80116 50357 80831
50357 80116 80831
80831 50357 80116
9549 28440 107479
107479 9549 28440
28440 9549 107479
39346 35332 80413
80413 35332 39346
35332 39346 80413
70439 1057 94028
94028 1057 70439
1057 70439 94028
98196 52361 87919
52361 87919 98196
87919 52361 98196
88701 13780 38851
38851 13780 88701
13780 38851 88701
79357 30838 128452
30838 79357 128452
128452 30838 79357
135392 24798 82818
24798 82818 135392
82818 24798 135392
118822 105539 147656
147656 105539 118822
105539 118822 147656
85202 21720 92581
92581 21720 85202
21720 85202 92581
88924 24509 138854
24509 88924 138854
138854 24509 88924
101857 37163 82806
37163 82806 101857
82806 37163 101857
145336 73756 127253
127253 73756 145336
73756 127253 145336
99030 74921 107848
107848 74921 99030
74921 99030 107848
104094 13431 49160
49160 13431 104094
13431 49160 104094
129103 57605 93805
93805 57605 129103
57605 93805 129103
114662 34743 110373
34743 110373 114662
110373 34743 114662
69411 30288 69453
69453 30288 69411
30288 69411 69453
92562 98483 104380
98483 92562 104380
104380 92562 98483
86998 6 58716
58716 6 86998
6 58716 86998
125267 65587 102022
65587 102022 125267
102022 65587 125267
140394 34761 123635
123635 34761 140394
34761 123635 140394
56137 34908 64540
34908 56137 64540
64540 34908 56137
54089 111916 141283
111916 54089 141283
141283 54089 111916
22041 5636 44162
44162 5636 22041
5636 22041 44162
8320 55864 70650
55864 8320 70650
70650 8320 55864
113407 30469 119187
119187 30469 113407
30469 113407 119187
129739 122634 129081
122634 129081 129739
129081 122634 129739
27492 4031 95470
95470 4031 27492
4031 27492 95470
69092 50824 96221
50824 69092 96221
96221 50824 69092
113649 32654 117575
117575 32654 113649
32654 113649 117575
3809 132525 142613
132525 3809 142613
142613 3809 132525
138968 17863 26446
17863 26446 138968
26446 17863 138968
6678 67980 111979
67980 6678 111979
111979 6678 67980
12346 49781 105143
49781 12346 105143
105143 12346 49781
60146 2566 13197
2566 13197 60146
13197 2566 60146
58284 13417 99247
13417 58284 99247
99247 13417 58284
113893 75348 88736
88736 75348 113893
75348 88736 113893
92245 11122 146434
11122 92245 146434
146434 11122 92245
61026 22400 42822
42822 22400 61026
22400 42822 61026
101167 103871 130992
130992 101167 103871
103871 101167 130992
42014 139630 144497
144497 42014 139630
139630 42014 144497
118781 10145 27267
10145 27267 118781
27267 10145 118781
146220 38674 112505
38674 112505 146220
112505 38674 146220
115428 16819 104065
104065 16819 115428
16819 104065 115428
145262 16462 95289
95289 16462 145262
16462 95289 145262
61968 30791 73558
30791 61968 73558
73558 30791 61968
76329 10661 15264
15264 10661 76329
10661 15264 76329
25322 35316 41427
41427 25322 35316
35316 25322 41427
84063 13196 132300
13196 84063 132300
132300 13196 84063
77135 49486 87776
49486 77135 87776
87776 49486 77135
24812 4413 44944
44944 4413 24812
4413 24812 44944
111844 14909 25479
25479 14909 111844
14909 25479 111844
74314 51252 66869
66869 51252 74314
51252 66869 74314
53540 84038 138314
138314 53540 84038
84038 53540 138314
80675 42041 103462
103462 42041 80675
42041 80675 103462
105363 87879 135889
87879 105363 135889
135889 87879 105363
15101 15763 102815
15763 15101 102815
102815 15101 15763
14771 40208 116893
116893 14771 40208
40208 14771 116893
85940 10521 116243
10521 85940 116243
116243 10521 85940
75316 19464 64497
64497 19464 75316
19464 64497 75316
104011 25198 56618
25198 56618 104011
56618 25198 104011
97288 48465 85640
48465 85640 97288
85640 48465 97288
33723 17971 120253
17971 33723 120253
120253 17971 33723
137192 33845 40342
33845 40342 137192
40342 33845 137192
39241 119249 139132
119249 39241 139132
139132 39241 119249
22584 70875 114717
70875 22584 114717
114717 22584 70875
104930 48288 120523
120523 48288 104930
48288 104930 120523
19216 36842 63477
36842 19216 63477
63477 19216 36842
138138 112972 142001
142001 112972 138138
112972 138138 142001
86178 5442 27564
27564 5442 86178
5442 27564 86178
24160 107742 128114
128114 24160 107742
107742 24160 128114
