10917 4127 11337
11337 4127 10917
4127 10917 11337
4662 1120 14334
14334 1120 4662
1120 4662 14334
11379 4596 9985
9985 4596 11379
4596 9985 11379
10808 6161 14125
6161 10808 14125
14125 6161 10808
8499 8252 13977
13977 8252 8499
8252 8499 13977
3276 2736 13002
13002 2736 3276
2736 3276 13002
10520 45 6933
6933 45 10520
45 6933 10520
5442 3381 10929
10929 3381 5442
3381 5442 10929
8470 8771 10312
10312 8470 8771
8771 8470 10312
11088 1372 6870
6870 1372 11088
1372 6870 11088
4740 10274 11979
11979 4740 10274
10274 4740 11979
10443 2396 11972
11972 2396 10443
2396 10443 11972
14327 910 5895
910 5895 14327
5895 910 14327
935 2429 8341
2429 935 8341
8341 935 2429
591 2076 2603
2076 591 2603
2603 591 2076
10611 9251 14855
14855 9251 10611
9251 10611 14855
2235 1819 7407
1819 2235 7407
7407 1819 2235
10059 10841 14150
14150 10059 10841
10841 10059 14150
9216 1121 13987
13987 1121 9216
1121 9216 13987
8982 3190 11227
3190 8982 11227
11227 3190 8982
3648 469 13901
13901 469 3648
469 3648 13901
6278 7774 10695
7774 6278 10695
10695 6278 7774
4579 1443 4953
1443 4579 4953
4953 1443 4579
13184 9222 10740
10740 9222 13184
9222 10740 13184
14444 410 12696
410 12696 14444
12696 410 14444
3549 3795 12171
3795 3549 12171
12171 3549 3795
10386 1955 3586
3586 1955 10386
1955 3586 10386
5117 11287 14102
14102 5117 11287
11287 5117 14102
12946 3351 9615
9615 3351 12946
3351 9615 12946
7405 1548 5167
1548 5167 7405
5167 1548 7405
944 753 2930
753 944 2930
2930 753 944
8735 8838 10369
8838 8735 10369
10369 8735 8838
11581 2280 12098
2280 11581 12098
12098 2280 11581
10203 2981 14570
2981 10203 14570
14570 2981 10203
13169 2348 14435
14435 2348 13169
2348 13169 14435
4801 8037 11138
11138 4801 8037
8037 4801 11138
7260 2061 14305
2061 7260 14305
14305 2061 7260
8716 3309 14710
14710 3309 8716
3309 8716 14710
7803 4936 8318
4936 7803 8318
8318 4936 7803
14691 7556 14934
14934 7556 14691
7556 14691 14934
3721 9559 9935
9559 3721 9935
9935 3721 9559
13399 3595 5958
5958 3595 13399
3595 5958 13399
4819 4338 8725
8725 4338 4819
4338 4819 8725
14214 804 9509
804 9509 14214
9509 804 14214
5435 6482 12408
12408 5435 6482
6482 5435 12408
7004 11989 12544
11989 7004 12544
12544 7004 11989
13036 782 13628
13628 782 13036
782 13036 13628
9145 10311 12059
12059 9145 10311
10311 9145 12059
6847 9869 12470
9869 6847 12470
12470 6847 9869
1224 7677 13335
13335 1224 7677
7677 1224 13335
2696 7165 8745
8745 2696 7165
7165 2696 8745
13070 8219 11662
8219 11662 13070
11662 8219 13070
10513 2787 4142
2787 4142 10513
4142 2787 10513
3034 2381 4260
4260 2381 3034
2381 3034 4260
7944 11642 12046
12046 7944 11642
11642 7944 12046
10038 3454 4935
4935 3454 10038
3454 4935 10038
5671 1084 5254
1084 5254 5671
5254 1084 5671
1105 3004 6294
6294 1105 3004
3004 1105 6294
4418 1053 2089
2089 1053 4418
1053 2089 4418
6108 2993 13962
2993 6108 13962
13962 2993 6108
871 289 8272
8272 289 871
289 871 8272
2164 12673 14807
14807 2164 12673
12673 2164 14807
3765 3393 4495
4495 3393 3765
3393 3765 4495
13242 1932 6342
6342 1932 13242
1932 6342 13242
10496 6892 11613
11613 6892 10496
6892 10496 11613
3446 3053 7243
7243 3053 3446
3053 3446 7243
13379 4301 4615
4615 4301 13379
4301 4615 13379
7128 2125 10105
2125 7128 10105
10105 2125 7128
3659 3473 4828
4828 3473 3659
3473 3659 4828
12652 6060 8751
8751 6060 12652
6060 8751 12652
4911 626 14036
14036 626 4911
626 4911 14036
2835 2303 6719
6719 2303 2835
2303 2835 6719
7863 1579 2833
2833 1579 7863
1579 2833 7863
6363 2427 9531
2427 6363 9531
9531 2427 6363
11509 4847 9957
4847 9957 11509
9957 4847 11509
11651 7903 13260
13260 7903 11651
7903 11651 13260
5422 6144 7305
7305 5422 6144
6144 5422 7305
5874 5854 13635
5854 5874 13635
13635 5854 5874
4454 6931 8512
8512 4454 6931
6931 4454 8512
14245 2866 9758
9758 2866 14245
2866 9758 14245
11377 2543 10483
2543 10483 11377
10483 2543 11377
488 7308 14071
7308 488 14071
14071 488 7308
10892 2236 14650
2236 10892 14650
14650 2236 10892
1790 3353 6713
6713 1790 3353
3353 1790 6713
10337 635 4280
635 4280 10337
4280 635 10337
13971 12414 12634
12414 12634 13971
12634 12414 13971
13725 4952 11329
4952 11329 13725
11329 4952 13725
12043 7008 14177
7008 12043 14177
14177 7008 12043
6283 5593 5777
5777 5593 6283
5593 5777 6283
7185 2929 8869
2929 7185 8869
8869 2929 7185
11759 2688 13874
13874 2688 11759
2688 11759 13874
9219 8010 9949
9949 8010 9219
8010 9219 9949
9032 3840 4200
4200 3840 9032
3840 4200 9032
6794 7724 12873
12873 6794 7724
7724 6794 12873
9798 643 10225
643 9798 10225
10225 643 9798
13589 3808 7607
3808 7607 13589
7607 3808 13589
9618 3435 15000
3435 9618 15000
15000 3435 9618
9407 1023 3644
3644 1023 9407
1023 3644 9407
4667 10650 13692
10650 4667 13692
13692 4667 10650
8706 10957 12830
12830 8706 10957
10957 8706 12830
8673 1519 12344
12344 1519 8673
1519 8673 12344
13559 10977 13065
13065 10977 13559
10977 13065 13559
13629 2490 13151
2490 13151 13629
13151 2490 13629
5253 1528 13505
1528 5253 13505
13505 1528 5253
3684 357 7332
7332 357 3684
357 3684 7332
4266 1865 8069
8069 1865 4266
1865 4266 8069
1576 11621 13424
11621 1576 13424
13424 1576 11621
655 2996 4446
4446 655 2996
2996 655 4446
9515 2759 13922
2759 9515 13922
13922 2759 9515
7224 1551 4812
1551 4812 7224
4812 1551 7224
4181 12546 12944
12546 4181 12944
12944 4181 12546
10366 334 3124
3124 334 10366
334 3124 10366
11576 8631 14511
14511 8631 11576
8631 11576 14511
1778 12028 14423
12028 1778 14423
14423 1778 12028
138 6081 14692
14692 138 6081
6081 138 14692
10997 2952 10883
10883 2952 10997
2952 10883 10997
6247 176 11271
11271 176 6247
176 6247 11271
5760 1600 10403
10403 1600 5760
1600 5760 10403
2731 5411 7958
5411 2731 7958
7958 2731 5411
10713 1377 11851
11851 1377 10713
1377 10713 11851
4939 3357 8140
3357 4939 8140
8140 3357 4939
11595 4693 14519
14519 4693 11595
4693 11595 14519
3908 198 13421
13421 198 3908
198 3908 13421
8158 4816 8935
4816 8158 8935
8935 4816 8158
10990 237 7881
7881 237 10990
237 7881 10990
8825 796 13071
13071 796 8825
796 8825 13071
9308 4798 8811
4798 8811 9308
8811 4798 9308
923 519 7974
7974 519 923
519 923 7974
292 6525 14844
14844 292 6525
6525 292 14844
7007 8008 12109
12109 7007 8008
8008 7007 12109
6042 4929 9363
9363 4929 6042
4929 6042 9363
5699 2308 10182
10182 2308 5699
2308 5699 10182
4817 8581 13914
8581 4817 13914
13914 4817 8581
2546 6271 10361
10361 2546 6271
6271 2546 10361
13072 11440 14773
14773 11440 13072
11440 13072 14773
12856 1037 9517
9517 1037 12856
1037 9517 12856
4045 5139 10605
10605 4045 5139
5139 4045 10605
13966 1831 1918
1831 1918 13966
1918 1831 13966
3284 2982 3764
3764 2982 3284
2982 3284 3764
5870 5807 9619
9619 5807 5870
5807 5870 9619
5010 5309 8195
5309 5010 8195
8195 5010 5309
14867 4533 6859
6859 4533 14867
4533 6859 14867
9419 106 699
106 699 9419
699 106 9419
7606 9878 14264
14264 7606 9878
9878 7606 14264
6333 438 1479
1479 438 6333
438 1479 6333
8670 3793 14445
3793 8670 14445
14445 3793 8670
10452 4051 9817
9817 4051 10452
4051 9817 10452
265 1718 13200
13200 265 1718
1718 265 13200
6055 743 2313
2313 743 6055
743 2313 6055
12245 10192 14410
10192 12245 14410
14410 10192 12245
8560 10044 11912
10044 8560 11912
11912 8560 10044
8937 11672 14474
14474 8937 11672
11672 8937 14474
1583 454 4079
4079 454 1583
454 1583 4079
162 1908 4329
1908 162 4329
4329 162 1908
2635 3957 10823
10823 2635 3957
3957 2635 10823
2314 3732 10128
3732 2314 10128
10128 2314 3732
11682 2136 9209
9209 2136 11682
2136 9209 11682
14200 242 9883
242 9883 14200
9883 242 14200
4976 8211 12773
12773 4976 8211
8211 4976 12773
3498 2117 5037
5037 2117 3498
2117 3498 5037
997 7645 10588
7645 997 10588
10588 997 7645
9399 5948 7210
5948 7210 9399
7210 5948 9399
1334 1240 10926
1240 1334 10926
10926 1240 1334
2134 4820 8821
8821 2134 4820
4820 2134 8821
12721 3464 10072
10072 3464 12721
3464 10072 12721
4555 6039 8122
8122 4555 6039
6039 4555 8122
14701 11266 14149
11266 14149 14701
14149 11266 14701
398 2156 14808
2156 398 14808
14808 398 2156
6765 3992 9659
9659 3992 6765
3992 6765 9659
8624 1619 13333
1619 8624 13333
13333 1619 8624
12955 6431 11674
6431 11674 12955
11674 6431 12955
1324 5078 9240
9240 1324 5078
5078 1324 9240
2965 7759 9677
7759 2965 9677
9677 2965 7759
7285 96 11465
11465 96 7285
96 7285 11465
1445 3915 4380
3915 1445 4380
4380 1445 3915
12669 4787 14649
4787 12669 14649
14649 4787 12669
14517 4910 5942
4910 5942 14517
5942 4910 14517
3855 5686 10465
10465 3855 5686
5686 3855 10465
11971 7551 13672
7551 11971 13672
13672 7551 11971
13247 961 1611
1611 961 13247
961 1611 13247
1934 2445 14770
14770 1934 2445
2445 1934 14770
14249 10284 12162
10284 12162 14249
12162 10284 14249
1092 9439 13578
13578 1092 9439
9439 1092 13578
6242 5772 9784
5772 6242 9784
9784 5772 6242
9684 7480 8740
7480 8740 9684
8740 7480 9684
13408 2298 5391
5391 2298 13408
2298 5391 13408
14346 4221 8934
4221 8934 14346
8934 4221 14346
10470 4220 7781
4220 7781 10470
7781 4220 10470
10062 7812 12517
12517 7812 10062
7812 10062 12517
13407 972 1535
972 1535 13407
1535 972 13407
12900 5910 13369
13369 5910 12900
5910 12900 13369
4401 7079 12081
12081 4401 7079
7079 4401 12081
7105 5089 14045
5089 7105 14045
14045 5089 7105
2219 7790 12845
12845 2219 7790
7790 2219 12845
9641 352 11533
11533 352 9641
352 9641 11533
2525 94 3920
3920 94 2525
94 2525 3920
6860 1020 11437
11437 1020 6860
1020 6860 11437
12942 2540 14426
2540 12942 14426
14426 2540 12942
13439 4729 5126
4729 5126 13439
5126 4729 13439
4874 2072 6313
2072 4874 6313
6313 2072 4874
10239 9471 13360
9471 10239 13360
13360 9471 10239
1398 11135 12881
12881 1398 11135
11135 1398 12881
5534 6766 10139
6766 5534 10139
10139 5534 6766
5923 1174 9835
1174 5923 9835
9835 1174 5923
745 1058 2979
2979 745 1058
1058 745 2979
14143 4003 5328
5328 4003 14143
4003 5328 14143
7658 5430 14044
5430 7658 14044
14044 5430 7658
7664 12801 14668
12801 7664 14668
14668 7664 12801
5878 5272 5658
5272 5658 5878
5658 5272 5878
2085 3984 13522
13522 2085 3984
3984 2085 13522
8100 9076 13193
9076 8100 13193
13193 8100 9076
5244 2210 13532
2210 5244 13532
13532 2210 5244
13171 1302 9716
9716 1302 13171
1302 9716 13171
13448 4400 11728
11728 4400 13448
4400 11728 13448
8149 5949 13031
13031 5949 8149
5949 8149 13031
7532 5174 9394
5174 7532 9394
9394 5174 7532
14687 1501 6612
6612 1501 14687
1501 6612 14687
13899 4099 10037
10037 4099 13899
4099 10037 13899
9436 4027 7813
4027 7813 9436
7813 4027 9436
141 3411 5246
3411 141 5246
5246 141 3411
13565 2020 13063
13063 2020 13565
2020 13063 13565
1103 2048 11614
2048 1103 11614
11614 1103 2048
8584 1822 9261
9261 1822 8584
1822 8584 9261
12389 3821 12902
12902 3821 12389
3821 12389 12902
4848 1921 14115
1921 4848 14115
14115 1921 4848
5826 3704 13028
13028 3704 5826
3704 5826 13028
4205 7375 10676
10676 4205 7375
7375 4205 10676
12594 4239 11443
4239 11443 12594
11443 4239 12594
4920 3560 8409
3560 4920 8409
8409 3560 4920
3037 2090 11200
11200 2090 3037
2090 3037 11200
10617 5106 7273
7273 5106 10617
5106 7273 10617
12416 5975 12484
5975 12416 12484
12484 5975 12416
13312 11579 12530
12530 11579 13312
11579 12530 13312
12972 3060 7967
7967 3060 12972
3060 7967 12972
8039 6310 7665
6310 7665 8039
7665 6310 8039
2548 4744 14166
14166 2548 4744
4744 2548 14166
7108 10727 13730
13730 7108 10727
10727 7108 13730
7334 4814 10512
10512 4814 7334
4814 7334 10512
10800 3622 6866
6866 3622 10800
3622 6866 10800
7449 13931 14806
14806 7449 13931
13931 7449 14806
2588 3285 14890
3285 2588 14890
14890 2588 3285
7901 1230 14456
1230 7901 14456
14456 1230 7901
322 421 1725
421 322 1725
1725 322 421
1508 2504 8428
8428 1508 2504
2504 1508 8428
1022 9601 11239
9601 1022 11239
11239 1022 9601
11725 771 9892
771 9892 11725
9892 771 11725
4440 12247 12528
12528 4440 12247
12247 4440 12528
5056 2060 10659
10659 2060 5056
2060 5056 10659
9503 3901 8224
8224 3901 9503
3901 8224 9503
4043 131 14213
131 4043 14213
14213 131 4043
994 4365 10746
10746 994 4365
4365 994 10746
11293 2038 10097
10097 2038 11293
2038 10097 11293
13434 2031 7417
7417 2031 13434
2031 7417 13434
14610 1492 1961
1492 1961 14610
1961 1492 14610
10913 5791 6489
5791 6489 10913
6489 5791 10913
5466 5822 9226
5822 5466 9226
9226 5466 5822
7015 2892 6640
6640 2892 7015
2892 6640 7015
9963 3050 3078
3078 3050 9963
3050 3078 9963
13804 1154 2480
2480 1154 13804
1154 2480 13804
14424 4340 13943
4340 13943 14424
13943 4340 14424
11184 10970 13058
10970 11184 13058
13058 10970 11184
7661 1552 7045
1552 7045 7661
7045 1552 7661
5644 5726 7367
7367 5644 5726
5726 5644 7367
6389 1780 5460
5460 1780 6389
1780 5460 6389
945 6383 13473
6383 945 13473
13473 945 6383
9644 1513 8478
1513 8478 9644
8478 1513 9644
14220 7581 11690
11690 7581 14220
7581 11690 14220
9463 758 13620
758 9463 13620
13620 758 9463
7265 6219 11406
6219 7265 11406
11406 6219 7265
13086 308 7039
7039 308 13086
308 7039 13086
2561 10070 10765
10070 2561 10765
10765 2561 10070
10629 1180 10308
1180 10308 10629
10308 1180 10629
14421 6607 9775
9775 6607 14421
6607 9775 14421
7493 1720 8130
8130 1720 7493
1720 7493 8130
4811 1349 7347
1349 4811 7347
7347 1349 4811
7633 6052 10352
10352 6052 7633
6052 7633 10352
4764 1530 5362
1530 4764 5362
5362 1530 4764
14491 4285 4996
4996 4285 14491
4285 4996 14491
5639 872 2633
2633 872 5639
872 2633 5639
150 8460 9013
8460 150 9013
9013 150 8460
11738 5238 11066
5238 11066 11738
11066 5238 11738
7264 3692 13906
13906 3692 7264
3692 7264 13906
6245 2205 8572
8572 2205 6245
2205 6245 8572
3844 5184 6185
6185 3844 5184
5184 3844 6185
2055 2964 4676
2964 2055 4676
4676 2055 2964
5706 5969 12915
5969 5706 12915
12915 5706 5969
1338 6205 8244
8244 1338 6205
6205 1338 8244
6958 277 13202
13202 277 6958
277 6958 13202
13704 3045 3566
3045 3566 13704
3566 3045 13704
5349 5823 7198
7198 5349 5823
5823 5349 7198
4122 10148 13357
13357 4122 10148
10148 4122 13357
1086 12838 14583
14583 1086 12838
12838 1086 14583
9116 1694 4666
1694 4666 9116
4666 1694 9116
11710 2935 14323
2935 11710 14323
14323 2935 11710
8239 226 12654
226 8239 12654
12654 226 8239
11010 5101 8555
8555 5101 11010
5101 8555 11010
5804 8916 10498
8916 5804 10498
10498 5804 8916
12953 8904 13307
8904 12953 13307
13307 8904 12953
4683 3138 8337
8337 3138 4683
3138 4683 8337
12919 4147 7381
7381 4147 12919
4147 7381 12919
11698 316 4971
316 4971 11698
4971 316 11698
11691 9184 10898
9184 10898 11691
10898 9184 11691
13701 1069 4704
4704 1069 13701
1069 4704 13701
13486 11823 13547
11823 13486 13547
13547 11823 13486
7716 4780 5779
5779 4780 7716
4780 5779 7716
7159 2297 3741
2297 3741 7159
3741 2297 7159
3251 1285 8080
8080 1285 3251
1285 3251 8080
245 3097 6469
6469 245 3097
3097 245 6469
14467 3682 8782
8782 3682 14467
3682 8782 14467
4325 7820 14005
14005 4325 7820
7820 4325 14005
12637 6648 12430
12430 6648 12637
6648 12430 12637
14067 9133 9823
9823 9133 14067
9133 9823 14067
14792 1886 7205
1886 7205 14792
7205 1886 14792
850 2295 12440
2295 850 12440
12440 850 2295
11285 3163 8524
3163 8524 11285
8524 3163 11285
13009 4196 11346
11346 4196 13009
4196 11346 13009
10874 2923 5586
5586 2923 10874
2923 5586 10874
11111 1010 8859
8859 1010 11111
1010 8859 11111
14801 190 2255
190 2255 14801
2255 190 14801
9054 3445 10521
3445 9054 10521
10521 3445 9054
9488 12535 13187
12535 9488 13187
13187 9488 12535
12732 1407 5475
1407 5475 12732
5475 1407 12732
8549 231 5221
231 5221 8549
5221 231 8549
11997 8251 14655
14655 8251 11997
8251 11997 14655
11758 594 5305
594 5305 11758
5305 594 11758
8822 3450 6774
3450 6774 8822
6774 3450 8822
136 10012 11244
11244 136 10012
10012 136 11244
8629 2969 12918
2969 8629 12918
12918 2969 8629
6222 7315 9903
9903 6222 7315
7315 6222 9903
10030 539 7331
7331 539 10030
539 7331 10030
530 8172 10022
10022 530 8172
8172 530 10022
6683 2970 14397
2970 6683 14397
14397 2970 6683
4888 9034 11179
9034 4888 11179
11179 4888 9034
2215 3719 7073
3719 2215 7073
7073 2215 3719
1805 5867 10007
5867 1805 10007
10007 1805 5867
7705 11547 14064
11547 7705 14064
14064 7705 11547
1664 1860 4539
1860 1664 4539
4539 1664 1860
140 673 9981
9981 140 673
673 140 9981
2142 6007 8018
6007 2142 8018
8018 2142 6007
2189 3054 13285
13285 2189 3054
3054 2189 13285
12728 10933 11571
11571 10933 12728
10933 11571 12728
9083 8896 14279
8896 9083 14279
14279 8896 9083
13684 10104 13478
10104 13478 13684
13478 10104 13684
10350 5731 10679
5731 10350 10679
10679 5731 10350
5438 1083 6772
6772 1083 5438
1083 5438 6772
2921 14791 14882
14791 2921 14882
14882 2921 14791
3065 13400 13850
13850 3065 13400
13400 3065 13850
13004 2643 3348
3348 2643 13004
2643 3348 13004
10736 5474 11408
5474 10736 11408
11408 5474 10736
5318 8862 12036
8862 5318 12036
12036 5318 8862
9246 2750 12638
2750 9246 12638
12638 2750 9246
14328 5640 7823
5640 7823 14328
7823 5640 14328
10434 1967 8557
8557 1967 10434
1967 8557 10434
8975 11874 13550
13550 8975 11874
11874 8975 13550
3788 4725 14595
14595 3788 4725
4725 3788 14595
5376 1411 6876
1411 5376 6876
6876 1411 5376
1891 709 9521
9521 709 1891
709 1891 9521
3241 5395 6666
6666 3241 5395
5395 3241 6666
4069 6597 10645
6597 4069 10645
10645 4069 6597
9948 5546 7195
5546 7195 9948
7195 5546 9948
6942 5062 14743
5062 6942 14743
14743 5062 6942
14477 8440 14161
14161 8440 14477
8440 14161 14477
6742 2847 13614
13614 2847 6742
2847 6742 13614
1974 7320 11872
7320 1974 11872
11872 1974 7320
11415 10387 11049
11049 10387 11415
10387 11049 11415
7241 2420 11470
2420 7241 11470
11470 2420 7241
4792 7304 14155
14155 4792 7304
7304 4792 14155
14000 4923 11004
11004 4923 14000
4923 11004 14000
4603 8313 14342
14342 4603 8313
8313 4603 14342
13355 6656 9103
6656 9103 13355
9103 6656 13355
4421 1049 9247
9247 1049 4421
1049 4421 9247
4098 1550 12885
1550 4098 12885
12885 1550 4098
5557 2772 14952
2772 5557 14952
14952 2772 5557
125 9248 14416
14416 125 9248
9248 125 14416
12658 2580 10202
2580 10202 12658
10202 2580 12658
2049 5099 11891
5099 2049 11891
11891 2049 5099
7087 1275 9417
1275 7087 9417
9417 1275 7087
14534 3709 13266
3709 13266 14534
13266 3709 14534
6522 5729 10983
5729 6522 10983
10983 5729 6522
6697 6962 10371
6962 6697 10371
10371 6697 6962
13760 8657 8659
8659 8657 13760
8657 8659 13760
6235 1019 11119
1019 6235 11119
11119 1019 6235
3989 6839 14620
14620 3989 6839
6839 3989 14620
4309 11061 13831
13831 4309 11061
11061 4309 13831
621 633 9000
633 621 9000
9000 621 633
345 1085 14377
14377 345 1085
1085 345 14377
12793 5558 12754
12754 5558 12793
5558 12754 12793
12809 2991 5859
5859 2991 12809
2991 5859 12809
4188 2402 11235
2402 4188 11235
11235 2402 4188
5040 145 6356
145 5040 6356
6356 145 5040
1419 2154 4145
2154 1419 4145
4145 1419 2154
7415 3813 6853
6853 3813 7415
3813 6853 7415
1777 7816 9600
9600 1777 7816
7816 1777 9600
5164 11421 14751
11421 5164 14751
14751 5164 11421
13857 2608 12170
2608 12170 13857
12170 2608 13857
5584 2260 8921
2260 5584 8921
8921 2260 5584
11538 9465 11875
9465 11538 11875
11875 9465 11538
722 10126 13157
10126 722 13157
13157 722 10126
8359 4005 4308
4308 4005 8359
4005 4308 8359
2924 1906 5540
5540 1906 2924
1906 2924 5540
10036 1772 6923
6923 1772 10036
1772 6923 10036
3321 9871 14144
9871 3321 14144
14144 3321 9871
11015 794 7276
7276 794 11015
794 7276 11015
4950 1939 9891
1939 4950 9891
9891 1939 4950
7788 4347 11860
11860 4347 7788
4347 7788 11860
4014 8088 10032
10032 4014 8088
8088 4014 10032
5952 12655 12980
12980 5952 12655
12655 5952 12980
13047 8104 12884
12884 8104 13047
8104 12884 13047
14304 5197 14087
14087 5197 14304
5197 14087 14304
1112 8321 10143
8321 1112 10143
10143 1112 8321
7524 8569 10603
10603 7524 8569
8569 7524 10603
1474 9067 12068
9067 1474 12068
12068 1474 9067
7053 13650 14164
13650 7053 14164
14164 7053 13650
3162 7586 10608
7586 3162 10608
10608 3162 7586
531 9049 11584
9049 531 11584
11584 531 9049
14404 5203 8652
8652 5203 14404
5203 8652 14404
11605 2277 13737
13737 2277 11605
2277 11605 13737
996 6821 13204
13204 996 6821
6821 996 13204
8955 11198 13305
13305 8955 11198
11198 8955 13305
13221 10786 14465
14465 10786 13221
10786 13221 14465
8746 2677 10766
2677 8746 10766
10766 2677 8746
5953 1679 8364
1679 5953 8364
8364 1679 5953
6848 1194 3387
1194 3387 6848
3387 1194 6848
4855 1505 8747
1505 4855 8747
8747 1505 4855
13787 971 7109
7109 971 13787
971 7109 13787
10704 11632 13173
13173 10704 11632
11632 10704 13173
6968 8371 9312
9312 6968 8371
8371 6968 9312
13146 5175 13735
13735 5175 13146
5175 13146 13735
13189 73 10593
10593 73 13189
73 10593 13189
7172 3127 6693
6693 3127 7172
3127 6693 7172
14296 641 2592
641 2592 14296
2592 641 14296
11534 11252 12719
11252 11534 12719
12719 11252 11534
8491 11226 12755
11226 8491 12755
12755 8491 11226
11953 2850 9033
9033 2850 11953
2850 9033 11953
12958 1150 6928
6928 1150 12958
1150 6928 12958
9131 9093 13143
9093 9131 13143
13143 9093 9131
2228 6734 12633
6734 2228 12633
12633 2228 6734
10385 5169 9458
9458 5169 10385
5169 9458 10385
13710 10383 14054
14054 10383 13710
10383 13710 14054
1278 7908 14971
14971 1278 7908
7908 1278 14971
880 4766 12055
12055 880 4766
4766 880 12055
1469 5834 8295
5834 1469 8295
8295 1469 5834
2752 3161 9017
3161 2752 9017
9017 2752 3161
8846 5577 8864
8864 5577 8846
5577 8846 8864
7543 11394 12810
11394 7543 12810
12810 7543 11394
11141 2155 14237
14237 2155 11141
2155 11141 14237
12844 9073 13703
9073 12844 13703
13703 9073 12844
5517 2373 5790
5790 2373 5517
2373 5517 5790
4443 6325 13886
13886 4443 6325
6325 4443 13886
10548 1544 13838
1544 10548 13838
13838 1544 10548
5509 5426 5761
5761 5426 5509
5426 5509 5761
12243 6390 6972
6972 6390 12243
6390 6972 12243
8331 1965 9988
1965 8331 9988
9988 1965 8331
8749 3772 11943
3772 8749 11943
11943 3772 8749
4646 2275 6952
2275 4646 6952
6952 2275 4646
12333 8820 9928
9928 8820 12333
8820 9928 12333
14483 7076 7462
7462 7076 14483
7076 7462 14483
5734 695 1584
1584 695 5734
695 1584 5734
12146 6747 11017
11017 6747 12146
6747 11017 12146
1175 6157 12441
6157 1175 12441
12441 1175 6157
1395 4758 5976
5976 1395 4758
4758 1395 5976
7123 2589 9682
9682 2589 7123
2589 7123 9682
12139 12367 14625
14625 12139 12367
12367 12139 14625
3627 252 7444
252 3627 7444
7444 252 3627
12820 6783 9212
9212 6783 12820
6783 9212 12820
7175 10065 10856
10065 7175 10856
10856 7175 10065
10253 2936 10915
10915 2936 10253
2936 10253 10915
12612 1660 9881
1660 9881 12612
9881 1660 12612
11224 8058 10821
10821 8058 11224
8058 10821 11224
8182 3797 14380
3797 8182 14380
14380 3797 8182
6891 8267 8883
8267 6891 8883
8883 6891 8267
9351 310 14082
14082 310 9351
310 9351 14082
7740 5402 11251
11251 5402 7740
5402 7740 11251
6450 813 6462
6462 813 6450
813 6450 6462
7289 84 8851
8851 84 7289
84 7289 8851
4506 902 7505
7505 902 4506
902 4506 7505
4701 646 8941
646 4701 8941
8941 646 4701
5458 3988 12326
3988 5458 12326
12326 3988 5458
5736 7329 14577
14577 5736 7329
7329 5736 14577
1415 5061 13898
13898 1415 5061
5061 1415 13898
9483 5096 9002
5096 9002 9483
9002 5096 9483
13243 4032 13100
4032 13100 13243
13100 4032 13243
5728 1729 11637
1729 5728 11637
11637 1729 5728
3216 1124 14574
1124 3216 14574
14574 1124 3216
7219 2170 8699
8699 2170 7219
2170 7219 8699
3827 4281 4330
4281 3827 4330
4330 3827 4281
10009 3153 12746
12746 3153 10009
3153 10009 12746
8177 113 12577
12577 113 8177
113 8177 12577
986 9998 11039
9998 986 11039
11039 986 9998
2015 5600 8576
8576 2015 5600
5600 2015 8576
10958 684 10564
10564 684 10958
684 10564 10958
379 8966 14306
14306 379 8966
8966 379 14306
12193 7650 10597
10597 7650 12193
7650 10597 12193
8527 13287 14309
14309 8527 13287
13287 8527 14309
10501 7248 12812
7248 10501 12812
12812 7248 10501
8200 8091 14004
8091 8200 14004
14004 8091 8200
8035 5342 7182
7182 5342 8035
5342 7182 8035
12276 4256 11020
4256 11020 12276
11020 4256 12276
3554 4428 13328
4428 3554 13328
13328 3554 4428
12931 10902 11149
10902 11149 12931
11149 10902 12931
10761 7262 12493
12493 7262 10761
7262 10761 12493
7422 3113 12586
12586 3113 7422
3113 7422 12586
13778 2744 14055
2744 13778 14055
14055 2744 13778
8153 5641 6735
6735 5641 8153
5641 6735 8153
6299 1941 11091
11091 1941 6299
1941 6299 11091
2285 6478 12626
12626 2285 6478
6478 2285 12626
13708 1520 9626
1520 9626 13708
9626 1520 13708
10912 2664 9884
2664 9884 10912
9884 2664 10912
9766 1553 11836
11836 1553 9766
1553 9766 11836
10389 711 11204
11204 711 10389
711 10389 11204
4451 5066 8306
8306 4451 5066
5066 4451 8306
556 10665 12084
10665 556 12084
12084 556 10665
13625 7522 13662
13662 7522 13625
7522 13625 13662
12794 5889 8170
5889 8170 12794
8170 5889 12794
8369 11593 12065
12065 8369 11593
11593 8369 12065
6279 10754 14630
10754 6279 14630
14630 6279 10754
4483 9683 11173
9683 4483 11173
11173 4483 9683
5981 5970 8812
8812 5970 5981
5970 5981 8812
5799 1166 7445
1166 5799 7445
7445 1166 5799
9960 7602 8607
7602 8607 9960
8607 7602 9960
3201 9900 13029
13029 3201 9900
9900 3201 13029
7545 9479 14152
14152 7545 9479
9479 7545 14152
8099 3047 13361
13361 3047 8099
3047 8099 13361
1449 659 1863
1863 659 1449
659 1449 1863
14104 7097 9927
7097 9927 14104
9927 7097 14104
11748 2419 5414
2419 5414 11748
5414 2419 11748
7080 5451 10063
5451 7080 10063
10063 5451 7080
9172 878 10216
10216 878 9172
878 9172 10216
8042 3313 4741
3313 4741 8042
4741 3313 8042
2282 3531 14737
14737 2282 3531
3531 2282 14737
103 1693 11795
1693 103 11795
11795 103 1693
13344 6605 10008
6605 10008 13344
10008 6605 13344
8640 3771 10840
10840 3771 8640
3771 8640 10840
1895 2963 12664
12664 1895 2963
2963 1895 12664
8168 6378 9851
6378 8168 9851
9851 6378 8168
9692 1465 8290
1465 8290 9692
8290 1465 9692
5944 3779 13315
3779 5944 13315
13315 3779 5944
5571 7662 10183
7662 5571 10183
10183 5571 7662
10422 2873 4948
4948 2873 10422
2873 4948 10422
6427 1062 5428
5428 1062 6427
1062 5428 6427
14422 5016 5325
5325 5016 14422
5016 5325 14422
3588 394 613
613 394 3588
394 613 3588
4711 774 8180
774 4711 8180
8180 774 4711
13999 3483 6526
6526 3483 13999
3483 6526 13999
13976 611 8620
8620 611 13976
611 8620 13976
13055 2938 14705
2938 13055 14705
14705 2938 13055
6647 1214 10373
1214 6647 10373
10373 1214 6647
7802 10826 12143
10826 7802 12143
12143 7802 10826
10378 9991 14419
9991 10378 14419
14419 9991 10378
11494 4980 4993
4980 4993 11494
4993 4980 11494
13368 9920 13077
9920 13077 13368
13077 9920 13368
1566 2094 9036
9036 1566 2094
2094 1566 9036
4390 2256 13749
2256 4390 13749
13749 2256 4390
6150 9698 12077
9698 6150 12077
12077 6150 9698
6555 2708 11843
2708 6555 11843
11843 2708 6555
11369 7962 10828
7962 10828 11369
10828 7962 11369
1903 8109 10194
10194 1903 8109
8109 1903 10194
6536 2101 5005
5005 2101 6536
2101 5005 6536
14991 2232 11804
2232 11804 14991
11804 2232 14991
6671 4068 4149
4149 4068 6671
4068 4149 6671
247 3264 6171
3264 247 6171
6171 247 3264
1192 817 6561
817 1192 6561
6561 817 1192
10572 2021 5839
2021 5839 10572
5839 2021 10572
8269 4368 6491
4368 6491 8269
6491 4368 8269
9489 1746 9552
1746 9489 9552
9552 1746 9489
3345 1202 6284
6284 1202 3345
1202 3345 6284
1347 12026 13775
12026 1347 13775
13775 1347 12026
2642 1197 4395
4395 1197 2642
1197 2642 4395
3625 3217 4648
4648 3217 3625
3217 3625 4648
6841 2768 5655
2768 5655 6841
5655 2768 6841
4609 10706 14572
10706 4609 14572
14572 4609 10706
9085 2146 2491
2146 2491 9085
2491 2146 9085
12802 3863 7876
3863 7876 12802
7876 3863 12802
13284 3008 4349
3008 4349 13284
4349 3008 13284
12239 3269 3639
3639 3269 12239
3269 3639 12239
5267 2944 3157
2944 3157 5267
3157 2944 5267
7063 3754 11281
3754 7063 11281
11281 3754 7063
14394 1634 11124
1634 11124 14394
11124 1634 14394
6466 1984 8765
1984 6466 8765
8765 1984 6466
13455 9540 12730
9540 12730 13455
12730 9540 13455
10894 74 11760
74 10894 11760
11760 74 10894
11602 577 7378
577 7378 11602
7378 577 11602
3964 3701 3746
3746 3701 3964
3701 3746 3964
13366 122 8221
8221 122 13366
122 8221 13366
4718 13290 13820
13820 4718 13290
13290 4718 13820
1884 1450 11053
1450 1884 11053
11053 1450 1884
5913 1477 14231
14231 1477 5913
1477 5913 14231
4686 6739 9260
6739 4686 9260
9260 4686 6739
10382 201 588
588 201 10382
201 588 10382
9454 5853 11924
11924 5853 9454
5853 9454 11924
14533 3728 13493
3728 13493 14533
13493 3728 14533
884 3272 10363
10363 884 3272
3272 884 10363
7325 7474 9568
7474 7325 9568
9568 7325 7474
10956 1972 11436
11436 1972 10956
1972 10956 11436
2469 598 11404
11404 598 2469
598 2469 11404
4409 5019 5967
5967 4409 5019
5019 4409 5967
11054 4572 13208
13208 4572 11054
4572 11054 13208
8574 6027 12870
12870 6027 8574
6027 8574 12870
10113 13494 14470
14470 10113 13494
13494 10113 14470
11838 8078 11400
8078 11400 11838
11400 8078 11838
6885 3088 14910
14910 3088 6885
3088 6885 14910
2778 4299 4346
4299 2778 4346
4346 2778 4299
10402 542 7590
542 7590 10402
7590 542 10402
11013 2489 13560
13560 2489 11013
2489 11013 13560
14356 2609 11225
2609 11225 14356
11225 2609 14356
12800 4881 6464
4881 6464 12800
6464 4881 12800
14502 6862 12381
6862 12381 14502
12381 6862 14502
11170 5539 6412
6412 5539 11170
5539 6412 11170
8383 3841 11296
3841 8383 11296
11296 3841 8383
10717 1676 1719
1719 1676 10717
1676 1719 10717
5140 7010 9139
7010 5140 9139
9139 5140 7010
6594 1472 7488
1472 6594 7488
7488 1472 6594
1696 3974 12558
12558 1696 3974
3974 1696 12558
12843 5399 13433
13433 5399 12843
5399 12843 13433
2911 4024 12764
4024 2911 12764
12764 2911 4024
2886 4129 10464
4129 2886 10464
10464 2886 4129
2292 3318 5047
3318 2292 5047
5047 2292 3318
803 583 14075
14075 583 803
583 803 14075
11903 686 12449
12449 686 11903
686 11903 12449
5301 4 4296
4296 4 5301
4 4296 5301
2040 6169 8449
6169 2040 8449
8449 2040 6169
7037 5613 9011
5613 7037 9011
9011 5613 7037
14513 172 10776
10776 172 14513
172 10776 14513
9595 6799 8968
6799 8968 9595
8968 6799 9595
949 1581 3814
3814 949 1581
1581 949 3814
7227 9267 13136
13136 7227 9267
9267 7227 13136
8426 790 8475
790 8426 8475
8475 790 8426
4954 6217 10085
10085 4954 6217
6217 4954 10085
13288 717 6040
717 6040 13288
6040 717 13288
8784 7250 13984
13984 7250 8784
7250 8784 13984
13544 5457 10587
10587 5457 13544
5457 10587 13544
7136 11426 14754
11426 7136 14754
14754 7136 11426
11704 2187 8617
2187 8617 11704
8617 2187 11704
10672 4128 9866
9866 4128 10672
4128 9866 10672
8642 4951 10015
10015 4951 8642
4951 8642 10015
3850 3471 13740
13740 3471 3850
3471 3850 13740
11930 7471 11117
7471 11117 11930
11117 7471 11930
3164 182 2519
2519 182 3164
182 2519 3164
5537 1799 2820
2820 1799 5537
1799 2820 5537
8054 7691 14892
7691 8054 14892
14892 7691 8054
10121 1751 3520
1751 3520 10121
3520 1751 10121
13626 9763 9969
9969 9763 13626
9763 9969 13626
9164 3847 7701
3847 7701 9164
7701 3847 9164
12176 1423 13194
13194 1423 12176
1423 12176 13194
7833 453 3459
3459 453 7833
453 3459 7833
877 2116 11444
11444 877 2116
2116 877 11444
11237 10639 13229
13229 10639 11237
10639 11237 13229
5525 759 2084
2084 759 5525
759 2084 5525
1413 2416 14122
2416 1413 14122
14122 1413 2416
4916 381 755
755 381 4916
381 755 4916
9201 2762 11473
11473 2762 9201
2762 9201 11473
1555 5340 12172
12172 1555 5340
5340 1555 12172
7383 6684 7627
7627 6684 7383
6684 7383 7627
83 3256 5690
3256 83 5690
5690 83 3256
11805 6813 11512
6813 11512 11805
11512 6813 11805
7860 11366 12378
11366 7860 12378
12378 7860 11366
3852 4107 11279
11279 3852 4107
4107 3852 11279
4324 3923 9491
9491 3923 4324
3923 4324 9491
4894 10728 14810
10728 4894 14810
14810 4894 10728
12202 6731 11741
11741 6731 12202
6731 11741 12202
2553 90 5271
90 2553 5271
5271 90 2553
5707 3449 12331
12331 3449 5707
3449 5707 12331
4856 4385 9020
4385 4856 9020
9020 4385 4856
4903 6856 14343
14343 4903 6856
6856 4903 14343
1770 11479 14348
14348 1770 11479
11479 1770 14348
11526 634 11969
634 11526 11969
11969 634 11526
12986 1957 2225
1957 2225 12986
2225 1957 12986
7472 1070 14686
1070 7472 14686
14686 1070 7472
827 862 3649
3649 827 862
862 827 3649
8185 2899 12277
2899 8185 12277
12277 2899 8185
10992 1622 2204
1622 2204 10992
2204 1622 10992
12648 11423 14542
14542 11423 12648
11423 12648 14542
9993 7799 13300
7799 9993 13300
13300 7799 9993
7840 472 966
472 966 7840
966 472 7840
6966 8487 14635
14635 6966 8487
8487 6966 14635
7245 100 6186
6186 100 7245
100 6186 7245
7202 2454 7611
7611 2454 7202
2454 7202 7611
6791 2078 2942
2078 2942 6791
2942 2078 6791
8292 7032 12204
12204 7032 8292
7032 8292 12204
6688 2481 14099
2481 6688 14099
14099 2481 6688
1671 191 13167
191 1671 13167
13167 191 1671
1760 3894 7497
3894 1760 7497
7497 1760 3894
270 11565 12225
11565 270 12225
12225 270 11565
1206 3031 3735
3735 1206 3031
3031 1206 3735
2529 8023 10623
8023 2529 10623
10623 2529 8023
1521 6825 6924
6924 1521 6825
6825 1521 6924
14366 2074 3596
2074 3596 14366
3596 2074 14366
12921 1025 8708
1025 8708 12921
8708 1025 12921
4832 4478 14804
14804 4478 4832
4478 4832 14804
6099 7773 8978
8978 6099 7773
7773 6099 8978
5157 8036 12244
12244 5157 8036
8036 5157 12244
11958 7491 10490
7491 10490 11958
10490 7491 11958
6322 2889 14227
2889 6322 14227
14227 2889 6322
11065 2954 11438
2954 11065 11438
11438 2954 11065
7107 1401 3420
3420 1401 7107
1401 3420 7107
9663 3158 14002
14002 3158 9663
3158 9663 14002
11797 1661 5314
5314 1661 11797
1661 5314 11797
2513 1823 9593
9593 1823 2513
1823 2513 9593
14563 7376 11900
11900 7376 14563
7376 11900 14563
14939 3039 6733
6733 3039 14939
3039 6733 14939
9622 8583 13717
13717 8583 9622
8583 9622 13717
3383 10589 11131
11131 3383 10589
10589 3383 11131
10418 11770 12017
11770 10418 12017
12017 10418 11770
14107 8844 12221
8844 12221 14107
12221 8844 14107
1093 4101 9137
9137 1093 4101
4101 1093 9137
9530 1136 10146
10146 1136 9530
1136 9530 10146
14708 3836 12290
3836 12290 14708
12290 3836 14708
10980 14243 14728
14728 10980 14243
14243 10980 14728
1756 7786 10189
7786 1756 10189
10189 1756 7786
14906 1731 7827
7827 1731 14906
1731 7827 14906
10484 1410 4736
1410 4736 10484
4736 1410 10484
6012 5566 12255
12255 5566 6012
5566 6012 12255
13351 11009 11409
11409 11009 13351
11009 11409 13351
11806 3762 8402
3762 8402 11806
8402 3762 11806
14908 3690 14920
3690 14908 14920
14920 3690 14908
13847 9890 10152
9890 10152 13847
10152 9890 13847
983 364 12835
12835 364 983
364 983 12835
7000 3747 12004
12004 3747 7000
3747 7000 12004
1683 6707 13133
6707 1683 13133
13133 1683 6707
13723 8458 8521
8521 8458 13723
8458 8521 13723
14929 3843 12053
12053 3843 14929
3843 12053 14929
892 2738 7069
7069 892 2738
2738 892 7069
2145 1077 1709
1709 1077 2145
1077 1709 2145
36 2918 5208
2918 36 5208
5208 36 2918
14602 6422 12889
12889 6422 14602
6422 12889 14602
7811 4431 12117
4431 7811 12117
12117 4431 7811
6263 6814 10949
10949 6263 6814
6814 6263 10949
2596 5765 7675
7675 2596 5765
5765 2596 7675
1043 9639 13138
9639 1043 13138
13138 1043 9639
9832 4871 7839
7839 4871 9832
4871 7839 9832
9026 6438 8156
6438 8156 9026
8156 6438 9026
13444 9970 12787
9970 12787 13444
12787 9970 13444
9380 1314 3914
1314 3914 9380
3914 1314 9380
9959 670 10197
670 9959 10197
10197 670 9959
540 13309 14604
14604 540 13309
13309 540 14604
9086 5882 6372
5882 6372 9086
6372 5882 9086
7238 12112 13655
13655 7238 12112
12112 7238 13655
10079 2418 3175
2418 3175 10079
3175 2418 10079
6544 473 8316
8316 473 6544
473 6544 8316
10944 271 7769
271 7769 10944
7769 271 10944
3083 5384 11530
5384 3083 11530
11530 3083 5384
11330 1953 10699
10699 1953 11330
1953 10699 11330
13109 5903 12605
12605 5903 13109
5903 12605 13109
14225 733 4774
4774 733 14225
733 4774 14225
14253 10117 12649
10117 12649 14253
12649 10117 14253
3335 3619 10391
10391 3335 3619
3619 3335 10391
3751 5583 9624
9624 3751 5583
5583 3751 9624
24 7900 11556
7900 24 11556
11556 24 7900
12076 349 9159
349 9159 12076
9159 349 12076
2319 2424 12118
2424 2319 12118
12118 2319 2424
8408 7608 7703
7703 7608 8408
7608 7703 8408
3888 2218 14111
2218 3888 14111
14111 2218 3888
13566 4314 14132
4314 13566 14132
14132 4314 13566
13923 3981 12832
12832 3981 13923
3981 12832 13923
783 10049 11959
10049 783 11959
11959 783 10049
14997 5024 9022
5024 9022 14997
9022 5024 14997
5933 9079 13992
13992 5933 9079
9079 5933 13992
11497 11125 12341
12341 11125 11497
11125 11497 12341
4597 1639 14582
1639 4597 14582
14582 1639 4597
8769 619 14056
619 8769 14056
14056 619 8769
4981 11212 13115
11212 4981 13115
13115 4981 11212
13219 8363 13252
13252 8363 13219
8363 13219 13252
4594 1067 11340
11340 1067 4594
1067 4594 11340
4586 12949 13406
12949 4586 13406
13406 4586 12949
5869 11803 11873
11803 5869 11873
11873 5869 11803
1111 4709 14286
4709 1111 14286
14286 1111 4709
10931 11617 14768
14768 10931 11617
11617 10931 14768
7481 7514 14717
14717 7481 7514
7514 7481 14717
13319 2207 3873
3873 2207 13319
2207 3873 13319
11448 7342 12121
12121 7342 11448
7342 11448 12121
3582 7937 11964
11964 3582 7937
7937 3582 11964
13293 3734 13423
3734 13293 13423
13423 3734 13293
7369 5400 14627
5400 7369 14627
14627 5400 7369
2821 8174 13579
8174 2821 13579
13579 2821 8174
4882 7300 13160
13160 4882 7300
7300 4882 13160
9446 2169 13107
13107 2169 9446
2169 9446 13107
12037 726 1491
726 1491 12037
1491 726 12037
4381 8483 13722
13722 4381 8483
8483 4381 13722
11315 5592 8497
5592 8497 11315
8497 5592 11315
12427 4745 5459
4745 5459 12427
5459 4745 12427
13700 6531 11668
11668 6531 13700
6531 11668 13700
3955 960 10530
10530 960 3955
960 3955 10530
13643 2345 6533
6533 2345 13643
2345 6533 13643
2331 3634 7092
7092 2331 3634
3634 2331 7092
13570 1380 2290
2290 1380 13570
1380 2290 13570
12390 1648 13394
13394 1648 12390
1648 12390 13394
2647 2990 13727
13727 2647 2990
2990 2647 13727
3431 5264 5943
5264 3431 5943
5943 3431 5264
3736 5955 14184
14184 3736 5955
5955 3736 14184
7942 6487 14466
14466 6487 7942
6487 7942 14466
173 6756 13325
6756 173 13325
13325 173 6756
7411 13695 14633
14633 7411 13695
13695 7411 14633
1088 7088 11028
7088 1088 11028
11028 1088 7088
8525 10773 14049
10773 8525 14049
14049 8525 10773
5491 8038 12080
12080 5491 8038
8038 5491 12080
4160 7130 14623
7130 4160 14623
14623 4160 7130
10320 9499 11558
11558 9499 10320
9499 10320 11558
14902 982 7750
982 7750 14902
7750 982 14902
3662 9689 9796
9689 3662 9796
9796 3662 9689
5113 4913 10175
4913 5113 10175
10175 4913 5113
14353 6658 9244
6658 9244 14353
9244 6658 14353
5994 8052 11618
11618 5994 8052
8052 5994 11618
6008 9714 12091
12091 6008 9714
9714 6008 12091
7656 1091 13506
1091 7656 13506
13506 1091 7656
7621 11192 12625
12625 7621 11192
11192 7621 12625
7576 9391 10272
9391 7576 10272
10272 7576 9391
5408 4645 12561
4645 5408 12561
12561 4645 5408
12296 2574 2878
2574 2878 12296
2878 2574 12296
6969 565 7584
565 6969 7584
7584 565 6969
12857 2765 2849
2765 2849 12857
2849 2765 12857
1218 1306 9105
1306 1218 9105
9105 1218 1306
5367 5023 8668
8668 5023 5367
5023 5367 8668
2284 386 11636
11636 386 2284
386 2284 11636
4463 4619 8724
8724 4463 4619
4619 4463 8724
10529 2407 11040
11040 2407 10529
2407 10529 11040
3495 10664 13659
10664 3495 13659
13659 3495 10664
13273 9327 9367
9327 9367 13273
9367 9327 13273
13983 4106 10978
4106 10978 13983
10978 4106 13983
7065 3910 10042
3910 7065 10042
10042 3910 7065
1056 1342 13042
1342 1056 13042
13042 1056 1342
13240 2494 13952
2494 13240 13952
13952 2494 13240
13721 9195 11018
11018 9195 13721
9195 11018 13721
843 10419 11590
10419 843 11590
11590 843 10419
12818 8719 8791
8719 8791 12818
8791 8719 12818
6837 6115 8065
6115 6837 8065
8065 6115 6837
6500 1922 6429
6429 1922 6500
1922 6429 6500
12268 7717 9074
9074 7717 12268
7717 9074 12268
104 2927 13950
13950 104 2927
2927 104 13950
2903 7191 7963
7191 2903 7963
7963 2903 7191
10005 858 2717
858 2717 10005
2717 858 10005
11357 1330 13905
13905 1330 11357
1330 11357 13905
10294 4518 11529
11529 4518 10294
4518 10294 11529
3660 11455 12033
11455 3660 12033
12033 3660 11455
8664 10269 11859
10269 8664 11859
11859 8664 10269
7667 2281 7819
2281 7667 7819
7819 2281 7667
3129 7654 12608
7654 3129 12608
12608 3129 7654
13849 7853 12478
7853 12478 13849
12478 7853 13849
11732 1298 6585
6585 1298 11732
1298 6585 11732
3717 7431 10514
7431 3717 10514
10514 3717 7431
4649 819 14124
819 4649 14124
14124 819 4649
14549 12749 13748
13748 12749 14549
12749 13748 14549
4621 2321 2534
2534 2321 4621
2321 2534 4621
915 480 11894
