6333 1791 1974
1974 1791 6333
1791 1974 6333
6763 2083 11033
2083 6763 11033
11033 2083 6763
12010 12814 12957
12814 12010 12957
12957 12010 12814
8026 7485 14527
7485 8026 14527
14527 7485 8026
14517 794 5084
5084 794 14517
794 5084 14517
4116 6236 9731
9731 4116 6236
6236 4116 9731
2873 8892 10309
8892 2873 10309
10309 2873 8892
3140 6731 8815
6731 3140 8815
8815 3140 6731
12788 10937 14458
10937 12788 14458
14458 10937 12788
9785 168 11724
168 9785 11724
11724 168 9785
3757 4260 13432
4260 3757 13432
13432 3757 4260
3949 5295 9344
5295 3949 9344
9344 3949 5295
12060 2563 5469
2563 5469 12060
5469 2563 12060
6574 3338 11439
11439 3338 6574
3338 6574 11439
14532 5759 11897
11897 5759 14532
5759 11897 14532
8260 5170 10380
10380 5170 8260
5170 8260 10380
12197 3488 7118
7118 3488 12197
3488 7118 12197
12173 104 1393
104 1393 12173
1393 104 12173
178 3445 12337
3445 178 12337
12337 178 3445
6897 871 11859
871 6897 11859
11859 871 6897
9105 715 2777
2777 715 9105
715 2777 9105
6658 2748 11460
2748 6658 11460
11460 2748 6658
8245 8478 10514
10514 8245 8478
8478 8245 10514
8292 7419 9064
7419 8292 9064
9064 7419 8292
6805 6232 14479
14479 6232 6805
6232 6805 14479
2471 1489 6560
6560 1489 2471
1489 2471 6560
1372 2917 11979
2917 1372 11979
11979 1372 2917
9824 2733 5733
5733 2733 9824
2733 5733 9824
6388 3814 7469
3814 6388 7469
7469 3814 6388
3184 7752 8793
7752 3184 8793
8793 3184 7752
11696 984 7064
7064 984 11696
984 7064 11696
8623 975 2281
2281 975 8623
975 2281 8623
13880 3634 8923
3634 8923 13880
8923 3634 13880
5004 2366 13101
2366 5004 13101
13101 2366 5004
7791 1320 12455
12455 1320 7791
1320 7791 12455
9275 404 8538
404 8538 9275
8538 404 9275
9493 2357 2467
2467 2357 9493
2357 2467 9493
14028 2602 13138
2602 13138 14028
13138 2602 14028
14240 10354 10715
10715 10354 14240
10354 10715 14240
12964 8340 13409
8340 12964 13409
13409 8340 12964
13841 3041 7759
3041 7759 13841
7759 3041 13841
9737 11930 14288
14288 9737 11930
11930 9737 14288
3370 5258 8295
8295 3370 5258
5258 3370 8295
6862 108 7213
7213 108 6862
108 6862 7213
6117 1008 3005
1008 3005 6117
3005 1008 6117
837 4824 10990
4824 837 10990
10990 837 4824
2794 6931 8732
6931 2794 8732
8732 2794 6931
9500 8919 12720
8919 9500 12720
12720 8919 9500
13237 1869 11758
1869 11758 13237
11758 1869 13237
13934 3512 5140
3512 5140 13934
5140 3512 13934
11246 7876 10712
10712 7876 11246
7876 10712 11246
14566 4942 12587
4942 12587 14566
12587 4942 14566
8640 2107 4233
2107 4233 8640
4233 2107 8640
3335 6028 12034
12034 3335 6028
6028 3335 12034
7221 787 9873
9873 787 7221
787 7221 9873
12872 4075 14708
14708 4075 12872
4075 12872 14708
5510 2940 6435
6435 2940 5510
2940 5510 6435
764 11852 14470
11852 764 14470
14470 764 11852
3189 11278 14159
14159 3189 11278
11278 3189 14159
10814 1881 6863
1881 6863 10814
6863 1881 10814
7183 8742 9003
8742 7183 9003
9003 7183 8742
8053 3498 10110
3498 8053 10110
10110 3498 8053
4014 164 14863
164 4014 14863
14863 164 4014
2476 6207 9082
9082 2476 6207
6207 2476 9082
2829 12509 13549
13549 2829 12509
12509 2829 13549
6846 6185 7945
6185 6846 7945
7945 6185 6846
13647 1229 1549
1549 1229 13647
1229 1549 13647
1820 402 5625
5625 402 1820
402 1820 5625
2432 5532 10864
10864 2432 5532
5532 2432 10864
8249 7851 9888
7851 8249 9888
9888 7851 8249
14137 11732 12346
11732 12346 14137
12346 11732 14137
14792 176 14099
176 14099 14792
14099 176 14792
13401 1088 2729
1088 2729 13401
2729 1088 13401
1421 8417 13282
8417 1421 13282
13282 1421 8417
8869 10483 12967
10483 8869 12967
12967 8869 10483
11846 3499 8829
8829 3499 11846
3499 8829 11846
1338 2693 14984
2693 1338 14984
14984 1338 2693
450 76 12835
12835 76 450
76 450 12835
10546 6238 9160
9160 6238 10546
6238 9160 10546
12206 8050 8122
8050 8122 12206
8122 8050 12206
4863 3418 12785
3418 4863 12785
12785 3418 4863
12332 1451 1652
1652 1451 12332
1451 1652 12332
3414 1198 13320
1198 3414 13320
13320 1198 3414
8592 2465 11027
11027 2465 8592
2465 8592 11027
1002 7685 10062
7685 1002 10062
10062 1002 7685
8242 9461 13125
13125 8242 9461
9461 8242 13125
6445 5248 14118
14118 5248 6445
5248 6445 14118
4163 1348 1450
1450 1348 4163
1348 1450 4163
10189 5747 9389
9389 5747 10189
5747 9389 10189
9813 2258 14557
14557 2258 9813
2258 9813 14557
5058 9841 13365
13365 5058 9841
9841 5058 13365
3027 9421 11845
9421 3027 11845
11845 3027 9421
14778 6181 13235
6181 13235 14778
13235 6181 14778
5223 1044 11066
1044 5223 11066
11066 1044 5223
12121 942 4686
942 4686 12121
4686 942 12121
7793 3016 7044
3016 7044 7793
7044 3016 7793
14401 3783 7109
7109 3783 14401
3783 7109 14401
10387 1417 3160
3160 1417 10387
1417 3160 10387
2114 1020 8819
8819 1020 2114
1020 2114 8819
7226 5012 7936
7936 5012 7226
5012 7226 7936
3748 7468 14026
7468 3748 14026
14026 3748 7468
4622 2226 6754
6754 2226 4622
2226 4622 6754
2746 2006 14714
14714 2006 2746
2006 2746 14714
6150 1130 8125
1130 6150 8125
8125 1130 6150
7507 11368 12351
11368 7507 12351
12351 7507 11368
4263 8265 9927
9927 4263 8265
8265 4263 9927
4231 11280 12646
12646 4231 11280
11280 4231 12646
9514 4541 9712
4541 9514 9712
9712 4541 9514
9944 13727 13734
13727 9944 13734
13734 9944 13727
244 1814 10288
10288 244 1814
1814 244 10288
6441 12169 13294
12169 6441 13294
13294 6441 12169
3119 6954 14193
6954 3119 14193
14193 3119 6954
8577 9764 11052
11052 8577 9764
9764 8577 11052
417 9147 13343
13343 417 9147
9147 417 13343
11149 5800 10449
10449 5800 11149
5800 10449 11149
7631 3423 10800
3423 7631 10800
10800 3423 7631
3533 4338 13396
13396 3533 4338
4338 3533 13396
2175 2799 5206
2799 2175 5206
5206 2175 2799
6063 54 8034
54 6063 8034
8034 54 6063
11889 9994 10657
10657 9994 11889
9994 10657 11889
11822 134 6483
6483 134 11822
134 6483 11822
2062 3315 8550
3315 2062 8550
8550 2062 3315
6086 5537 6734
5537 6086 6734
6734 5537 6086
11997 9903 10473
10473 9903 11997
9903 10473 11997
7781 9492 14999
9492 7781 14999
14999 7781 9492
10726 3973 6594
6594 3973 10726
3973 6594 10726
12099 7313 12698
7313 12099 12698
12698 7313 12099
4355 11163 11630
11163 4355 11630
11630 4355 11163
11265 3490 8484
3490 8484 11265
8484 3490 11265
10974 1744 3577
1744 3577 10974
3577 1744 10974
13024 8702 12075
12075 8702 13024
8702 12075 13024
3903 7378 10662
7378 3903 10662
10662 3903 7378
14316 8906 10296
8906 10296 14316
10296 8906 14316
671 2809 3972
3972 671 2809
2809 671 3972
10895 3339 8823
3339 8823 10895
8823 3339 10895
9628 4422 5548
4422 5548 9628
5548 4422 9628
261 1745 3595
3595 261 1745
1745 261 3595
14811 3625 8664
8664 3625 14811
3625 8664 14811
1046 8524 8879
8879 1046 8524
8524 1046 8879
7540 377 2191
2191 377 7540
377 2191 7540
14096 8135 14891
14891 8135 14096
8135 14096 14891
9816 4586 8762
4586 8762 9816
8762 4586 9816
5606 2865 11393
2865 5606 11393
11393 2865 5606
3043 1941 9194
9194 1941 3043
1941 3043 9194
13472 910 10276
10276 910 13472
910 10276 13472
9106 11318 14670
14670 9106 11318
11318 9106 14670
2991 401 1799
1799 401 2991
401 1799 2991
1180 3905 13706
3905 1180 13706
13706 1180 3905
9458 2004 9027
2004 9027 9458
9027 2004 9458
6283 3958 10091
3958 6283 10091
10091 3958 6283
842 4599 13854
13854 842 4599
4599 842 13854
1577 316 2217
316 1577 2217
2217 316 1577
8893 1431 5691
5691 1431 8893
1431 5691 8893
7560 8293 9004
9004 7560 8293
8293 7560 9004
4680 7494 11633
7494 4680 11633
11633 4680 7494
4690 1844 10275
1844 4690 10275
10275 1844 4690
11933 2645 8363
2645 8363 11933
8363 2645 11933
2964 706 5190
5190 706 2964
706 2964 5190
4011 1936 7518
1936 4011 7518
7518 1936 4011
3340 10463 14775
10463 3340 14775
14775 3340 10463
3618 7711 8728
8728 3618 7711
7711 3618 8728
12566 547 2164
547 2164 12566
2164 547 12566
4318 64 2374
64 2374 4318
2374 64 4318
153 11531 14616
14616 153 11531
11531 153 14616
11202 1058 7164
1058 7164 11202
7164 1058 11202
4109 3063 5420
5420 3063 4109
3063 4109 5420
3492 12811 14843
12811 3492 14843
14843 3492 12811
11746 44 11848
11848 44 11746
44 11746 11848
4716 6099 8588
8588 4716 6099
6099 4716 8588
929 3147 6815
6815 929 3147
3147 929 6815
4077 5590 6266
5590 4077 6266
6266 4077 5590
1314 769 5960
5960 769 1314
769 1314 5960
3560 6406 8655
8655 3560 6406
6406 3560 8655
89 6855 11844
11844 89 6855
6855 89 11844
802 5711 11470
5711 802 11470
11470 802 5711
12799 1390 4635
4635 1390 12799
1390 4635 12799
4219 5174 12705
5174 4219 12705
12705 4219 5174
6067 7458 10240
7458 6067 10240
10240 6067 7458
5496 3713 6440
6440 3713 5496
3713 5496 6440
13088 9343 14594
14594 9343 13088
9343 13088 14594
2886 7821 11076
11076 2886 7821
7821 2886 11076
11681 7537 8638
7537 8638 11681
8638 7537 11681
4339 5421 7558
7558 4339 5421
5421 4339 7558
439 3874 6786
3874 439 6786
6786 439 3874
4429 5611 13093
5611 4429 13093
13093 4429 5611
2392 5197 10666
5197 2392 10666
10666 2392 5197
2291 11461 12022
11461 2291 12022
12022 2291 11461
6007 747 7065
7065 747 6007
747 6007 7065
2223 12108 12826
12826 2223 12108
12108 2223 12826
5459 4448 5225
4448 5225 5459
5225 4448 5459
4912 4663 13248
13248 4663 4912
4663 4912 13248
12609 6829 10646
6829 10646 12609
10646 6829 12609
11401 10177 14619
14619 10177 11401
10177 11401 14619
2050 7569 7790
7790 2050 7569
7569 2050 7790
6496 2142 14500
2142 6496 14500
14500 2142 6496
13789 10545 12578
12578 10545 13789
10545 12578 13789
10418 8392 12901
12901 8392 10418
8392 10418 12901
10768 5628 8667
5628 8667 10768
8667 5628 10768
2707 2292 6318
2292 2707 6318
6318 2292 2707
11629 8581 13129
8581 11629 13129
13129 8581 11629
12658 3402 13434
3402 12658 13434
13434 3402 12658
12962 385 7694
385 7694 12962
7694 385 12962
14400 7777 13548
7777 13548 14400
13548 7777 14400
10136 522 14875
14875 522 10136
522 10136 14875
10456 7523 7654
7523 7654 10456
7654 7523 10456
3078 3364 10956
3364 3078 10956
10956 3078 3364
7198 444 12898
444 7198 12898
12898 444 7198
14621 8908 11667
11667 8908 14621
8908 11667 14621
13376 5931 13845
13845 5931 13376
5931 13376 13845
14178 2622 3487
3487 2622 14178
2622 3487 14178
9839 2337 8244
8244 2337 9839
2337 8244 9839
3594 2189 4664
4664 2189 3594
2189 3594 4664
1648 8485 13274
13274 1648 8485
8485 1648 13274
7583 5205 11511
5205 7583 11511
11511 5205 7583
9910 659 13020
13020 659 9910
659 9910 13020
12281 5386 11785
5386 11785 12281
11785 5386 12281
4155 1877 14955
1877 4155 14955
14955 1877 4155
878 1354 10922
10922 878 1354
1354 878 10922
7702 5545 9727
5545 7702 9727
9727 5545 7702
14504 5453 10982
5453 10982 14504
10982 5453 14504
8722 8978 14564
8978 8722 14564
14564 8722 8978
10224 10478 14571
14571 10224 10478
10478 10224 14571
9564 5603 12298
12298 5603 9564
5603 9564 12298
14426 6684 8119
6684 8119 14426
8119 6684 14426
7277 3739 6206
6206 3739 7277
3739 6206 7277
11522 2251 4434
4434 2251 11522
2251 4434 11522
6793 3993 8571
8571 3993 6793
3993 6793 8571
10471 6010 6604
6604 6010 10471
6010 6604 10471
13705 2915 13775
13775 2915 13705
2915 13705 13775
14269 4244 11325
11325 4244 14269
4244 11325 14269
12330 4048 6813
6813 4048 12330
4048 6813 12330
7903 2393 14286
2393 7903 14286
14286 2393 7903
1004 4050 5154
4050 1004 5154
5154 1004 4050
9320 3190 10486
3190 9320 10486
10486 3190 9320
1115 1858 13655
13655 1115 1858
1858 1115 13655
9711 8333 9179
9179 8333 9711
8333 9179 9711
13702 847 11101
847 11101 13702
11101 847 13702
14982 4146 9297
9297 4146 14982
4146 9297 14982
8608 13500 13788
13500 8608 13788
13788 8608 13500
12981 4350 4907
4907 4350 12981
4350 4907 12981
12607 6453 6934
6453 6934 12607
6934 6453 12607
9371 3316 4220
3316 4220 9371
4220 3316 9371
7280 3001 4306
4306 3001 7280
3001 4306 7280
12256 8389 12815
8389 12256 12815
12815 8389 12256
6694 13011 14198
13011 6694 14198
14198 6694 13011
9148 4245 13862
13862 4245 9148
4245 9148 13862
2166 2311 7242
2311 2166 7242
7242 2166 2311
11029 1218 4823
4823 1218 11029
1218 4823 11029
6274 7336 8997
7336 6274 8997
8997 6274 7336
14895 2519 13644
2519 13644 14895
13644 2519 14895
5503 2883 3740
3740 2883 5503
2883 3740 5503
9998 4887 7549
7549 4887 9998
4887 7549 9998
10788 9387 11150
9387 10788 11150
11150 9387 10788
6262 935 1138
1138 935 6262
935 1138 6262
2500 12904 14377
14377 2500 12904
12904 2500 14377
7622 5202 7441
7441 5202 7622
5202 7441 7622
6727 1990 12866
12866 1990 6727
1990 6727 12866
9915 390 5814
390 5814 9915
5814 390 9915
409 2277 8147
8147 409 2277
2277 409 8147
10784 8255 9358
9358 8255 10784
8255 9358 10784
10718 4916 12349
12349 4916 10718
4916 10718 12349
4814 1012 6581
6581 1012 4814
1012 4814 6581
8543 3131 6233
6233 3131 8543
3131 6233 8543
933 593 1854
593 933 1854
1854 593 933
3438 3836 7849
3836 3438 7849
7849 3438 3836
12096 2165 7683
2165 7683 12096
7683 2165 12096
9753 8911 11306
11306 8911 9753
8911 9753 11306
6344 4297 6376
4297 6344 6376
6376 4297 6344
558 11556 12861
12861 558 11556
11556 558 12861
2662 5134 5928
5928 2662 5134
5134 2662 5928
6366 393 10167
10167 393 6366
393 6366 10167
10144 9878 13779
9878 10144 13779
13779 9878 10144
8642 5030 13004
13004 5030 8642
5030 8642 13004
4368 5906 11373
11373 4368 5906
5906 4368 11373
8087 4612 12441
12441 4612 8087
4612 8087 12441
6987 2340 11951
2340 6987 11951
11951 2340 6987
6245 7664 11886
7664 6245 11886
11886 6245 7664
3050 6304 11893
6304 3050 11893
11893 3050 6304
7736 9853 10880
10880 7736 9853
9853 7736 10880
10156 12064 13829
13829 10156 12064
12064 10156 13829
6208 8158 10141
10141 6208 8158
8158 6208 10141
12110 8858 9023
9023 8858 12110
8858 9023 12110
4366 12279 13435
12279 4366 13435
13435 4366 12279
70 2593 3390
3390 70 2593
2593 70 3390
7774 59 9688
59 7774 9688
9688 59 7774
10667 1329 8206
8206 1329 10667
1329 8206 10667
3118 13 8291
13 3118 8291
8291 13 3118
5101 488 7787
7787 488 5101
488 5101 7787
14213 9556 13226
9556 13226 14213
13226 9556 14213
2211 686 11482
686 2211 11482
11482 686 2211
105 10061 10717
10061 105 10717
10717 105 10061
3351 1940 6159
6159 1940 3351
1940 3351 6159
1653 12821 14409
12821 1653 14409
14409 1653 12821
14436 1342 6922
6922 1342 14436
1342 6922 14436
196 5888 6616
6616 196 5888
5888 196 6616
4827 5504 12518
5504 4827 12518
12518 4827 5504
3042 8935 10697
10697 3042 8935
8935 3042 10697
3502 3612 8767
8767 3502 3612
3612 3502 8767
1097 9750 12723
9750 1097 12723
12723 1097 9750
4006 4226 7908
4226 4006 7908
7908 4006 4226
12670 6260 13991
13991 6260 12670
6260 12670 13991
7966 2034 14705
14705 2034 7966
2034 7966 14705
7561 7359 9908
7359 7561 9908
9908 7359 7561
6295 761 10246
761 6295 10246
10246 761 6295
13107 4826 9015
4826 9015 13107
9015 4826 13107
4054 226 10710
10710 226 4054
226 4054 10710
26 5597 13105
5597 26 13105
13105 26 5597
1015 2102 13162
2102 1015 13162
13162 1015 2102
11562 857 2604
2604 857 11562
857 2604 11562
8973 10254 14979
14979 8973 10254
10254 8973 14979
4230 2550 12512
2550 4230 12512
12512 2550 4230
14119 2324 11036
2324 11036 14119
11036 2324 14119
14309 8949 11757
8949 11757 14309
11757 8949 14309
5505 4751 14355
14355 4751 5505
4751 5505 14355
2116 9811 10331
9811 2116 10331
10331 2116 9811
10206 4951 12247
12247 4951 10206
4951 10206 12247
9751 7606 10663
7606 9751 10663
10663 7606 9751
11049 4503 11725
4503 11049 11725
11725 4503 11049
7050 4516 8368
4516 7050 8368
8368 4516 7050
1265 6824 7804
7804 1265 6824
6824 1265 7804
14354 510 9644
9644 510 14354
510 9644 14354
14245 4177 8331
4177 8331 14245
8331 4177 14245
10770 9033 13599
13599 9033 10770
9033 10770 13599
11980 3082 9413
3082 9413 11980
9413 3082 11980
1511 6524 8197
6524 1511 8197
8197 1511 6524
1067 3673 14031
3673 1067 14031
14031 1067 3673
11032 6380 9826
9826 6380 11032
6380 9826 11032
2499 6989 14418
14418 2499 6989
6989 2499 14418
1883 5003 12419
12419 1883 5003
5003 1883 12419
3629 11343 14519
11343 3629 14519
14519 3629 11343
1018 3350 7580
3350 1018 7580
7580 1018 3350
14287 8332 12965
12965 8332 14287
8332 12965 14287
6771 149 2525
2525 149 6771
149 2525 6771
13861 304 11362
304 11362 13861
11362 304 13861
8960 3400 7754
3400 7754 8960
7754 3400 8960
11422 678 1028
1028 678 11422
678 1028 11422
7641 5192 8615
8615 5192 7641
5192 7641 8615
14970 6837 12440
6837 12440 14970
12440 6837 14970
7578 1552 1966
1552 1966 7578
1966 1552 7578
5027 5699 9229
9229 5027 5699
5699 5027 9229
6015 8406 8741
8406 6015 8741
8741 6015 8406
12130 7358 14754
14754 7358 12130
7358 12130 14754
13145 757 3504
3504 757 13145
757 3504 13145
13473 9571 14086
9571 13473 14086
14086 9571 13473
9215 4941 6142
6142 4941 9215
4941 6142 9215
11960 5186 7154
5186 7154 11960
7154 5186 11960
697 1307 10358
10358 697 1307
1307 697 10358
7365 4201 13927
13927 4201 7365
4201 7365 13927
7815 490 5216
490 5216 7815
5216 490 7815
12136 6033 14030
6033 12136 14030
14030 6033 12136
5108 7337 8062
7337 5108 8062
8062 5108 7337
6645 9153 11873
11873 6645 9153
9153 6645 11873
6466 6430 13284
6430 6466 13284
13284 6430 6466
1923 684 12007
12007 684 1923
684 1923 12007
9570 11672 14624
14624 9570 11672
11672 9570 14624
2666 1629 8029
8029 1629 2666
1629 2666 8029
9634 2860 5397
2860 5397 9634
5397 2860 9634
7285 5037 7639
7639 5037 7285
5037 7285 7639
5951 3557 9769
9769 3557 5951
3557 5951 9769
14731 6367 14496
14496 6367 14731
6367 14496 14731
3259 6258 10106
6258 3259 10106
10106 3259 6258
6692 7353 9923
7353 6692 9923
9923 6692 7353
5707 832 6183
6183 832 5707
832 5707 6183
7896 5602 9014
9014 5602 7896
5602 7896 9014
12391 11209 14935
11209 12391 14935
14935 11209 12391
10283 5249 8143
5249 8143 10283
8143 5249 10283
3349 270 9186
270 3349 9186
9186 270 3349
735 2120 11989
11989 735 2120
2120 735 11989
1373 5 3015
5 1373 3015
3015 5 1373
14963 11157 13433
13433 11157 14963
11157 13433 14963
7350 10257 14094
14094 7350 10257
10257 7350 14094
5255 1084 12654
1084 5255 12654
12654 1084 5255
6131 4382 6673
6673 4382 6131
4382 6131 6673
3250 8270 14929
14929 3250 8270
8270 3250 14929
7808 4124 8635
4124 7808 8635
8635 4124 7808
8515 14143 14272
14143 8515 14272
14272 8515 14143
10732 2658 14790
14790 2658 10732
2658 10732 14790
11491 932 5607
932 5607 11491
5607 932 11491
2328 11178 14512
11178 2328 14512
14512 2328 11178
5129 4758 11198
4758 5129 11198
11198 4758 5129
1128 10390 13836
13836 1128 10390
10390 1128 13836
8309 4621 13521
13521 4621 8309
4621 8309 13521
1950 12292 12685
12292 1950 12685
12685 1950 12292
8397 4570 9977
4570 8397 9977
9977 4570 8397
10057 6287 11988
11988 6287 10057
6287 10057 11988
13266 216 14750
216 13266 14750
14750 216 13266
3412 7144 9368
9368 3412 7144
7144 3412 9368
2904 1098 13758
1098 2904 13758
13758 1098 2904
12012 5256 6341
5256 6341 12012
6341 5256 12012
143 1181 6556
1181 143 6556
6556 143 1181
10608 3746 13802
13802 3746 10608
3746 10608 13802
8746 1101 13699
1101 8746 13699
13699 1101 8746
8817 6097 7968
7968 6097 8817
6097 7968 8817
13270 7789 8863
8863 7789 13270
7789 8863 13270
9224 6013 6704
6704 6013 9224
6013 6704 9224
3324 10987 12652
10987 3324 12652
12652 3324 10987
2877 1829 12050
12050 1829 2877
1829 2877 12050
12502 10593 12869
10593 12502 12869
12869 10593 12502
11464 5589 9592
5589 9592 11464
9592 5589 11464
7628 10654 11771
11771 7628 10654
10654 7628 11771
8877 6564 10071
10071 6564 8877
6564 8877 10071
5309 4982 6014
6014 4982 5309
4982 5309 6014
14455 9168 9778
9168 9778 14455
9778 9168 14455
3032 1998 5663
1998 3032 5663
5663 1998 3032
3080 2124 11279
11279 2124 3080
2124 3080 11279
3851 6093 14718
6093 3851 14718
14718 3851 6093
7783 101 1958
1958 101 7783
101 1958 7783
1777 465 3848
3848 465 1777
465 1777 3848
9938 5572 12380
12380 5572 9938
5572 9938 12380
12908 7205 14991
14991 7205 12908
7205 12908 14991
5728 3441 14441
14441 3441 5728
3441 5728 14441
6952 9871 14353
9871 6952 14353
14353 6952 9871
872 4651 5991
5991 872 4651
4651 872 5991
6683 585 8071
585 6683 8071
8071 585 6683
1251 5835 14293
14293 1251 5835
5835 1251 14293
11268 860 3828
860 3828 11268
3828 860 11268
12882 3182 9522
9522 3182 12882
3182 9522 12882
9966 6244 11612
6244 9966 11612
11612 6244 9966
12549 589 13096
13096 589 12549
589 12549 13096
12379 5271 5490
5490 5271 12379
5271 5490 12379
11742 2641 9882
2641 9882 11742
9882 2641 11742
7581 5768 12635
5768 7581 12635
12635 5768 7581
14472 1163 7311
7311 1163 14472
1163 7311 14472
6546 2036 8169
8169 2036 6546
2036 6546 8169
14601 6134 13528
6134 13528 14601
13528 6134 14601
12536 29 8380
8380 29 12536
29 8380 12536
9766 3866 14650
3866 9766 14650
14650 3866 9766
6389 5570 14933
14933 5570 6389
5570 6389 14933
10707 9919 13487
9919 10707 13487
13487 9919 10707
8715 10114 11650
10114 8715 11650
11650 8715 10114
3927 3054 14120
14120 3054 3927
3054 3927 14120
4842 130 12905
12905 130 4842
130 4842 12905
9664 560 10869
560 9664 10869
10869 560 9664
6593 1905 12229
12229 1905 6593
1905 6593 12229
9063 4597 12757
4597 9063 12757
12757 4597 9063
7927 2119 5164
5164 2119 7927
2119 5164 7927
7001 3579 6971
3579 6971 7001
6971 3579 7001
12589 4218 7938
7938 4218 12589
4218 7938 12589
4085 8285 10332
10332 4085 8285
8285 4085 10332
12692 7577 13964
7577 12692 13964
13964 7577 12692
5770 4822 14595
14595 4822 5770
4822 5770 14595
9822 10364 14200
14200 9822 10364
10364 9822 14200
9988 11148 11489
11148 9988 11489
11489 9988 11148
7894 5729 14095
5729 7894 14095
14095 5729 7894
4935 3167 7972
3167 4935 7972
7972 3167 4935
5540 3710 8064
8064 3710 5540
3710 5540 8064
2636 179 8136
8136 179 2636
179 2636 8136
5317 166 9695
166 5317 9695
9695 166 5317
10633 383 10280
10280 383 10633
383 10280 10633
2152 7491 8009
8009 2152 7491
7491 2152 8009
5616 5598 8605
8605 5598 5616
5598 5616 8605
9346 709 14506
14506 709 9346
709 9346 14506
7674 7473 9066
9066 7473 7674
7473 7674 9066
12648 1375 13258
13258 1375 12648
1375 12648 13258
3636 8953 9912
9912 3636 8953
8953 3636 9912
2344 7670 13373
7670 2344 13373
13373 2344 7670
5958 7995 12580
12580 5958 7995
7995 5958 12580
5109 1857 7265
7265 1857 5109
1857 5109 7265
12057 6306 10752
6306 10752 12057
10752 6306 12057
12749 1664 7875
1664 7875 12749
7875 1664 12749
9783 4871 10093
10093 4871 9783
4871 9783 10093
13467 12364 12886
12886 12364 13467
12364 12886 13467
1003 3176 7620
3176 1003 7620
7620 1003 3176
6638 2376 13892
13892 2376 6638
2376 6638 13892
3362 2817 7267
7267 2817 3362
2817 3362 7267
7742 3279 10214
3279 7742 10214
10214 3279 7742
11651 12137 13150
12137 11651 13150
13150 11651 12137
6711 2218 11574
2218 6711 11574
11574 2218 6711
1758 9372 11060
11060 1758 9372
9372 1758 11060
7536 6878 13673
6878 7536 13673
13673 6878 7536
9716 1623 12523
12523 1623 9716
1623 9716 12523
13816 6057 13784
6057 13784 13816
13784 6057 13816
9425 1374 7575
1374 7575 9425
7575 1374 9425
11102 4242 9048
4242 9048 11102
9048 4242 11102
11172 2205 8129
2205 8129 11172
8129 2205 11172
10432 9517 14609
9517 10432 14609
14609 9517 10432
11016 274 3531
3531 274 11016
274 3531 11016
11907 3787 8832
8832 3787 11907
3787 8832 11907
7739 2341 11002
2341 7739 11002
11002 2341 7739
946 329 3112
3112 329 946
329 946 3112
14862 3642 5224
5224 3642 14862
3642 5224 14862
14662 9364 10780
10780 9364 14662
9364 10780 14662
4383 2130 5017
5017 2130 4383
2130 4383 5017
10285 5021 12480
5021 10285 12480
12480 5021 10285
13240 4189 12089
12089 4189 13240
4189 12089 13240
5639 14454 14688
14688 5639 14454
14454 5639 14688
2032 4940 7911
7911 2032 4940
4940 2032 7911
7532 4933 14887
4933 7532 14887
14887 4933 7532
6788 11116 12424
12424 6788 11116
11116 6788 12424
724 2450 14836
2450 724 14836
14836 724 2450
13915 6176 9094
6176 9094 13915
9094 6176 13915
14934 10631 13389
10631 13389 14934
13389 10631 14934
3387 9352 14438
9352 3387 14438
14438 3387 9352
368 3227 4357
4357 368 3227
3227 368 4357
7017 6480 7798
6480 7017 7798
7798 6480 7017
580 2135 4205
2135 580 4205
4205 580 2135
13704 8215 13738
13738 8215 13704
8215 13704 13738
9808 6994 9016
9016 6994 9808
6994 9016 9808
12376 9770 10348
10348 9770 12376
9770 10348 12376
6693 1031 10915
1031 6693 10915
10915 1031 6693
14234 1490 11993
11993 1490 14234
1490 11993 14234
14789 1898 9158
9158 1898 14789
1898 9158 14789
10485 10041 14471
14471 10041 10485
10041 10485 14471
14851 7809 8521
7809 8521 14851
8521 7809 14851
4981 4519 6578
6578 4519 4981
4519 4981 6578
3898 5128 10997
5128 3898 10997
10997 3898 5128
13325 6200 13869
6200 13325 13869
13869 6200 13325
11289 713 3854
713 3854 11289
3854 713 11289
13462 205 9540
205 9540 13462
9540 205 13462
13252 5165 11302
11302 5165 13252
5165 11302 13252
4835 8030 8179
8179 4835 8030
8030 4835 8179
9141 3548 5392
5392 3548 9141
3548 5392 9141
4644 7812 8149
8149 4644 7812
7812 4644 8149
4836 606 4437
606 4437 4836
4437 606 4836
14637 5097 11615
5097 11615 14637
11615 5097 14637
12879 12120 14389
12120 12879 14389
14389 12120 12879
5013 1615 7884
1615 5013 7884
7884 1615 5013
11446 299 14821
14821 299 11446
299 11446 14821
1440 4614 7858
4614 1440 7858
7858 1440 4614
8887 7295 10178
7295 8887 10178
10178 7295 8887
2403 3236 3970
3970 2403 3236
3236 2403 3970
6179 587 9080
587 6179 9080
9080 587 6179
6657 5827 9747
9747 5827 6657
5827 6657 9747
831 7155 13260
7155 831 13260
13260 831 7155
9896 4711 5283
4711 5283 9896
5283 4711 9896
1493 3616 12951
3616 1493 12951
12951 1493 3616
7555 991 9887
9887 991 7555
991 7555 9887
13967 6975 14967
6975 13967 14967
14967 6975 13967
7542 2925 12519
12519 2925 7542
2925 7542 12519
13670 2414 14675
14675 2414 13670
2414 13670 14675
5575 2316 3207
2316 3207 5575
3207 2316 5575
10859 8455 13322
8455 10859 13322
13322 8455 10859
5270 4294 14497
14497 4294 5270
4294 5270 14497
7885 8358 13078
13078 7885 8358
8358 7885 13078
1472 4134 8846
8846 1472 4134
4134 1472 8846
10066 712 5144
5144 712 10066
712 5144 10066
8881 17 9022
17 8881 9022
9022 17 8881
8359 5772 9374
5772 8359 9374
9374 5772 8359
11276 889 3261
889 3261 11276
3261 889 11276
9028 644 12167
12167 644 9028
644 9028 12167
1395 8092 14157
8092 1395 14157
14157 1395 8092
12394 6349 12035
12035 6349 12394
6349 12035 12394
7623 305 5489
5489 305 7623
305 5489 7623
1937 9795 13563
9795 1937 13563
13563 1937 9795
12837 1483 3300
1483 3300 12837
3300 1483 12837
12673 10678 11862
11862 10678 12673
10678 11862 12673
7747 4705 7275
4705 7275 7747
7275 4705 7747
13404 8303 11266
11266 8303 13404
8303 11266 13404
9171 13007 13949
13007 9171 13949
13949 9171 13007
12742 412 8052
412 8052 12742
8052 412 12742
5753 5413 7930
7930 5413 5753
5413 5753 7930
9070 10315 13593
13593 9070 10315
10315 9070 13593
8548 6034 10567
6034 8548 10567
10567 6034 8548
14549 7701 8304
7701 8304 14549
8304 7701 14549
13184 11212 11458
11458 11212 13184
11212 11458 13184
7375 10979 13355
10979 7375 13355
13355 7375 10979
1556 7220 7709
7709 1556 7220
7220 1556 7709
14192 468 2939
468 2939 14192
2939 468 14192
902 7990 14956
14956 902 7990
7990 902 14956
10775 9350 13438
9350 10775 13438
13438 9350 10775
10566 3288 10645
3288 10566 10645
10645 3288 10566
13986 2789 10727
10727 2789 13986
2789 10727 13986
1249 964 12870
964 1249 12870
12870 964 1249
1529 2819 13156
13156 1529 2819
2819 1529 13156
1867 7955 10602
7955 1867 10602
10602 1867 7955
6802 51 2196
51 2196 6802
2196 51 6802
4649 6039 6040
6039 4649 6040
6040 4649 6039
4801 972 12487
12487 972 4801
972 4801 12487
8193 4084 6699
6699 4084 8193
4084 6699 8193
9214 9351 12606
12606 9214 9351
9351 9214 12606
14144 1961 4936
4936 1961 14144
1961 4936 14144
5721 4682 14402
4682 5721 14402
14402 4682 5721
7572 5722 9803
5722 7572 9803
9803 5722 7572
14302 197 5208
5208 197 14302
197 5208 14302
10179 8587 13459
8587 10179 13459
13459 8587 10179
14392 8187 14727
14727 8187 14392
8187 14392 14727
14507 822 12068
12068 822 14507
822 12068 14507
4035 13624 13733
13733 4035 13624
13624 4035 13733
4542 1439 9414
1439 4542 9414
9414 1439 4542
7981 9017 14373
9017 7981 14373
14373 7981 9017
12548 10894 14003
10894 12548 14003
14003 10894 12548
8921 2784 13352
13352 2784 8921
2784 8921 13352
2543 8399 12198
8399 2543 12198
12198 2543 8399
11908 1666 4276
4276 1666 11908
1666 4276 11908
6909 10738 12295
10738 6909 12295
12295 6909 10738
5059 2880 9611
9611 2880 5059
2880 5059 9611
12366 13045 14325
13045 12366 14325
14325 12366 13045
1032 6821 7625
7625 1032 6821
6821 1032 7625
11020 1492 5826
1492 5826 11020
5826 1492 11020
5324 1992 2745
1992 2745 5324
2745 1992 5324
8253 1465 12848
1465 8253 12848
12848 1465 8253
2284 4619 6669
6669 2284 4619
4619 2284 6669
10795 13995 14607
14607 10795 13995
13995 10795 14607
4654 12470 13864
13864 4654 12470
12470 4654 13864
570 10977 12159
10977 570 12159
12159 570 10977
540 188 1863
188 540 1863
1863 188 540
11136 923 11109
11109 923 11136
923 11109 11136
5911 12551 14308
14308 5911 12551
12551 5911 14308
5199 5776 8128
5776 5199 8128
8128 5199 5776
1066 6315 7915
7915 1066 6315
6315 1066 7915
11865 10389 12875
10389 11865 12875
12875 10389 11865
4180 8487 12816
8487 4180 12816
12816 4180 8487
9827 6576 7881
6576 7881 9827
7881 6576 9827
10117 4307 12916
12916 4307 10117
4307 10117 12916
1241 8621 12498
8621 1241 12498
12498 1241 8621
2395 1920 8093
8093 1920 2395
1920 2395 8093
9744 4808 5940
5940 4808 9744
4808 5940 9744
776 734 6570
734 776 6570
6570 734 776
1113 413 14313
14313 413 1113
413 1113 14313
7387 4262 6548
4262 6548 7387
6548 4262 7387
745 3397 10293
3397 745 10293
10293 745 3397
13610 11011 12956
11011 12956 13610
12956 11011 13610
2257 5927 11381
11381 2257 5927
5927 2257 11381
6537 3165 7770
3165 6537 7770
7770 3165 6537
5238 3996 7019
7019 3996 5238
3996 5238 7019
9365 8785 9319
8785 9319 9365
9319 8785 9365
7305 2431 3583
3583 2431 7305
2431 3583 7305
9242 1838 11059
11059 1838 9242
1838 9242 11059
11263 879 11069
879 11069 11263
11069 879 11263
1737 5291 11692
5291 1737 11692
11692 1737 5291
9847 2359 7181
7181 2359 9847
2359 7181 9847
11346 472 8426
472 8426 11346
8426 472 11346
4640 7571 14638
14638 4640 7571
7571 4640 14638
12327 3069 12686
12686 3069 12327
3069 12327 12686
4889 6145 11091
11091 4889 6145
6145 4889 11091
2180 3815 7951
3815 2180 7951
7951 2180 3815
2613 5137 10778
10778 2613 5137
5137 2613 10778
13272 8576 11443
11443 8576 13272
8576 11443 13272
3991 3885 5671
5671 3885 3991
3885 3991 5671
10810 2197 12996
2197 10810 12996
12996 2197 10810
18 7771 8897
7771 18 8897
8897 18 7771
3485 4207 11070
4207 3485 11070
11070 3485 4207
6499 8066 11645
8066 6499 11645
11645 6499 8066
13536 4750 10121
10121 4750 13536
4750 10121 13536
4532 5830 7138
5830 4532 7138
7138 4532 5830
6735 2179 5797
5797 2179 6735
2179 5797 6735
6031 4977 12865
12865 4977 6031
4977 6031 12865
13030 608 1132
1132 608 13030
608 1132 13030
4209 1462 2807
2807 1462 4209
1462 2807 4209
443 7444 11760
7444 443 11760
11760 443 7444
2912 2348 2409
2409 2348 2912
2348 2409 2912
5180 683 13131
683 5180 13131
13131 683 5180
664 430 5040
430 664 5040
5040 430 664
2967 2708 11881
11881 2708 2967
2708 2967 11881
4850 12579 13501
13501 4850 12579
12579 4850 13501
13085 5705 9309
9309 5705 13085
5705 9309 13085
7151 5750 11820
11820 5750 7151
5750 7151 11820
8644 5856 12049
12049 5856 8644
5856 8644 12049
3478 2834 7271
2834 3478 7271
7271 2834 3478
5181 8872 9206
8872 5181 9206
9206 5181 8872
8428 1525 5624
5624 1525 8428
1525 5624 8428
264 3578 3959
3578 264 3959
3959 264 3578
3521 6608 8258
8258 3521 6608
6608 3521 8258
7845 1441 2591
1441 2591 7845
2591 1441 7845
9765 6235 12838
12838 6235 9765
6235 9765 12838
10490 5387 13718
5387 10490 13718
13718 5387 10490
7418 243 7294
7294 243 7418
243 7294 7418
12796 6042 6986
6986 6042 12796
6042 6986 12796
2141 3526 5857
3526 2141 5857
5857 2141 3526
11557 663 12504
12504 663 11557
663 11557 12504
11716 668 13916
668 11716 13916
13916 668 11716
11814 6037 10297
6037 10297 11814
10297 6037 11814
976 4475 5820
5820 976 4475
4475 976 5820
11969 2480 10606
10606 2480 11969
2480 10606 11969
8753 3026 3530
3530 3026 8753
3026 3530 8753
2976 11750 13484
11750 2976 13484
13484 2976 11750
7767 11507 11597
11507 7767 11597
11597 7767 11507
4133 7094 14179
7094 4133 14179
14179 4133 7094
6164 7114 8566
8566 6164 7114
7114 6164 8566
8349 7928 12667
12667 7928 8349
7928 8349 12667
9661 4107 12241
4107 9661 12241
12241 4107 9661
12756 1408 9313
1408 9313 12756
9313 1408 12756
4499 9612 9619
9619 4499 9612
9612 4499 9619
8395 5890 8157
5890 8157 8395
8157 5890 8395
5106 1412 3138
3138 1412 5106
1412 3138 5106
10436 276 5649
276 5649 10436
5649 276 10436
6269 319 8816
319 6269 8816
8816 319 6269
9674 1678 2695
1678 2695 9674
2695 1678 9674
10347 10124 13714
13714 10124 10347
10124 10347 13714
917 462 4412
462 917 4412
4412 462 917
12511 2744 11089
11089 2744 12511
2744 11089 12511
6313 7028 12701
12701 6313 7028
7028 6313 12701
8774 3871 3904
3904 3871 8774
3871 3904 8774
653 597 9629
9629 597 653
597 653 9629
7775 8005 10986
10986 7775 8005
8005 7775 10986
1246 3790 6278
6278 1246 3790
3790 1246 6278
379 6502 14042
14042 379 6502
6502 379 14042
411 5565 13566
5565 411 13566
13566 411 5565
60 3628 12949
12949 60 3628
3628 60 12949
2855 2792 10878
2792 2855 10878
10878 2792 2855
12325 5968 9280
5968 9280 12325
9280 5968 12325
7334 4394 12557
12557 4394 7334
4394 7334 12557
6958 4828 10102
10102 4828 6958
4828 6958 10102
5887 5921 10547
5921 5887 10547
10547 5887 5921
1150 3937 13423
3937 1150 13423
13423 1150 3937
14459 2483 6123
6123 2483 14459
2483 6123 14459
12997 998 14264
14264 998 12997
998 12997 14264
1616 10998 12581
10998 1616 12581
12581 1616 10998
12900 934 8708
934 8708 12900
8708 934 12900
7481 6387 8611
6387 7481 8611
8611 6387 7481
2185 12239 13801
13801 2185 12239
12239 2185 13801
14069 10609 14780
14780 10609 14069
10609 14069 14780
8968 10496 10860
10496 8968 10860
10860 8968 10496
11211 2474 2844
2844 2474 11211
2474 2844 11211
1891 6764 13689
13689 1891 6764
6764 1891 13689
9656 248 14923
248 9656 14923
14923 248 9656
11493 10862 12573
12573 10862 11493
10862 11493 12573
14161 9247 14610
9247 14161 14610
14610 9247 14161
12880 565 14085
14085 565 12880
565 12880 14085
9518 8505 13002
13002 8505 9518
8505 9518 13002
863 2349 14837
2349 863 14837
14837 863 2349
4470 2143 6888
2143 4470 6888
6888 2143 4470
9191 1531 13552
13552 1531 9191
1531 9191 13552
6087 4881 5323
5323 4881 6087
4881 5323 6087
12311 12146 12888
12146 12311 12888
12888 12146 12311
11857 9481 10184
10184 9481 11857
9481 10184 11857
8354 7180 10272
7180 8354 10272
10272 7180 8354
8341 2371 10163
2371 8341 10163
10163 2371 8341
9071 5251 10543
5251 9071 10543
10543 5251 9071
11092 4702 13201
13201 4702 11092
4702 11092 13201
12969 5297 14123
14123 5297 12969
5297 12969 14123
2702 3085 9086
3085 2702 9086
9086 2702 3085
10935 4774 5874
5874 4774 10935
4774 5874 10935
11471 864 3715
3715 864 11471
864 3715 11471
1959 1769 2321
2321 1769 1959
1769 1959 2321
7228 1539 14360
1539 7228 14360
14360 1539 7228
12040 6326 13515
13515 6326 12040
6326 12040 13515
1261 4849 10346
10346 1261 4849
4849 1261 10346
14473 6930 13965
13965 6930 14473
6930 13965 14473
6177 7215 11592
11592 6177 7215
7215 6177 11592
13356 1147 4990
1147 4990 13356
4990 1147 13356
1005 9030 12499
12499 1005 9030
9030 1005 12499
4258 1569 14502
1569 4258 14502
14502 1569 4258
7700 8914 11404
11404 7700 8914
8914 7700 11404
4247 740 6748
740 4247 6748
6748 740 4247
4895 545 4838
545 4838 4895
4838 545 4895
9485 8885 11918
11918 8885 9485
8885 9485 11918
9483 2133 6629
2133 6629 9483
6629 2133 9483
13255 6725 14413
14413 6725 13255
6725 13255 14413
12370 4571 5860
5860 4571 12370
4571 5860 12370
2210 3983 6292
3983 2210 6292
6292 2210 3983
9947 3194 10015
3194 9947 10015
10015 3194 9947
11376 11906 14948
11906 11376 14948
14948 11376 11906
14931 2826 8915
8915 2826 14931
2826 8915 14931
9126 8404 14075
8404 9126 14075
14075 8404 9126
1052 8494 9095
8494 1052 9095
9095 1052 8494
14663 23 3358
23 3358 14663
3358 23 14663
6678 10693 11512
11512 6678 10693
10693 6678 11512
4527 590 1279
1279 590 4527
590 1279 4527
4603 1572 14959
1572 4603 14959
14959 1572 4603
6175 5782 7827
5782 6175 7827
7827 5782 6175
10686 3695 3749
3749 3695 10686
3695 3749 10686
10930 3719 14922
14922 3719 10930
3719 10930 14922
3077 6695 9702
9702 3077 6695
6695 3077 9702
2544 473 11733
473 2544 11733
11733 473 2544
4964 1948 8107
8107 1948 4964
1948 4964 8107
13929 1407 5335
1407 5335 13929
5335 1407 13929
3486 3952 11835
3952 3486 11835
11835 3486 3952
13701 538 4449
4449 538 13701
538 4449 13701
6506 10617 14139
14139 6506 10617
10617 6506 14139
1455 701 12774
12774 701 1455
701 1455 12774
14367 8779 10644
10644 8779 14367
8779 10644 14367
4546 1264 5382
5382 1264 4546
1264 4546 5382
3794 9213 11548
9213 3794 11548
11548 3794 9213
8413 6936 6977
6936 6977 8413
6977 6936 8413
12979 1571 4151
4151 1571 12979
1571 4151 12979
5363 3067 13870
13870 3067 5363
3067 5363 13870
9092 1274 13300
13300 1274 9092
1274 9092 13300
9776 7053 12329
12329 7053 9776
7053 9776 12329
9272 453 6317
453 6317 9272
6317 453 9272
14104 8049 9940
8049 9940 14104
9940 8049 14104
12151 7899 13427
7899 12151 13427
13427 7899 12151
5079 186 5448
186 5079 5448
5448 186 5079
9974 5950 8020
5950 8020 9974
8020 5950 9974
4402 5704 10692
10692 4402 5704
5704 4402 10692
2019 3097 13494
13494 2019 3097
3097 2019 13494
5463 6525 11129
11129 5463 6525
6525 5463 11129
10690 2716 6280
2716 6280 10690
6280 2716 10690
2803 2109 5090
2109 2803 5090
5090 2109 2803
1346 9136 11714
11714 1346 9136
9136 1346 11714
2075 10612 11717
11717 2075 10612
10612 2075 11717
5213 6460 13430
6460 5213 13430
13430 5213 6460
2 851 11444
851 2 11444
11444 2 851
7454 3148 5562
5562 3148 7454
3148 5562 7454
1636 5443 10404
5443 1636 10404
10404 1636 5443
10431 7373 14614
7373 10431 14614
14614 7373 10431
14043 4927 5914
5914 4927 14043
4927 5914 14043
12438 4074 5756
4074 5756 12438
5756 4074 12438
6029 1424 12626
12626 1424 6029
1424 6029 12626
4157 8198 10398
10398 4157 8198
8198 4157 10398
9586 5654 6850
6850 5654 9586
5654 6850 9586
11259 324 3205
324 3205 11259
3205 324 11259
8797 3737 10551
10551 3737 8797
3737 8797 10551
13559 1158 12400
1158 12400 13559
12400 1158 13559
8653 5757 9672
9672 5757 8653
5757 8653 9672
12157 1054 5904
5904 1054 12157
1054 5904 12157
6795 3519 10995
3519 6795 10995
10995 3519 6795
8748 3699 12450
3699 8748 12450
12450 3699 8748
5126 4855 10600
10600 4855 5126
4855 5126 10600
419 1435 5792
1435 419 5792
5792 419 1435
3304 4325 8051
8051 3304 4325
4325 3304 8051
9654 1965 3432
1965 3432 9654
3432 1965 9654
823 10322 11728
11728 823 10322
10322 823 11728
9323 4747 12471
4747 9323 12471
12471 4747 9323
14013 7978 8760
7978 8760 14013
8760 7978 14013
13229 1092 13471
13471 1092 13229
1092 13229 13471
8698 3731 11436
11436 3731 8698
3731 8698 11436
4777 3124 5292
5292 3124 4777
3124 4777 5292
11145 11764 13111
11764 11145 13111
13111 11145 11764
11453 90 1856
1856 90 11453
90 1856 11453
5150 3154 7153
7153 3154 5150
3154 5150 7153
11927 1618 6088
6088 1618 11927
1618 6088 11927
6589 12412 13054
13054 6589 12412
12412 6589 13054
12200 2221 14048
2221 12200 14048
14048 2221 12200
12640 762 14173
14173 762 12640
762 12640 14173
9441 9026 14880
14880 9026 9441
9026 9441 14880
4732 67 2345
67 2345 4732
2345 67 4732
165 7733 7745
7745 165 7733
7733 165 7745
4430 3803 14140
3803 4430 14140
14140 3803 4430
1267 8488 8809
8488 1267 8809
8809 1267 8488
4251 3483 5114
3483 4251 5114
5114 3483 4251
687 9438 14188
9438 687 14188
14188 687 9438
3049 8339 14299
14299 3049 8339
8339 3049 14299
3902 7916 11003
11003 3902 7916
7916 3902 11003
3192 12825 13497
12825 3192 13497
13497 3192 12825
6726 9497 11654
9497 6726 11654
11654 6726 9497
10270 4807 14465
4807 10270 14465
14465 4807 10270
11925 3465 7464
7464 3465 11925
3465 7464 11925
9595 4944 11639
4944 9595 11639
11639 4944 9595
12465 2182 12513
2182 12465 12513
12513 2182 12465
2280 16 14206
16 2280 14206
14206 16 2280
33 221 5276
221 33 5276
5276 33 221
10762 8243 10565
10565 8243 10762
8243 10565 10762
4108 4559 6651
4559 4108 6651
6651 4108 4559
8643 1589 10067
10067 1589 8643
1589 8643 10067
9934 6682 11950
6682 9934 11950
11950 6682 9934
5964 5246 6328
5246 5964 6328
6328 5246 5964
13141 5230 6946
5230 6946 13141
6946 5230 13141
4419 9068 9220
9068 4419 9220
9220 4419 9068
12831 1620 9867
1620 9867 12831
9867 1620 12831
10820 750 6403
750 6403 10820
6403 750 10820
7998 3062 6442
3062 6442 7998
6442 3062 7998
9760 1488 5676
5676 1488 9760
1488 5676 9760
2987 10153 14547
14547 2987 10153
10153 2987 14547
1024 10673 13254
13254 1024 10673
10673 1024 13254
5374 559 6670
6670 559 5374
559 5374 6670
1628 10198 10325
10198 1628 10325
10325 1628 10198
618 3051 13981
