505 1132 1240
1132 505 1240
1240 505 1132
403 902 1001
902 403 1001
1001 403 902
581 388 548
388 548 581
548 388 581
856 10 1276
1276 10 856
10 856 1276
797 694 1170
694 797 1170
1170 694 797
1269 380 427
427 380 1269
380 427 1269
395 853 1482
1482 395 853
853 395 1482
754 343 945
945 343 754
343 754 945
858 513 1449
1449 513 858
513 858 1449
1285 908 1262
908 1262 1285
1262 908 1285
1359 102 256
256 102 1359
102 256 1359
391 898 1173
898 391 1173
1173 391 898
752 14 931
14 752 931
931 14 752
1210 788 918
918 788 1210
788 918 1210
353 1309 1325
1325 353 1309
1309 353 1325
869 68 1005
1005 68 869
68 869 1005
1486 89 1438
1438 89 1486
89 1438 1486
116 1120 1196
1120 116 1196
1196 116 1120
92 321 836
321 92 836
836 92 321
236 1041 1124
1124 236 1041
1041 236 1124
157 405 873
873 157 405
405 157 873
963 34 843
34 843 963
843 34 963
996 121 1337
121 996 1337
1337 121 996
562 834 1194
1194 562 834
834 562 1194
750 143 817
817 143 750
143 750 817
1203 903 949
903 949 1203
949 903 1203
759 456 781
781 456 759
456 759 781
234 27 214
27 214 234
214 27 234
1421 830 854
854 830 1421
830 854 1421
1233 522 622
622 522 1233
522 622 1233
1493 511 1158
1158 511 1493
511 1158 1493
526 557 1261
1261 526 557
557 526 1261
162 1323 1467
1467 162 1323
1323 162 1467
764 376 433
376 433 764
433 376 764
1456 746 1055
746 1055 1456
1055 746 1456
74 78 144
144 74 78
78 74 144
592 387 1450
387 592 1450
1450 387 592
193 833 924
833 193 924
924 193 833
1106 31 408
31 408 1106
408 31 1106
1483 88 1115
88 1115 1483
1115 88 1483
1213 877 1079
1079 877 1213
877 1079 1213
83 845 894
894 83 845
845 83 894
66 184 808
808 66 184
184 66 808
375 588 1447
588 375 1447
1447 375 588
1178 221 625
221 625 1178
625 221 1178
689 42 319
42 319 689
319 42 689
611 589 1072
1072 589 611
589 611 1072
8 1126 1156
1126 8 1156
1156 8 1126
1260 148 1476
148 1260 1476
1476 148 1260
1461 974 1358
974 1358 1461
1358 974 1461
1340 389 976
976 389 1340
389 976 1340
711 122 617
617 122 711
122 617 711
1169 704 1198
1198 704 1169
704 1169 1198
64 349 860
860 64 349
349 64 860
986 243 861
243 861 986
861 243 986
777 960 1389
1389 777 960
960 777 1389
149 1204 1238
1204 149 1238
1238 149 1204
1014 79 1322
1322 79 1014
79 1014 1322
1415 158 904
158 904 1415
904 158 1415
768 994 1383
994 768 1383
1383 768 994
1328 108 1428
108 1328 1428
1428 108 1328
50 265 392
392 50 265
265 50 392
422 233 400
233 400 422
400 233 422
238 257 804
257 238 804
804 238 257
1474 838 1274
838 1274 1474
1274 838 1474
757 152 203
203 152 757
152 203 757
762 776 1433
1433 762 776
776 762 1433
597 259 279
279 259 597
259 279 597
889 1089 1253
1089 889 1253
1253 889 1089
835 181 239
239 181 835
181 239 835
837 396 628
628 396 837
396 628 837
254 929 1444
1444 254 929
929 254 1444
463 1 167
167 1 463
1 167 463
160 1167 1376
1167 160 1376
1376 160 1167
1234 20 1236
1236 20 1234
20 1234 1236
288 328 1317
1317 288 328
328 288 1317
571 1128 1185
1128 571 1185
1185 571 1128
1139 605 1093
605 1093 1139
1093 605 1139
998 429 747
429 747 998
747 429 998
1011 763 920
763 920 1011
920 763 1011
442 438 691
438 442 691
691 438 442
1401 311 458
311 458 1401
458 311 1401
626 919 1494
919 626 1494
1494 626 919
1366 1027 1069
1027 1069 1366
1069 1027 1366
462 726 1350
726 462 1350
1350 462 726
688 195 206
195 206 688
206 195 688
664 892 979
892 664 979
979 664 892
76 1031 1257
1031 76 1257
1257 76 1031
1395 271 770
770 271 1395
271 770 1395
126 661 685
685 126 661
661 126 685
261 248 352
352 248 261
248 261 352
975 1009 1202
1009 975 1202
1202 975 1009
753 365 1289
365 753 1289
1289 365 753
1281 332 1264
1264 332 1281
332 1264 1281
987 733 1339
733 987 1339
1339 733 987
70 63 1012
1012 63 70
63 70 1012
649 443 1360
443 649 1360
1360 443 649
551 7 619
619 7 551
7 551 619
796 1177 1484
1484 796 1177
1177 796 1484
536 758 1495
758 536 1495
1495 536 758
741 491 698
491 698 741
698 491 741
921 676 1186
1186 676 921
676 921 1186
1227 634 1388
634 1227 1388
1388 634 1227
614 394 1043
394 614 1043
1043 394 614
829 151 368
151 368 829
368 151 829
1402 306 1352
306 1352 1402
1352 306 1402
1294 331 650
650 331 1294
331 650 1294
573 446 1207
1207 446 573
446 573 1207
692 142 346
346 142 692
142 346 692
568 120 1427
120 568 1427
1427 120 568
914 276 537
276 537 914
537 276 914
905 19 1320
1320 19 905
19 905 1320
419 182 240
240 182 419
182 240 419
473 501 1336
1336 473 501
501 473 1336
1299 630 1164
630 1164 1299
1164 630 1299
407 874 906
874 407 906
906 407 874
358 168 1307
168 358 1307
1307 168 358
826 23 686
686 23 826
23 686 826
1105 778 941
941 778 1105
778 941 1105
278 317 1153
1153 278 317
317 278 1153
1038 426 1380
1380 426 1038
426 1038 1380
303 230 816
230 303 816
816 230 303
36 1205 1314
1314 36 1205
1205 36 1314
336 267 748
748 267 336
267 336 748
1051 465 1349
1349 465 1051
465 1051 1349
982 1206 1267
1206 982 1267
1267 982 1206
702 544 1216
544 702 1216
1216 544 702
114 48 922
922 48 114
48 114 922
1497 47 1049
47 1049 1497
1049 47 1497
993 94 217
94 217 993
217 94 993
1023 266 723
266 723 1023
723 266 1023
474 751 961
961 474 751
751 474 961
62 208 1219
208 62 1219
1219 62 208
361 449 782
449 361 782
782 361 449
604 521 561
561 521 604
521 561 604
508 512 1091
1091 508 512
512 508 1091
1090 338 812
338 812 1090
812 338 1090
159 532 841
841 159 532
532 159 841
1121 690 822
690 822 1121
822 690 1121
590 1372 1377
1377 590 1372
1372 590 1377
1125 55 296
296 55 1125
55 296 1125
223 156 1142
1142 156 223
156 223 1142
531 56 1064
56 531 1064
1064 56 531
415 30 1008
1008 30 415
30 415 1008
287 724 901
724 287 901
901 287 724
596 141 1410
1410 141 596
141 596 1410
1368 574 1037
1037 574 1368
574 1037 1368
787 101 300
300 101 787
101 300 787
555 970 1160
1160 555 970
970 555 1160
60 26 86
86 26 60
26 60 86
1221 952 959
959 952 1221
952 959 1221
514 1148 1200
1148 514 1200
1200 514 1148
1280 481 1439
481 1280 1439
1439 481 1280
470 1122 1161
1122 470 1161
1161 470 1122
1437 15 1373
15 1373 1437
1373 15 1437
1228 327 530
327 530 1228
530 327 1228
390 811 1123
1123 390 811
811 390 1123
550 18 1068
1068 18 550
18 550 1068
1393 696 978
696 978 1393
978 696 1393
209 743 1458
743 209 1458
1458 209 743
1130 459 1409
1409 459 1130
459 1130 1409
1245 373 1181
1181 373 1245
373 1181 1245
525 180 705
180 525 705
705 180 525
654 107 818
107 654 818
818 107 654
1453 784 1419
784 1419 1453
1419 784 1453
1334 251 305
305 251 1334
251 305 1334
855 730 1478
1478 730 855
730 855 1478
270 227 302
227 270 302
302 227 270
564 44 1417
1417 44 564
44 564 1417
1362 1263 1455
1455 1263 1362
1263 1362 1455
576 131 1423
1423 131 576
131 576 1423
1143 684 1353
1353 684 1143
684 1143 1353
313 1058 1157
1058 313 1157
1157 313 1058
170 333 547
333 170 547
547 170 333
326 492 1249
1249 326 492
492 326 1249
357 471 716
716 357 471
471 357 716
280 138 235
235 138 280
138 235 280
839 284 1192
284 839 1192
1192 284 839
6 129 1188
129 6 1188
1188 6 129
1074 379 600
379 600 1074
600 379 1074
137 153 216
216 137 153
153 137 216
870 202 1382
1382 202 870
202 870 1382
113 232 1473
1473 113 232
232 113 1473
1416 183 707
707 183 1416
183 707 1416
52 145 1279
1279 52 145
145 52 1279
1084 1136 1217
1136 1084 1217
1217 1084 1136
967 570 1254
1254 570 967
570 967 1254
1110 43 760
760 43 1110
43 760 1110
1298 16 1183
1183 16 1298
16 1183 1298
397 992 1370
992 397 1370
1370 397 992
1414 434 1420
434 1414 1420
1420 434 1414
1002 218 377
377 218 1002
218 377 1002
412 580 1308
1308 412 580
580 412 1308
272 494 1440
494 272 1440
1440 272 494
603 139 1404
1404 139 603
139 603 1404
496 485 666
485 496 666
666 485 496
117 883 1159
1159 117 883
883 117 1159
1135 775 1224
1224 775 1135
775 1135 1224
848 187 1442
1442 187 848
187 848 1442
925 899 1268
899 925 1268
1268 899 925
1355 224 402
224 402 1355
402 224 1355
1469 95 633
95 633 1469
633 95 1469
1201 805 951
951 805 1201
805 951 1201
201 606 1479
1479 201 606
606 201 1479
1175 334 543
543 334 1175
334 543 1175
616 322 1080
322 616 1080
1080 322 616
958 610 675
610 675 958
675 610 958
1273 477 1445
1445 477 1273
477 1273 1445
1062 660 969
660 969 1062
969 660 1062
316 35 1168
1168 35 316
35 316 1168
983 659 1092
659 983 1092
1092 659 983
1327 430 1405
430 1327 1405
1405 430 1327
554 73 1020
73 554 1020
1020 73 554
1025 469 1432
469 1025 1432
1432 469 1025
77 91 468
91 77 468
468 77 91
652 687 722
687 652 722
722 652 687
61 795 1010
1010 61 795
795 61 1010
715 2 1150
2 715 1150
1150 2 715
1133 631 1107
1107 631 1133
631 1107 1133
1182 656 972
972 656 1182
656 972 1182
244 706 1477
706 244 1477
1477 244 706
381 226 360
226 360 381
360 226 381
447 362 940
940 362 447
362 447 940
1406 312 1034
312 1034 1406
1034 312 1406
879 401 1290
401 879 1290
1290 401 879
533 439 1326
1326 439 533
439 533 1326
1492 435 1151
435 1151 1492
1151 435 1492
950 119 1318
119 950 1318
1318 119 950
487 136 953
953 136 487
136 487 953
1184 301 1333
1333 301 1184
301 1184 1333
1470 520 535
535 520 1470
520 535 1470
981 371 534
534 371 981
371 534 981
1278 264 1386
264 1278 1386
1386 264 1278
868 1412 1460
1412 868 1460
1460 868 1412
1096 495 601
495 601 1096
601 495 1096
783 599 1057
1057 599 783
599 783 1057
1347 671 862
671 862 1347
862 671 1347
1097 382 507
382 507 1097
507 382 1097
1024 888 939
888 939 1024
939 888 1024
1086 175 414
414 175 1086
175 414 1086
990 527 1033
1033 527 990
527 990 1033
29 1154 1199
1154 29 1199
1199 29 1154
383 641 813
813 383 641
641 383 813
1085 1231 1371
1371 1085 1231
1231 1085 1371
648 627 927
927 627 648
627 648 927
907 910 1313
910 907 1313
1313 907 910
65 40 51
51 40 65
40 51 65
146 1215 1287
1215 146 1287
1287 146 1215
3 453 607
607 3 453
453 3 607
1166 104 1422
104 1166 1422
1422 104 1166
451 467 1426
467 451 1426
1426 451 467
658 134 693
134 658 693
693 134 658
250 171 190
171 190 250
190 171 250
472 644 1378
1378 472 644
644 472 1378
309 255 1162
255 309 1162
1162 255 309
820 82 1040
82 820 1040
1040 82 820
178 1379 1485
1485 178 1379
1379 178 1485
620 172 710
172 620 710
710 172 620
46 431 806
806 46 431
431 46 806
424 378 1067
1067 378 424
378 424 1067
887 587 831
831 587 887
587 831 887
262 188 884
188 262 884
884 188 262
857 324 1297
324 857 1297
1297 324 857
1189 575 1036
1036 575 1189
575 1036 1189
708 490 1071
1071 490 708
490 708 1071
1457 480 1434
1434 480 1457
480 1434 1457
111 452 1480
1480 111 452
452 111 1480
1180 450 1407
450 1180 1407
1407 450 1180
418 185 744
185 418 744
744 185 418
541 369 847
847 369 541
369 541 847
1050 1114 1454
1454 1050 1114
1114 1050 1454
828 98 464
98 464 828
464 98 828
1302 727 729
727 729 1302
729 727 1302
635 517 1316
1316 517 635
517 635 1316
354 335 409
409 335 354
335 354 409
1149 728 1332
1332 728 1149
728 1149 1332
318 84 205
84 205 318
205 84 318
246 281 578
578 246 281
281 246 578
200 342 524
342 200 524
524 200 342
454 192 593
192 454 593
593 192 454
1226 247 980
247 980 1226
980 247 1226
1397 670 1315
1315 670 1397
670 1315 1397
37 863 1145
1145 37 863
863 37 1145
109 231 871
231 109 871
871 109 231
1491 785 1387
785 1387 1491
1387 785 1491
1487 956 1459
1459 956 1487
956 1459 1487
1338 440 740
440 740 1338
740 440 1338
985 58 1222
58 985 1222
1222 58 985
500 608 1044
608 500 1044
1044 500 608
1300 1111 1288
1111 1288 1300
1288 1111 1300
1046 518 569
518 569 1046
569 518 1046
810 269 484
269 484 810
484 269 810
1430 53 637
53 637 1430
637 53 1430
1425 681 1211
1211 681 1425
681 1211 1425
1109 210 420
420 210 1109
210 420 1109
1256 1103 1118
1103 1118 1256
1118 1103 1256
765 123 935
123 765 935
935 123 765
859 340 923
340 859 923
923 340 859
220 211 640
211 220 640
640 211 220
499 1348 1411
1411 499 1348
1348 499 1411
938 169 245
245 169 938
169 245 938
840 423 1223
1223 423 840
423 840 1223
934 510 529
510 529 934
529 510 934
1116 345 1016
345 1016 1116
1016 345 1116
128 735 742
735 128 742
742 128 735
428 916 1127
1127 428 916
916 428 1127
563 150 1163
150 563 1163
1163 150 563
286 374 1119
1119 286 374
374 286 1119
1220 298 539
539 298 1220
298 539 1220
791 556 1003
556 791 1003
1003 556 791
1176 384 1489
384 1176 1489
1489 384 1176
613 995 1087
1087 613 995
995 613 1087
911 800 1286
1286 800 911
800 911 1286
1271 448 665
665 448 1271
448 665 1271
1195 1100 1396
1100 1195 1396
1396 1100 1195
1060 825 932
932 825 1060
825 932 1060
1277 798 1361
1361 798 1277
798 1277 1361
1465 364 701
364 701 1465
701 364 1465
1047 399 1190
1190 399 1047
399 1047 1190
895 803 1208
1208 803 895
803 895 1208
293 242 755
242 293 755
755 242 293
49 523 1241
1241 49 523
523 49 1241
850 1102 1108
1102 850 1108
1108 850 1102
1335 488 1272
1272 488 1335
488 1272 1335
1381 482 1282
482 1282 1381
1282 482 1381
1418 519 1061
519 1061 1418
1061 519 1418
1073 528 1098
528 1073 1098
1098 528 1073
719 106 1342
106 719 1342
1342 106 719
1082 5 700
5 700 1082
700 5 1082
87 186 416
186 87 416
416 87 186
38 241 988
988 38 241
241 38 988
164 709 720
720 164 709
709 164 720
774 297 1147
297 774 1147
1147 297 774
1356 130 703
703 130 1356
130 703 1356
1246 398 585
398 585 1246
585 398 1246
432 943 1364
943 432 1364
1364 432 943
1266 329 767
767 329 1266
329 767 1266
1187 163 552
163 552 1187
552 163 1187
677 876 968
968 677 876
876 677 968
566 12 93
93 12 566
12 93 566
69 97 177
177 69 97
97 69 177
891 486 1083
1083 486 891
486 891 1083
973 289 766
766 289 973
289 766 973
133 253 258
253 133 258
258 133 253
406 1331 1354
1331 406 1354
1354 406 1331
582 1306 1446
1306 582 1446
1446 582 1306
549 739 1341
739 549 1341
1341 549 739
1095 33 75
33 75 1095
75 33 1095
595 516 1251
516 595 1251
1251 516 595
928 17 745
17 745 928
745 17 928
466 274 1390
274 466 1390
1390 274 466
572 731 1247
731 572 1247
1247 572 731
612 275 991
991 275 612
275 612 991
915 460 954
460 915 954
954 460 915
1053 1466 1490
1490 1053 1466
1466 1053 1490
1138 802 1275
1275 802 1138
802 1138 1275
1225 457 1346
1346 457 1225
457 1225 1346
351 695 823
695 351 823
823 351 695
292 598 807
598 292 807
807 292 598
1443 948 1259
948 1259 1443
1259 948 1443
1146 204 933
204 933 1146
933 204 1146
772 793 1018
793 772 1018
1018 772 793
1039 212 370
212 370 1039
370 212 1039
1052 45 909
45 909 1052
909 45 1052
479 72 789
72 479 789
789 72 479
1075 339 1229
339 1075 1229
1229 339 1075
846 639 815
815 639 846
639 815 846
673 173 885
885 173 673
173 673 885
821 559 669
669 559 821
559 669 821
1475 461 1283
461 1283 1475
1283 461 1475
579 310 1244
1244 310 579
310 579 1244
790 263 712
712 263 790
263 712 790
285 323 683
323 285 683
683 285 323
886 411 930
930 411 886
411 886 930
1140 71 105
71 105 1140
105 71 1140
682 900 1374
1374 682 900
900 682 1374
1498 896 1367
1367 896 1498
896 1367 1498
441 936 1141
936 441 1141
1141 441 936
314 125 964
125 314 964
964 125 314
1099 165 478
165 478 1099
478 165 1099
1004 1017 1496
1496 1004 1017
1017 1004 1496
9 1270 1365
1270 9 1365
1365 9 1270
103 28 1351
1351 28 103
28 103 1351
602 11 713
713 11 602
11 602 713
1321 189 1310
1310 189 1321
189 1310 1321
1399 404 1042
404 1042 1399
1042 404 1399
1172 584 852
852 584 1172
584 852 1172
560 290 350
290 350 560
350 290 560
1235 32 299
299 32 1235
32 299 1235
737 738 1117
1117 737 738
738 737 1117
1462 197 643
197 643 1462
643 197 1462
393 483 1345
1345 393 483
483 393 1345
679 4 1255
4 679 1255
1255 4 679
367 794 1301
1301 367 794
794 367 1301
1113 54 330
330 54 1113
54 330 1113
1191 771 1304
1304 771 1191
771 1191 1304
294 41 1059
41 294 1059
1059 41 294
1296 827 942
827 942 1296
942 827 1296
756 1026 1048
1048 756 1026
1026 756 1048
199 977 1463
977 199 1463
1463 199 977
348 636 1104
1104 348 636
636 348 1104
946 308 1019
308 946 1019
1019 308 946
545 282 1152
282 545 1152
1152 282 545
307 662 1070
662 307 1070
1070 307 662
110 344 1472
1472 110 344
344 110 1472
154 780 801
780 154 801
801 154 780
1193 1028 1212
1028 1193 1212
1212 1028 1193
1032 497 699
497 699 1032
699 497 1032
680 962 984
962 680 984
984 680 962
1000 24 1284
24 1000 1284
1284 24 1000
1400 96 567
567 96 1400
96 567 1400
718 1305 1369
1305 718 1369
1369 718 1305
213 965 1035
1035 213 965
965 213 1035
736 219 410
410 219 736
219 410 736
1291 819 1452
1452 819 1291
819 1291 1452
1363 1101 1385
1101 1363 1385
1385 1101 1363
1392 651 1394
1394 651 1392
651 1392 1394
1112 436 866
866 436 1112
436 866 1112
127 132 849
132 127 849
849 127 132
672 1209 1258
1258 672 1209
1209 672 1258
1468 792 1293
792 1293 1468
1293 792 1468
372 583 1403
583 372 1403
1403 372 583
678 67 897
67 678 897
897 67 678
1232 503 1076
1076 503 1232
503 1076 1232
997 1006 1131
1006 997 1131
1131 997 1006
355 413 1357
413 355 1357
1357 355 413
917 667 1081
667 917 1081
1081 667 917
586 21 25
21 25 586
25 21 586
999 893 1239
893 999 1239
1239 893 999
506 228 725
725 228 506
228 506 725
124 198 645
198 124 645
645 124 198
732 99 1174
1174 99 732
99 732 1174
697 623 1435
1435 623 697
623 697 1435
295 655 1078
1078 295 655
655 295 1078
444 155 882
882 155 444
155 444 882
647 39 504
504 39 647
39 504 647
1144 475 1375
1375 475 1144
475 1144 1375
1063 161 553
161 553 1063
553 161 1063
291 222 1344
1344 222 291
222 291 1344
502 191 1077
191 502 1077
1077 191 502
476 565 1436
565 476 1436
1436 476 565
657 594 955
594 657 955
955 594 657
717 558 1431
558 717 1431
1431 558 717
1329 621 1408
621 1329 1408
1408 621 1329
540 135 1007
1007 135 540
135 540 1007
112 359 1471
359 112 1471
1471 112 359
937 229 674
229 674 937
674 229 937
325 493 1065
493 325 1065
1065 325 493
1248 207 320
207 320 1248
320 207 1248
769 515 842
515 769 842
842 515 769
878 386 926
386 878 926
926 386 878
851 779 1303
779 851 1303
1303 779 851
385 577 867
867 385 577
577 385 867
642 1165 1429
1429 642 1165
1165 642 1429
721 363 989
989 363 721
363 721 989
81 1088 1312
1088 81 1312
1312 81 1088
179 196 609
196 179 609
609 179 196
1343 498 1171
498 1171 1343
1171 498 1343
57 881 1391
881 57 1391
1391 57 881
1094 1066 1311
1311 1066 1094
1066 1094 1311
509 971 1265
971 509 1265
1265 509 971
337 260 814
814 260 337
260 337 814
618 714 864
864 618 714
714 618 864
615 912 1214
1214 615 912
912 615 1214
1250 277 1237
1237 277 1250
277 1237 1250
1448 538 786
538 786 1448
786 538 1448
225 646 1413
646 225 1413
1413 225 646
832 1054 1424
1424 832 1054
1054 832 1424
1295 147 1243
147 1243 1295
1243 147 1295
624 865 1319
865 624 1319
1319 624 865
824 875 1398
875 824 1398
1398 824 875
489 1464 1481
1464 489 1481
1481 489 1464
59 283 542
283 59 542
542 59 283
1129 425 1242
425 1129 1242
1242 425 1129
115 90 799
799 90 115
90 115 799
417 445 629
629 417 445
445 417 629
1330 546 1022
1022 546 1330
546 1022 1330
632 1021 1030
1021 632 1030
1030 632 1021
1197 591 1045
1045 591 1197
591 1045 1197
304 668 1500
1500 304 668
668 304 1500
663 638 1155
638 663 1155
1155 638 663
1137 268 944
268 944 1137
944 268 1137
773 1451 1499
1451 773 1499
1499 773 1451
1134 22 341
341 22 1134
22 341 1134
437 80 194
80 194 437
194 80 437
176 166 455
166 176 455
455 166 176
966 249 1056
249 966 1056
1056 249 966
174 273 366
273 174 366
366 174 273
421 252 1384
252 421 1384
1384 252 421
1324 347 880
880 347 1324
347 880 1324
872 85 100
85 100 872
100 85 872
118 913 1230
913 118 1230
1230 118 913
957 809 947
947 809 957
809 947 957
13 749 1218
749 13 1218
1218 13 749
140 761 1252
761 140 1252
1252 140 761
890 356 1029
356 890 1029
1029 356 890
1488 1015 1441
1441 1015 1488
1015 1441 1488
215 1179 1292
1179 215 1292
1292 215 1179
844 653 734
734 653 844
653 734 844
315 237 1013
237 315 1013
1013 237 315
