174 141 257
257 141 174
141 174 257
70 132 211
211 70 132
132 70 211
118 60 276
60 118 276
276 60 118
279 3 138
138 3 279
3 138 279
153 30 266
30 153 266
266 30 153
144 94 185
185 94 144
94 144 185
20 44 95
95 20 44
44 20 95
165 22 49
49 22 165
22 49 165
100 17 172
172 17 100
17 100 172
136 169 260
260 136 169
169 136 260
258 171 278
171 258 278
278 171 258
152 36 247
247 36 152
36 152 247
151 203 214
214 151 203
203 151 214
9 123 147
123 9 147
147 9 123
166 192 259
192 166 259
259 166 192
19 139 294
294 19 139
139 19 294
263 96 180
96 180 263
180 96 263
69 146 215
146 69 215
215 69 146
231 78 255
78 231 255
255 78 231
1 48 221
221 1 48
48 1 221
105 103 116
103 105 116
116 103 105
210 31 102
31 102 210
102 31 210
51 32 224
224 32 51
32 51 224
223 13 164
164 13 223
13 164 223
239 41 176
41 176 239
176 41 239
24 6 281
281 6 24
6 24 281
10 29 104
104 10 29
29 10 104
273 56 212
212 56 273
56 212 273
39 80 83
80 39 83
83 39 80
186 68 252
68 186 252
252 68 186
98 107 243
107 98 243
243 98 107
12 209 293
293 12 209
209 12 293
267 184 283
283 184 267
184 267 283
53 7 115
7 53 115
115 7 53
206 99 230
99 206 230
230 99 206
93 92 238
92 93 238
238 92 93
28 177 197
177 28 197
197 28 177
64 189 265
265 64 189
189 64 265
72 54 150
150 54 72
54 72 150
235 73 254
254 73 235
73 235 254
291 42 173
42 173 291
173 42 291
124 59 81
81 59 124
59 81 124
113 62 188
188 62 113
62 113 188
43 57 74
74 43 57
57 43 74
38 117 142
117 38 142
142 38 117
201 11 270
270 11 201
11 201 270
119 130 131
131 119 130
130 119 131
208 34 86
34 86 208
86 34 208
88 157 284
157 88 284
284 88 157
299 194 287
194 287 299
287 194 299
126 246 282
246 126 282
282 126 246
268 90 234
234 90 268
90 234 268
262 109 121
109 121 262
121 109 262
198 112 191
112 191 198
191 112 198
285 179 244
179 244 285
244 179 285
8 46 143
143 8 46
46 8 143
79 108 222
108 79 222
222 79 108
77 89 202
202 77 89
89 77 202
158 207 219
219 158 207
207 158 219
274 33 175
175 33 274
33 175 274
280 159 245
159 245 280
245 159 280
63 26 225
225 26 63
26 63 225
217 163 182
182 163 217
163 182 217
277 149 261
261 149 277
149 261 277
40 120 240
120 40 240
240 40 120
87 216 251
251 87 216
216 87 251
228 122 213
213 122 228
122 213 228
162 65 160
65 160 162
160 65 162
111 140 286
140 111 286
286 111 140
199 190 237
237 190 199
190 199 237
292 145 196
145 196 292
196 145 292
218 167 300
300 167 218
167 218 300
170 181 256
181 170 256
256 170 181
178 50 55
55 50 178
50 55 178
195 128 298
128 195 298
298 128 195
187 76 289
289 76 187
76 187 289
156 67 97
67 97 156
97 67 156
45 91 168
91 45 168
168 45 91
253 27 193
27 193 253
193 27 253
137 5 66
66 5 137
5 66 137
25 18 129
18 25 129
129 18 25
148 183 297
297 148 183
183 148 297
264 75 248
248 75 264
75 248 264
249 227 271
227 249 271
271 227 249
58 135 236
236 58 135
135 58 236
290 204 229
229 204 290
204 229 290
114 47 106
47 106 114
106 47 114
205 133 200
200 133 205
133 200 205
4 37 161
161 4 37
37 4 161
21 61 154
154 21 61
61 21 154
110 52 101
52 101 110
101 52 110
296 155 295
295 155 296
155 295 296
127 226 232
232 127 226
226 127 232
220 84 272
84 220 272
272 84 220
233 82 85
85 82 233
82 85 233
14 250 269
269 14 250
250 14 269
125 23 275
275 23 125
23 125 275
288 15 71
71 15 288
15 71 288
35 241 242
241 35 242
242 35 241
134 2 16
16 2 134
2 16 134
