55 3 214
214 3 55
3 55 214
27 41 88
41 27 88
88 27 41
121 102 285
285 102 121
102 121 285
105 252 271
252 105 271
271 105 252
83 95 292
95 83 292
292 83 95
135 67 145
145 67 135
67 135 145
196 71 152
71 152 196
152 71 196
24 18 154
154 18 24
18 24 154
43 183 244
244 43 183
183 43 244
205 194 272
272 194 205
194 205 272
233 66 109
109 66 233
66 109 233
153 50 167
50 153 167
167 50 153
7 200 228
200 7 228
228 7 200
220 142 189
189 142 220
142 189 220
58 165 212
165 58 212
212 58 165
134 158 193
158 134 193
193 134 158
28 216 258
258 28 216
216 28 258
266 129 166
129 166 266
166 129 266
185 4 123
4 123 185
123 4 185
240 39 59
39 59 240
59 39 240
179 132 143
132 143 179
143 132 179
80 147 241
241 80 147
147 80 241
127 182 268
182 127 268
268 127 182
261 115 274
274 115 261
115 261 274
276 118 177
118 177 276
177 118 276
149 5 257
257 5 149
5 149 257
26 128 221
221 26 128
128 26 221
174 68 218
218 68 174
68 174 218
294 17 224
224 17 294
17 224 294
231 92 133
133 92 231
92 133 231
248 11 117
117 11 248
11 117 248
234 75 230
75 230 234
230 75 234
249 40 72
40 72 249
72 40 249
208 91 170
170 91 208
91 170 208
108 176 203
203 108 176
176 108 203
148 8 99
99 8 148
8 99 148
87 12 187
187 12 87
12 87 187
46 73 236
236 46 73
73 46 236
190 37 162
162 37 190
37 162 190
60 84 210
84 60 210
210 60 84
52 56 245
245 52 56
56 52 245
70 35 169
35 70 169
169 35 70
22 36 238
36 22 238
238 22 36
300 283 284
284 283 300
283 284 300
139 86 217
86 139 217
217 86 139
295 25 77
25 77 295
77 25 295
262 69 137
137 69 262
69 137 262
13 188 267
267 13 188
188 13 267
159 51 195
195 51 159
51 159 195
180 138 227
227 138 180
138 180 227
112 48 263
263 48 112
48 112 263
74 161 192
161 74 192
192 74 161
97 163 204
204 97 163
163 97 204
229 111 278
278 111 229
111 229 278
38 120 197
197 38 120
120 38 197
63 15 243
243 15 63
15 63 243
287 136 291
136 287 291
291 136 287
81 44 89
89 44 81
44 81 89
90 9 155
9 90 155
155 9 90
125 119 140
140 119 125
119 125 140
246 173 219
173 219 246
219 173 246
282 107 186
186 107 282
107 186 282
269 61 65
65 61 269
61 65 269
85 78 96
78 85 96
96 78 85
103 168 198
168 103 198
198 103 168
256 100 253
253 100 256
100 253 256
178 2 64
64 2 178
2 64 178
290 116 181
116 181 290
181 116 290
150 19 151
19 150 151
151 19 150
175 209 215
209 175 215
215 175 209
79 34 281
34 79 281
281 34 79
235 207 299
299 207 235
207 235 299
254 16 296
16 254 296
296 16 254
250 110 202
202 110 250
110 202 250
76 206 247
206 76 247
247 76 206
255 160 280
280 160 255
160 255 280
239 33 114
33 114 239
114 33 239
242 131 156
156 131 242
131 156 242
259 45 184
45 184 259
184 45 259
53 98 141
141 53 98
98 53 141
232 122 225
122 225 232
225 122 232
82 1 277
277 1 82
1 82 277
222 164 293
293 164 222
164 222 293
251 23 130
130 23 251
23 130 251
275 6 62
6 62 275
62 6 275
101 201 226
226 101 201
201 101 226
265 124 288
288 124 265
124 265 288
144 10 211
10 144 211
211 10 144
286 42 93
93 42 286
42 93 286
126 32 57
57 32 126
32 57 126
113 29 31
31 29 113
29 31 113
94 213 298
298 94 213
213 94 298
104 49 146
146 49 104
49 104 146
289 14 54
54 14 289
14 54 289
237 172 260
260 172 237
172 237 260
171 264 270
270 171 264
264 171 270
157 279 297
279 157 297
297 157 279
106 47 199
199 47 106
47 106 199
191 223 273
223 191 273
273 191 223
30 20 21
21 20 30
20 21 30
