110 136 173
136 110 173
173 110 136
193 30 234
234 30 193
30 193 234
223 5 140
140 5 223
5 140 223
60 167 288
167 60 288
288 60 167
112 158 212
158 112 212
212 112 158
144 16 205
205 16 144
16 144 205
296 20 284
284 20 296
20 284 296
14 175 293
175 14 293
293 14 175
109 99 220
220 99 109
99 109 220
208 2 81
2 81 208
81 2 208
87 15 227
15 87 227
227 15 87
69 83 195
83 69 195
195 69 83
192 182 257
182 192 257
257 182 192
18 42 273
273 18 42
42 18 273
143 66 285
285 66 143
66 143 285
261 31 201
201 31 261
31 201 261
277 178 245
178 245 277
245 178 277
35 139 141
141 35 139
139 35 141
272 43 244
43 244 272
244 43 272
3 73 113
113 3 73
73 3 113
80 130 190
130 80 190
190 80 130
101 238 248
248 101 238
238 101 248
263 41 122
41 122 263
122 41 263
249 68 225
225 68 249
68 225 249
172 27 198
198 27 172
27 172 198
134 61 298
61 134 298
298 61 134
226 49 129
49 129 226
129 49 226
52 98 135
135 52 98
98 52 135
155 150 241
241 150 155
150 155 241
51 40 103
40 51 103
103 40 51
230 108 137
108 137 230
137 108 230
168 93 252
252 93 168
93 168 252
166 95 186
95 166 186
186 95 166
21 67 224
224 21 67
67 21 224
289 159 246
246 159 289
159 246 289
149 33 70
70 33 149
33 70 149
111 145 253
145 111 253
253 111 145
128 157 295
295 128 157
157 128 295
8 6 133
133 6 8
6 8 133
1 148 217
217 1 148
148 1 217
254 45 162
162 45 254
45 162 254
74 11 153
153 11 74
11 74 153
164 32 188
32 164 188
188 32 164
75 53 236
236 53 75
53 75 236
17 34 189
34 17 189
189 17 34
57 7 105
7 57 105
105 7 57
200 22 59
22 59 200
59 22 200
146 132 256
256 132 146
132 146 256
96 56 91
56 91 96
91 56 96
127 170 203
203 127 170
170 127 203
82 161 229
161 82 229
229 82 161
77 4 174
174 4 77
4 77 174
184 48 243
243 48 184
48 184 243
29 37 204
204 29 37
37 29 204
213 260 291
291 213 260
260 213 291
24 39 151
151 24 39
39 24 151
191 107 199
107 191 199
199 107 191
90 120 242
120 90 242
242 90 120
297 114 282
282 114 297
114 282 297
211 209 274
209 211 274
274 209 211
181 183 280
183 181 280
280 181 183
12 163 294
294 12 163
163 12 294
165 210 264
210 165 264
264 165 210
100 94 179
94 100 179
179 94 100
86 123 218
123 86 218
218 86 123
104 47 240
240 47 104
47 104 240
228 89 154
154 89 228
89 154 228
72 156 233
156 72 233
233 72 156
79 78 207
78 79 207
207 78 79
250 266 270
266 250 270
270 250 266
121 206 275
275 121 206
206 121 275
247 19 283
283 19 247
19 247 283
265 71 147
147 71 265
71 147 265
119 92 251
251 92 119
92 119 251
46 55 125
125 46 55
55 46 125
152 84 171
84 152 171
171 84 152
239 50 255
50 239 255
255 50 239
286 124 214
124 214 286
214 124 286
276 102 281
102 276 281
281 102 276
194 65 287
65 194 287
287 65 194
216 26 279
279 26 216
26 216 279
106 58 138
58 106 138
138 58 106
117 177 269
177 117 269
269 117 177
237 9 76
76 9 237
9 76 237
13 63 221
63 13 221
221 13 63
180 62 142
142 62 180
62 142 180
64 115 185
185 64 115
115 64 185
232 219 292
219 232 292
292 219 232
267 36 215
36 215 267
215 36 267
160 85 197
85 160 197
197 85 160
259 222 300
222 259 300
300 222 259
44 176 258
176 44 258
258 44 176
271 25 97
25 97 271
97 25 271
231 116 290
116 231 290
290 116 231
262 54 235
235 54 262
54 235 262
196 118 268
268 118 196
118 196 268
169 23 131
131 23 169
23 131 169
187 10 202
202 10 187
10 187 202
299 38 126
38 126 299
126 38 299
28 88 278
278 28 88
88 28 278
