941 331 916
331 916 941
916 331 941
241 994 1069
994 241 1069
1069 241 994
1407 815 1260
1260 815 1407
815 1260 1407
1035 226 524
524 226 1035
226 524 1035
1344 387 600
387 600 1344
600 387 1344
183 801 1372
1372 183 801
801 183 1372
989 739 1238
1238 739 989
739 989 1238
1455 973 1282
973 1282 1455
1282 973 1455
1094 449 1479
1479 449 1094
449 1094 1479
1332 780 926
926 780 1332
780 926 1332
1015 618 1292
618 1015 1292
1292 618 1015
1170 925 1450
925 1170 1450
1450 925 1170
464 967 1225
1225 464 967
967 464 1225
504 551 1071
551 504 1071
1071 504 551
1472 1254 1431
1431 1254 1472
1254 1431 1472
866 672 1459
672 866 1459
1459 672 866
178 740 1265
740 178 1265
1265 178 740
949 98 1494
1494 98 949
98 949 1494
1397 718 1370
718 1370 1397
1370 718 1397
254 128 1255
1255 128 254
128 254 1255
145 338 1314
338 145 1314
1314 145 338
764 233 1361
233 764 1361
1361 233 764
458 417 1090
1090 417 458
417 458 1090
703 194 1500
194 703 1500
1500 194 703
727 462 881
462 727 881
881 462 727
688 17 436
17 436 688
436 17 688
212 69 772
772 69 212
69 212 772
1287 230 632
230 632 1287
632 230 1287
844 501 1191
501 844 1191
1191 501 844
29 1394 1488
1394 29 1488
1488 29 1394
1086 287 450
450 287 1086
287 450 1086
1386 324 707
707 324 1386
324 707 1386
773 996 1482
1482 773 996
996 773 1482
983 371 1125
1125 371 983
371 983 1125
931 307 349
307 349 931
349 307 931
954 961 1239
961 954 1239
1239 954 961
1070 65 901
65 901 1070
901 65 1070
105 45 486
45 105 486
486 45 105
1484 154 181
154 181 1484
181 154 1484
108 1176 1214
1176 108 1214
1214 108 1176
1475 794 1308
794 1308 1475
1308 794 1475
487 903 1007
1007 487 903
903 487 1007
125 158 208
208 125 158
158 125 208
461 313 1158
313 461 1158
1158 313 461
136 1140 1334
1140 136 1334
1334 136 1140
569 169 536
536 169 569
169 536 569
303 429 437
437 303 429
429 303 437
611 1080 1363
1080 611 1363
1363 611 1080
1132 513 1171
513 1132 1171
1171 513 1132
1011 887 1018
887 1011 1018
1018 887 1011
1268 274 712
712 274 1268
274 712 1268
142 411 1358
1358 142 411
411 142 1358
713 545 1452
1452 545 713
545 713 1452
828 316 1373
316 828 1373
1373 316 828
220 1016 1166
1166 220 1016
1016 220 1166
1343 96 1374
96 1343 1374
1374 96 1343
1165 432 919
432 919 1165
919 432 1165
710 340 851
851 340 710
340 710 851
85 363 726
363 85 726
726 85 363
22 1124 1366
1124 22 1366
1366 22 1124
922 131 877
131 877 922
877 131 922
1025 197 1193
197 1025 1193
1193 197 1025
216 23 299
299 23 216
23 216 299
1434 852 1302
852 1302 1434
1302 852 1434
1264 185 319
185 319 1264
319 185 1264
493 1280 1453
1280 493 1453
1453 493 1280
284 865 1192
1192 284 865
865 284 1192
1433 454 745
454 745 1433
745 454 1433
86 1098 1123
1098 86 1123
1123 86 1098
776 861 1422
1422 776 861
861 776 1422
407 1112 1383
1112 407 1383
1383 407 1112
43 9 352
352 9 43
9 43 352
984 500 628
628 500 984
500 628 984
992 305 832
305 832 992
832 305 992
41 296 1024
1024 41 296
296 41 1024
350 285 576
285 350 576
576 285 350
1480 1318 1409
1318 1409 1480
1409 1318 1480
1088 42 214
214 42 1088
42 214 1088
1385 71 348
71 348 1385
348 71 1385
203 843 1118
843 203 1118
1118 203 843
353 543 705
543 353 705
705 353 543
164 32 423
32 164 423
423 32 164
1010 199 479
199 479 1010
479 199 1010
506 581 750
581 506 750
750 506 581
1267 647 1393
647 1267 1393
1393 647 1267
476 217 376
217 376 476
376 217 476
1272 484 1377
1377 484 1272
484 1272 1377
563 221 1364
1364 221 563
221 563 1364
521 171 674
674 171 521
171 521 674
252 547 1432
547 252 1432
1432 252 547
245 459 966
966 245 459
459 245 966
770 273 937
273 770 937
937 273 770
562 571 898
898 562 571
571 562 898
831 800 1395
1395 800 831
800 831 1395
987 763 1064
1064 763 987
763 987 1064
56 692 754
754 56 692
692 56 754
1316 481 666
481 666 1316
666 481 1316
1290 537 1346
1346 537 1290
537 1290 1346
1038 49 1411
1411 49 1038
49 1038 1411
602 528 597
597 528 602
528 597 602
634 659 1336
1336 634 659
659 634 1336
1483 554 1271
554 1271 1483
1271 554 1483
403 489 1044
489 403 1044
1044 403 489
298 270 947
947 270 298
270 298 947
277 144 565
144 277 565
565 144 277
1001 121 668
668 121 1001
121 668 1001
172 149 1178
1178 149 172
149 172 1178
1471 977 1050
977 1050 1471
1050 977 1471
880 75 1233
75 880 1233
1233 75 880
51 279 1115
279 51 1115
1115 51 279
491 15 1206
15 491 1206
1206 15 491
767 444 1369
1369 444 767
444 767 1369
155 255 1009
1009 155 255
255 155 1009
622 187 1041
1041 187 622
187 622 1041
1074 224 494
224 494 1074
494 224 1074
927 748 1381
1381 748 927
748 927 1381
663 696 785
696 663 785
785 663 696
908 498 923
498 908 923
923 498 908
469 157 422
422 157 469
157 422 469
1478 676 1329
676 1329 1478
1329 676 1478
402 520 1486
1486 402 520
520 402 1486
833 182 250
250 182 833
182 250 833
294 280 1076
280 294 1076
1076 280 294
333 690 1111
1111 333 690
690 333 1111
1148 734 1205
1205 734 1148
734 1148 1205
572 124 997
997 124 572
124 572 997
242 357 1160
1160 242 357
357 242 1160
438 1079 1335
1079 438 1335
1335 438 1079
1408 247 1489
1489 247 1408
247 1408 1489
7 1149 1491
1491 7 1149
1149 7 1491
1107 883 1092
883 1092 1107
1092 883 1107
159 777 990
777 159 990
990 159 777
406 18 608
18 406 608
608 18 406
1342 503 934
503 934 1342
934 503 1342
266 30 448
448 30 266
30 266 448
1315 130 132
130 132 1315
132 130 1315
946 805 1300
1300 805 946
805 946 1300
1320 225 1003
225 1003 1320
1003 225 1320
209 648 1059
648 209 1059
1059 209 648
886 189 860
189 860 886
860 189 886
1354 818 1269
818 1269 1354
1269 818 1354
1242 416 1468
1468 416 1242
416 1242 1468
1415 741 1261
741 1261 1415
1261 741 1415
531 1209 1371
1371 531 1209
1209 531 1371
188 101 312
101 188 312
312 101 188
784 40 1417
1417 40 784
40 784 1417
957 24 807
24 807 957
807 24 957
405 367 1179
367 405 1179
1179 367 405
394 20 215
215 20 394
20 215 394
1375 304 995
995 304 1375
304 995 1375
1402 900 1438
900 1402 1438
1438 900 1402
237 1 790
1 237 790
790 1 237
566 842 1464
842 566 1464
1464 566 842
1047 135 434
135 434 1047
434 135 1047
1249 66 111
66 111 1249
111 66 1249
544 751 1028
751 544 1028
1028 544 751
665 951 1323
1323 665 951
951 665 1323
223 564 737
737 223 564
564 223 737
1162 1217 1311
1311 1162 1217
1217 1162 1311
1421 283 399
283 399 1421
399 283 1421
797 156 1451
156 797 1451
1451 156 797
301 365 716
365 301 716
716 301 365
538 138 1333
1333 138 538
138 538 1333
1100 129 173
129 173 1100
173 129 1100
1142 8 1247
8 1142 1247
1247 8 1142
219 650 1053
650 219 1053
1053 219 650
1167 667 799
799 667 1167
667 799 1167
596 180 1296
1296 180 596
180 596 1296
744 826 1077
1077 744 826
826 744 1077
682 222 697
697 222 682
222 682 697
623 689 1046
689 623 1046
1046 623 689
162 1039 1197
1039 162 1197
1197 162 1039
1273 191 1441
191 1273 1441
1441 191 1273
695 5 1356
1356 5 695
5 695 1356
99 355 1304
355 99 1304
1304 99 355
1066 492 1089
492 1066 1089
1089 492 1066
561 258 1139
258 561 1139
1139 258 561
293 240 809
809 240 293
240 293 809
1347 657 1456
657 1347 1456
1456 657 1347
28 694 909
694 28 909
909 28 694
300 1055 1426
1055 300 1426
1426 300 1055
658 677 1365
677 658 1365
1365 658 677
82 610 1048
1048 82 610
610 82 1048
231 747 1195
1195 231 747
747 231 1195
236 292 326
326 236 292
292 236 326
33 390 539
390 33 539
539 33 390
1437 321 1337
321 1337 1437
1337 321 1437
439 1352 1460
1460 439 1352
1352 439 1460
1082 115 756
756 115 1082
115 756 1082
1052 1031 1137
1137 1031 1052
1031 1052 1137
234 359 508
508 234 359
359 234 508
829 107 377
377 107 829
107 377 829
509 397 848
848 397 509
397 509 848
1349 725 839
725 839 1349
839 725 1349
821 336 391
336 391 821
391 336 821
1288 59 1406
59 1288 1406
1406 59 1288
1136 862 976
976 862 1136
862 976 1136
308 678 730
730 308 678
678 308 730
795 472 526
472 526 795
526 472 795
855 555 1230
555 855 1230
1230 555 855
297 1174 1496
1174 297 1496
1496 297 1174
1184 969 1312
1312 969 1184
969 1184 1312
1177 311 1399
311 1177 1399
1399 311 1177
1376 452 1065
1065 452 1376
452 1065 1376
495 92 706
706 92 495
92 495 706
1155 1127 1353
1353 1127 1155
1127 1155 1353
594 607 1144
607 594 1144
1144 594 607
964 16 393
393 16 964
16 393 964
414 205 1153
1153 205 414
205 414 1153
940 239 541
541 239 940
239 541 940
53 1099 1497
1497 53 1099
1099 53 1497
1313 323 1481
1481 323 1313
323 1313 1481
97 385 496
496 97 385
385 97 496
177 137 1449
137 177 1449
1449 137 177
816 3 1465
1465 3 816
3 816 1465
31 190 669
669 31 190
190 31 669
1012 580 1211
580 1012 1211
1211 580 1012
446 346 836
836 346 446
346 446 836
166 743 1493
1493 166 743
743 166 1493
388 907 1392
1392 388 907
907 388 1392
1259 490 1396
490 1259 1396
1396 490 1259
392 641 1161
641 392 1161
1161 392 641
590 477 1119
1119 477 590
477 590 1119
1145 81 410
81 410 1145
410 81 1145
80 955 1301
1301 80 955
955 80 1301
620 55 478
478 55 620
55 478 620
1058 211 418
211 418 1058
418 211 1058
1163 681 1266
1266 681 1163
681 1163 1266
587 905 1190
1190 587 905
905 587 1190
944 533 1202
533 944 1202
1202 533 944
786 827 1368
827 786 1368
1368 786 827
1172 306 428
306 428 1172
428 306 1172
408 574 1423
574 408 1423
1423 408 574
535 375 1384
1384 375 535
375 535 1384
1117 276 1085
1085 276 1117
276 1085 1117
654 775 878
775 654 878
878 654 775
447 58 1445
58 447 1445
1445 58 447
1490 646 1199
646 1199 1490
1199 646 1490
1278 731 1442
1442 731 1278
731 1278 1442
262 534 1029
1029 262 534
534 262 1029
999 963 1004
963 999 1004
1004 963 999
893 962 1246
962 893 1246
1246 893 962
334 52 153
52 153 334
153 52 334
1154 1283 1429
1283 1154 1429
1429 1154 1283
637 112 680
680 112 637
112 637 680
1244 970 1224
1224 970 1244
970 1224 1244
198 1097 1102
1097 198 1102
1102 198 1097
1037 502 856
856 502 1037
502 856 1037
160 289 850
850 160 289
289 160 850
819 451 953
953 451 819
451 819 953
1036 77 1093
77 1036 1093
1093 77 1036
838 857 993
993 838 857
857 838 993
47 586 884
586 47 884
884 47 586
1057 328 567
328 567 1057
567 328 1057
1109 368 435
435 368 1109
368 435 1109
591 27 470
470 27 591
27 470 591
1382 465 1492
465 1382 1492
1492 465 1382
57 869 988
869 57 988
988 57 869
1440 817 1026
1026 817 1440
817 1026 1440
722 253 341
341 253 722
253 341 722
204 12 699
12 204 699
699 12 204
1013 413 948
413 948 1013
948 413 1013
1340 802 845
802 845 1340
845 802 1340
14 345 929
929 14 345
345 14 929
584 1061 1462
1462 584 1061
1061 584 1462
1414 945 1159
945 1159 1414
1159 945 1414
956 1030 1277
1277 956 1030
1030 956 1277
386 161 673
161 386 673
673 161 386
2 1078 1182
1182 2 1078
1078 2 1182
1250 675 1087
1087 675 1250
675 1087 1250
1204 1146 1185
1146 1185 1204
1185 1146 1204
759 575 837
575 759 837
837 575 759
1338 322 400
400 322 1338
322 400 1338
732 72 339
339 72 732
72 339 732
370 578 595
595 370 578
578 370 595
1295 315 362
362 315 1295
315 362 1295
1083 605 1458
1458 605 1083
605 1083 1458
1359 94 456
94 456 1359
456 94 1359
44 778 792
792 44 778
778 44 792
523 275 1350
1350 275 523
275 523 1350
651 335 1498
1498 335 651
335 651 1498
791 1054 1289
1054 791 1289
1289 791 1054
433 152 1253
152 433 1253
1253 152 433
793 579 1056
579 793 1056
1056 579 793
106 206 636
206 106 636
636 106 206
1310 256 474
474 256 1310
256 474 1310
1463 516 910
910 516 1463
516 910 1463
599 1240 1317
1317 599 1240
1240 599 1317
381 959 968
959 381 968
968 381 959
179 1231 1362
1362 179 1231
1231 179 1362
1284 268 684
684 268 1284
268 684 1284
84 318 768
318 84 768
768 84 318
497 715 894
715 497 894
894 497 715
1017 548 889
548 889 1017
889 548 1017
902 649 1298
649 902 1298
1298 649 902
583 1014 1325
1325 583 1014
1014 583 1325
549 409 556
556 409 549
409 549 556
325 64 427
64 325 427
427 64 325
522 483 1005
483 522 1005
1005 483 522
882 593 1412
593 882 1412
1412 593 882
698 170 186
186 170 698
170 186 698
671 37 61
61 37 671
37 61 671
888 683 1226
1226 683 888
683 888 1226
530 278 822
278 530 822
822 278 530
460 938 1428
1428 460 938
938 460 1428
774 714 875
875 714 774
714 774 875
1116 670 1168
670 1116 1168
1168 670 1116
846 384 693
693 384 846
384 693 846
943 35 329
329 35 943
35 329 943
1229 176 1416
176 1229 1416
1416 176 1229
853 868 1390
1390 853 868
868 853 1390
147 642 1388
1388 147 642
642 147 1388
505 700 920
920 505 700
700 505 920
553 998 1309
1309 553 998
998 553 1309
1379 612 812
812 612 1379
612 812 1379
26 337 629
629 26 337
337 26 629
67 265 975
975 67 265
265 67 975
1487 771 978
771 978 1487
978 771 1487
6 573 830
830 6 573
573 6 830
1108 765 933
933 765 1108
765 933 1108
662 529 1331
529 662 1331
1331 529 662
985 288 1135
288 985 1135
1135 288 985
825 361 412
412 361 825
361 412 825
314 625 1152
625 314 1152
1152 314 625
746 404 1474
404 746 1474
1474 404 746
939 151 320
320 151 939
151 320 939
1101 440 1291
440 1101 1291
1291 440 1101
1006 95 327
95 327 1006
327 95 1006
835 1245 1469
1245 835 1469
1469 835 1245
120 467 1175
1175 120 467
467 120 1175
1060 442 811
442 811 1060
811 442 1060
876 235 332
235 332 876
332 235 876
1169 1129 1213
1129 1169 1213
1213 1129 1169
116 485 532
485 116 532
532 116 485
660 1033 1439
1033 660 1439
1439 660 1033
1257 54 1234
54 1234 1257
1234 54 1257
702 468 1221
468 702 1221
1221 468 702
761 431 719
719 431 761
431 719 761
441 644 1043
1043 441 644
644 441 1043
1021 733 1293
1293 733 1021
733 1021 1293
482 13 729
729 13 482
13 482 729
1345 965 1305
1305 965 1345
965 1305 1345
639 899 1256
1256 639 899
899 639 1256
550 330 1389
1389 330 550
330 550 1389
127 630 1147
630 127 1147
1147 127 630
854 415 1348
415 854 1348
1348 415 854
1105 425 525
525 425 1105
425 525 1105
193 757 904
757 193 904
904 193 757
466 421 783
783 421 466
421 466 783
885 813 847
847 813 885
813 847 885
1022 720 1243
720 1022 1243
1243 720 1022
924 310 755
755 310 924
310 755 924
814 302 342
342 302 814
302 342 814
117 264 378
264 117 378
378 117 264
527 291 1276
1276 291 527
291 527 1276
738 295 1413
1413 295 738
295 738 1413
1279 263 1181
263 1181 1279
1181 263 1279
1189 374 1321
374 1189 1321
1321 374 1189
1114 196 1180
1180 196 1114
196 1114 1180
38 480 779
480 38 779
779 38 480
1110 631 1113
631 1110 1113
1113 631 1110
1200 163 558
558 163 1200
163 558 1200
1477 609 1398
1398 609 1477
609 1398 1477
146 272 1403
272 146 1403
1403 146 272
588 238 510
238 510 588
510 238 588
518 100 165
165 100 518
100 165 518
1130 753 1405
1405 753 1130
753 1130 1405
638 1040 1341
1341 638 1040
1040 638 1341
512 382 918
918 382 512
382 512 918
942 4 1357
4 942 1357
1357 4 942
858 36 1328
36 858 1328
1328 36 858
148 443 614
443 148 614
614 148 443
896 457 982
982 457 896
457 896 982
1322 789 1262
789 1262 1322
1262 789 1322
471 1020 1404
1404 471 1020
1020 471 1404
150 656 1216
1216 150 656
656 150 1216
870 140 589
140 589 870
589 140 870
709 290 621
621 290 709
290 621 709
824 1075 1430
1430 824 1075
1075 824 1430
70 430 1210
430 70 1210
1210 70 430
1448 1241 1258
1258 1241 1448
1241 1258 1448
613 1122 1297
1297 613 1122
1122 613 1297
1294 473 724
473 724 1294
724 473 1294
834 261 798
798 261 834
261 798 834
1126 1303 1447
1303 1126 1447
1447 1126 1303
10 445 891
891 10 445
445 10 891
758 950 1051
950 758 1051
1051 758 950
1467 1104 1285
1285 1104 1467
1104 1285 1467
895 269 1324
269 895 1324
1324 269 895
1157 1183 1194
1183 1157 1194
1194 1157 1183
373 351 810
351 373 810
810 351 373
1138 708 1131
1131 708 1138
708 1131 1138
395 1096 1236
1236 395 1096
1096 395 1236
1235 552 606
606 552 1235
552 606 1235
364 863 914
914 364 863
863 364 914
1173 617 1091
1091 617 1173
617 1091 1173
932 1143 1188
1143 932 1188
1188 932 1143
960 728 872
872 728 960
728 872 960
781 598 1251
598 781 1251
1251 598 781
420 803 1062
803 420 1062
1062 420 803
1186 257 652
257 652 1186
652 257 1186
1223 592 1187
1187 592 1223
592 1187 1223
568 604 655
604 568 655
655 568 604
1380 175 379
379 175 1380
175 379 1380
488 615 897
615 488 897
897 488 615
344 360 849
360 344 849
849 344 360
701 143 244
244 143 701
143 244 701
192 782 952
952 192 782
782 192 952
25 259 1164
1164 25 259
259 25 1164
935 246 1198
246 935 1198
1198 246 935
626 664 1410
1410 626 664
664 626 1410
1208 766 1063
766 1063 1208
1063 766 1208
635 519 991
991 519 635
519 635 991
542 455 890
890 455 542
455 542 890
1443 1141 1378
1378 1141 1443
1141 1378 1443
570 39 218
218 39 570
39 218 570
1121 511 540
540 511 1121
511 540 1121
735 281 1419
281 735 1419
1419 281 735
1457 88 972
972 88 1457
88 972 1457
1400 930 1023
1023 930 1400
930 1023 1400
1219 1299 1470
1470 1219 1299
1299 1219 1470
1095 627 1103
1103 627 1095
627 1095 1103
1454 243 1485
1485 243 1454
243 1454 1485
424 63 1034
1034 63 424
63 424 1034
1326 911 1027
1027 911 1326
911 1027 1326
347 271 557
557 271 347
271 347 557
134 383 1495
1495 134 383
383 134 1495
372 167 958
958 167 372
167 372 958
1307 87 499
87 499 1307
499 87 1307
133 60 1436
1436 60 133
60 133 1436
1212 1081 1150
1150 1081 1212
1081 1150 1212
228 749 1270
749 228 1270
1270 228 749
1281 89 906
906 89 1281
89 906 1281
1237 232 1427
1427 232 1237
232 1237 1427
1049 202 717
202 717 1049
717 202 1049
892 90 1319
90 892 1319
1319 90 892
1218 389 840
840 389 1218
389 840 1218
787 426 871
871 426 787
426 787 871
514 1327 1355
1327 514 1355
1355 514 1327
796 1068 1444
1068 796 1444
1444 796 1068
1227 685 760
685 760 1227
760 685 1227
974 122 1248
122 974 1248
1248 122 974
704 653 912
912 653 704
653 704 912
736 616 1387
616 736 1387
1387 616 736
1339 102 1476
102 1339 1476
1476 102 1339
453 78 1220
78 453 1220
1220 78 453
1156 79 249
249 79 1156
79 249 1156
126 358 820
820 126 358
358 126 820
723 248 640
248 640 723
640 248 723
398 752 928
928 398 752
752 398 928
68 619 915
915 68 619
619 68 915
1418 401 1420
401 1418 1420
1420 401 1418
979 46 515
46 515 979
515 46 979
559 582 804
582 559 804
804 559 582
1252 661 1446
1446 661 1252
661 1252 1446
1330 633 936
633 936 1330
936 633 1330
841 174 691
691 174 841
174 691 841
742 207 980
980 207 742
207 742 980
1401 201 1000
201 1000 1401
1000 201 1401
1228 507 1084
1084 507 1228
507 1084 1228
577 267 687
267 577 687
687 267 577
104 859 1306
859 104 1306
1306 104 859
517 867 1207
867 517 1207
1207 517 867
74 788 1106
788 74 1106
1106 74 788
200 168 643
643 168 200
168 200 643
343 380 686
380 343 686
686 343 380
83 396 1351
1351 83 396
396 83 1351
1072 184 1008
1008 184 1072
184 1008 1072
73 463 1134
1134 73 463
463 73 1134
210 251 1042
1042 210 251
251 210 1042
762 921 1435
1435 762 921
921 762 1435
1360 76 123
76 123 1360
123 76 1360
1275 1286 1473
1286 1275 1473
1473 1275 1286
645 366 475
366 475 645
475 366 645
1019 981 1263
1263 981 1019
981 1019 1263
50 109 711
711 50 109
109 50 711
1045 286 1002
286 1002 1045
1002 286 1045
769 1391 1461
1461 769 1391
1391 769 1461
1367 419 986
986 419 1367
419 986 1367
971 62 260
260 62 971
62 260 971
1073 11 601
601 11 1073
11 601 1073
1222 227 917
227 917 1222
917 227 1222
1203 48 603
603 48 1203
48 603 1203
864 141 282
282 141 864
141 282 864
1201 624 1128
1128 624 1201
624 1128 1201
806 21 1196
1196 21 806
21 806 1196
110 879 1120
1120 110 879
879 110 1120
913 1274 1466
1274 913 1466
1466 913 1274
118 113 546
546 113 118
113 118 546
103 91 213
213 91 103
91 103 213
1032 114 1424
1424 114 1032
114 1032 1424
354 317 823
317 354 823
823 317 354
1425 873 1232
873 1232 1425
1232 873 1425
1067 119 1499
119 1067 1499
1499 119 1067
229 34 369
369 34 229
34 229 369
1151 93 808
93 808 1151
808 93 1151
195 356 874
356 195 874
874 195 356
139 679 721
679 139 721
721 139 679
1133 585 1215
1215 585 1133
585 1133 1215
309 19 560
19 309 560
560 19 309
