1117 844 1073
844 1073 1117
1073 844 1117
389 245 858
858 245 389
245 389 858
1440 405 713
713 405 1440
405 713 1440
1316 1050 1395
1395 1050 1316
1050 1316 1395
248 331 541
331 248 541
541 248 331
859 996 1212
996 859 1212
1212 859 996
1058 1055 1184
1055 1058 1184
1184 1055 1058
345 172 1238
1238 172 345
172 345 1238
708 132 308
308 132 708
132 308 708
471 467 1011
467 471 1011
1011 467 471
1454 238 643
643 238 1454
238 643 1454
275 517 974
974 275 517
517 275 974
606 670 885
670 606 885
885 606 670
751 76 890
890 76 751
76 751 890
1441 262 1408
262 1408 1441
1408 262 1441
1226 478 1197
478 1197 1226
1197 478 1226
1089 254 680
254 680 1089
680 254 1089
899 1291 1436
1291 899 1436
1436 899 1291
587 232 1229
1229 232 587
232 587 1229
1245 169 1007
1007 169 1245
169 1007 1245
850 493 1475
493 850 1475
1475 493 850
1183 808 1104
808 1104 1183
1104 808 1183
1465 287 1353
1353 287 1465
287 1353 1465
486 936 1028
936 486 1028
1028 486 936
1072 854 1155
854 1072 1155
1155 854 1072
635 940 1394
1394 635 940
940 635 1394
403 334 1263
334 403 1263
1263 334 403
984 222 1008
1008 222 984
222 984 1008
402 418 1484
418 402 1484
1484 402 418
326 168 867
867 168 326
168 326 867
1451 719 1132
719 1132 1451
1132 719 1451
1242 694 1490
694 1242 1490
1490 694 1242
1497 159 480
480 159 1497
159 480 1497
58 995 1099
1099 58 995
995 58 1099
1169 48 1241
1241 48 1169
48 1169 1241
855 739 1478
739 855 1478
1478 739 855
665 676 1122
676 665 1122
1122 665 676
459 426 515
426 459 515
515 426 459
151 332 1057
332 151 1057
1057 151 332
835 360 416
416 360 835
360 416 835
223 477 1412
1412 223 477
477 223 1412
378 105 1357
1357 105 378
105 378 1357
1481 774 1354
1354 774 1481
774 1354 1481
10 318 392
318 10 392
392 10 318
1141 533 1037
1037 533 1141
533 1037 1141
609 70 701
701 70 609
70 609 701
1350 72 579
579 72 1350
72 579 1350
748 422 523
422 523 748
523 422 748
1032 575 1074
575 1032 1074
1074 575 1032
1302 407 1217
1217 407 1302
407 1217 1302
460 69 1014
69 460 1014
1014 69 460
1466 955 1221
1221 955 1466
955 1221 1466
1176 133 702
133 702 1176
702 133 1176
1044 139 793
139 793 1044
793 139 1044
136 235 337
235 136 337
337 136 235
1362 1227 1464
1227 1362 1464
1464 1227 1362
500 413 1250
1250 413 500
413 500 1250
180 142 348
348 142 180
142 180 348
1307 448 1336
448 1307 1336
1336 448 1307
371 590 1348
590 371 1348
1348 371 590
1110 118 784
118 784 1110
784 118 1110
343 282 296
296 282 343
282 296 343
484 320 1177
320 484 1177
1177 320 484
257 1096 1165
1096 257 1165
1165 257 1096
686 607 960
607 686 960
960 607 686
538 491 1469
491 538 1469
1469 491 538
1365 669 782
782 669 1365
669 782 1365
374 399 747
747 374 399
399 374 747
49 203 1186
1186 49 203
203 49 1186
1022 412 1075
412 1022 1075
1075 412 1022
1118 310 636
310 636 1118
636 310 1118
1094 446 677
677 446 1094
446 677 1094
23 1035 1237
1237 23 1035
1035 23 1237
1198 131 1243
1243 131 1198
131 1198 1243
516 839 1401
1401 516 839
839 516 1401
562 1156 1160
1160 562 1156
1156 562 1160
1218 810 887
810 887 1218
887 810 1218
453 171 432
432 171 453
171 432 453
526 621 868
868 526 621
621 526 868
896 124 1172
124 896 1172
1172 124 896
964 103 265
265 103 964
103 265 964
570 167 1080
167 570 1080
1080 167 570
757 498 545
498 545 757
545 498 757
915 78 933
78 915 933
933 78 915
524 201 461
201 461 524
461 201 524
1444 450 1204
450 1204 1444
1204 450 1444
598 60 1252
60 598 1252
1252 60 598
671 279 630
279 630 671
630 279 671
1146 272 406
272 406 1146
406 272 1146
395 342 619
619 342 395
342 395 619
140 661 806
806 140 661
661 140 806
1470 639 1417
639 1417 1470
1417 639 1470
1109 518 962
518 962 1109
962 518 1109
1319 206 648
648 206 1319
206 648 1319
1308 312 1318
1318 312 1308
312 1308 1318
761 1450 1487
1487 761 1450
1450 761 1487
681 753 1060
753 681 1060
1060 681 753
1249 264 742
742 264 1249
264 742 1249
102 84 754
754 84 102
84 102 754
1323 130 359
130 359 1323
359 130 1323
492 465 1306
465 492 1306
1306 465 492
125 108 1225
108 125 1225
1225 108 125
442 325 1322
1322 325 442
325 442 1322
1018 605 762
762 605 1018
605 762 1018
483 285 1076
1076 285 483
285 483 1076
721 462 950
950 462 721
462 721 950
797 1029 1271
1029 797 1271
1271 797 1029
1294 199 499
499 199 1294
199 499 1294
864 1278 1498
1498 864 1278
1278 864 1498
1297 226 1003
226 1003 1297
1003 226 1297
724 756 1376
1376 724 756
756 724 1376
488 589 824
824 488 589
589 488 824
990 908 1290
908 990 1290
1290 908 990
1108 540 558
540 558 1108
558 540 1108
927 1005 1086
1086 927 1005
1005 927 1086
932 410 812
410 812 932
812 410 932
807 769 1063
1063 769 807
769 807 1063
1248 559 931
931 559 1248
559 931 1248
242 479 1500
1500 242 479
479 242 1500
644 295 1038
1038 295 644
295 644 1038
1085 536 972
972 536 1085
536 972 1085
883 857 1473
1473 857 883
857 883 1473
872 958 1384
1384 872 958
958 872 1384
830 215 777
215 777 830
777 215 830
1200 547 599
599 547 1200
547 599 1200
1298 628 1399
1399 628 1298
628 1298 1399
503 401 767
767 401 503
401 503 767
1474 386 973
386 973 1474
973 386 1474
284 801 1476
1476 284 801
801 284 1476
935 243 1324
243 935 1324
1324 243 935
7 1027 1100
1027 7 1100
1100 7 1027
1190 178 578
578 178 1190
178 578 1190
1413 194 398
398 194 1413
194 398 1413
623 358 1097
1097 358 623
358 623 1097
1388 954 1387
1387 954 1388
954 1387 1388
221 1196 1455
1455 221 1196
1196 221 1455
1368 42 663
663 42 1368
42 663 1368
904 191 449
449 191 904
191 449 904
971 1277 1312
1312 971 1277
1277 971 1312
225 690 728
728 225 690
690 225 728
939 220 1402
220 939 1402
1402 220 939
239 683 1126
683 239 1126
1126 239 683
497 393 1130
393 497 1130
1130 393 497
926 622 763
763 622 926
622 763 926
1396 846 1061
1061 846 1396
846 1061 1396
441 1106 1377
1106 441 1377
1377 441 1106
16 1020 1438
1020 16 1438
1438 16 1020
100 828 1431
1431 100 828
828 100 1431
789 744 919
744 789 919
919 744 789
629 813 822
822 629 813
813 629 822
227 657 779
779 227 657
657 227 779
1459 56 146
146 56 1459
56 146 1459
119 963 1404
963 119 1404
1404 119 963
212 502 1327
502 212 1327
1327 212 502
1407 522 1296
522 1296 1407
1296 522 1407
1213 380 1310
380 1213 1310
1310 380 1213
1040 300 1206
300 1040 1206
1206 300 1040
595 504 1361
504 595 1361
1361 504 595
1289 198 1471
198 1289 1471
1471 198 1289
250 923 1145
923 250 1145
1145 250 923
157 925 1034
925 157 1034
1034 157 925
1124 1079 1144
1079 1124 1144
1144 1079 1124
346 878 982
878 346 982
982 346 878
658 252 1125
1125 252 658
252 658 1125
349 1082 1194
1082 349 1194
1194 349 1082
827 594 783
594 783 827
783 594 827
1254 773 805
805 773 1254
773 805 1254
1189 565 787
787 565 1189
565 787 1189
1488 12 733
733 12 1488
12 733 1488
849 324 1344
324 849 1344
1344 324 849
319 53 1398
1398 53 319
53 319 1398
856 383 404
383 404 856
404 383 856
707 253 556
556 253 707
253 556 707
718 632 1453
632 718 1453
1453 632 718
675 907 1373
1373 675 907
907 675 1373
1274 1233 1492
1233 1274 1492
1492 1233 1274
1071 509 1173
509 1071 1173
1173 509 1071
83 293 427
427 83 293
293 83 427
356 294 667
667 294 356
294 356 667
796 26 276
276 26 796
26 276 796
1136 414 650
650 414 1136
414 650 1136
1339 513 720
720 513 1339
513 720 1339
1434 246 1281
246 1281 1434
1281 246 1434
735 141 692
692 141 735
141 692 735
458 298 365
365 298 458
298 365 458
302 89 456
456 89 302
89 302 456
921 654 1415
654 921 1415
1415 654 921
638 464 1270
1270 464 638
464 638 1270
1182 90 948
948 90 1182
90 948 1182
617 501 1456
1456 501 617
501 617 1456
21 394 1083
394 21 1083
1083 21 394
1320 277 776
776 277 1320
277 776 1320
1423 156 1004
156 1004 1423
1004 156 1423
1372 645 1282
645 1282 1372
1282 645 1372
833 299 1147
299 833 1147
1147 299 833
1458 281 1231
281 1231 1458
1231 281 1458
1026 652 1416
1416 652 1026
652 1026 1416
1140 863 1162
863 1140 1162
1162 863 1140
1251 22 216
216 22 1251
22 216 1251
1482 241 1334
1334 241 1482
241 1334 1482
470 187 1101
1101 187 470
187 470 1101
914 352 553
553 352 914
352 553 914
1222 75 1331
1331 75 1222
75 1222 1331
1188 321 829
829 321 1188
321 829 1188
364 271 1383
271 364 1383
1383 271 364
73 1137 1273
1137 73 1273
1273 73 1137
92 627 1443
627 92 1443
1443 92 627
507 31 865
865 31 507
31 507 865
979 183 548
183 548 979
548 183 979
817 152 1364
1364 152 817
152 817 1364
876 487 1065
487 876 1065
1065 487 876
87 1209 1352
1209 87 1352
1352 87 1209
301 430 1329
1329 301 430
430 301 1329
63 188 322
188 63 322
322 63 188
1171 304 455
304 455 1171
455 304 1171
785 902 1467
1467 785 902
902 785 1467
691 274 373
274 373 691
373 274 691
1400 25 122
25 122 1400
122 25 1400
266 209 788
209 266 788
788 209 266
913 1133 1389
1389 913 1133
1133 913 1389
920 218 1246
1246 218 920
218 920 1246
633 196 230
196 230 633
230 196 633
1437 1066 1267
1267 1066 1437
1066 1267 1437
1016 268 544
544 268 1016
268 544 1016
81 490 1496
490 81 1496
1496 81 490
881 368 640
368 640 881
640 368 881
1193 992 1338
992 1193 1338
1338 992 1193
1424 1276 1363
1363 1276 1424
1276 1363 1424
534 1042 1234
1042 534 1234
1234 534 1042
731 1093 1230
1230 731 1093
1093 731 1230
1285 485 1103
485 1103 1285
1103 485 1285
519 893 1036
893 519 1036
1036 519 893
1449 423 597
423 597 1449
597 423 1449
1258 520 1006
520 1006 1258
1006 520 1258
705 576 906
576 705 906
906 576 705
336 852 966
966 336 852
852 336 966
240 186 551
186 240 551
551 186 240
1235 957 991
957 991 1235
991 957 1235
770 314 875
314 770 875
875 314 770
749 193 1279
193 749 1279
1279 193 749
50 655 1265
1265 50 655
655 50 1265
38 431 815
815 38 431
431 38 815
217 369 1139
1139 217 369
369 217 1139
626 249 814
814 249 626
249 626 814
741 15 717
15 717 741
717 15 741
1259 57 327
57 327 1259
327 57 1259
610 59 173
173 59 610
59 173 610
163 738 1064
1064 163 738
738 163 1064
1391 989 1077
989 1077 1391
1077 989 1391
952 160 593
593 160 952
160 593 952
1355 468 1315
468 1315 1355
1315 468 1355
174 745 917
745 174 917
917 174 745
1192 51 1317
51 1192 1317
1317 51 1192
181 150 1304
1304 150 181
150 181 1304
1191 28 1420
28 1191 1420
1420 28 1191
261 894 1090
894 261 1090
1090 261 894
870 433 1288
433 870 1288
1288 433 870
637 111 790
111 637 790
790 111 637
1280 1154 1321
1154 1280 1321
1321 1154 1280
988 66 251
251 66 988
66 251 988
1409 649 760
649 760 1409
760 649 1409
616 1195 1403
1403 616 1195
1195 616 1403
903 34 938
34 903 938
938 34 903
552 149 1379
1379 149 552
149 552 1379
208 758 816
816 208 758
758 208 816
244 909 1261
909 244 1261
1261 244 909
521 481 1134
481 521 1134
1134 481 521
292 511 840
840 292 511
511 292 840
114 489 1268
489 114 1268
1268 114 489
447 154 1346
1346 154 447
154 447 1346
20 309 1208
1208 20 309
309 20 1208
778 845 1366
845 778 1366
1366 778 845
699 1033 1414
1033 699 1414
1414 699 1033
874 104 821
104 821 874
821 104 874
668 440 1378
440 668 1378
1378 440 668
387 46 672
46 387 672
672 46 387
569 61 134
61 134 569
134 61 569
766 496 873
873 496 766
496 766 873
572 270 1494
270 572 1494
1494 270 572
842 725 848
848 725 842
725 842 848
508 54 1138
1138 54 508
54 508 1138
795 703 945
703 795 945
945 703 795
339 361 537
361 339 537
537 339 361
1380 305 397
305 397 1380
397 305 1380
697 311 1056
311 697 1056
1056 311 697
1203 1114 1385
1114 1203 1385
1385 1114 1203
1375 1068 1211
1211 1068 1375
1068 1211 1375
985 851 1000
1000 851 985
851 985 1000
700 726 771
771 700 726
726 700 771
1157 329 695
329 695 1157
695 329 1157
1053 438 1342
438 1053 1342
1342 438 1053
153 888 1023
1023 153 888
888 153 1023
1286 582 711
582 711 1286
711 582 1286
1262 800 1127
800 1127 1262
1127 800 1262
1017 45 794
794 45 1017
45 794 1017
185 129 729
729 129 185
129 185 729
366 987 1284
987 366 1284
1284 366 987
732 259 752
752 259 732
259 732 752
573 170 472
170 472 573
472 170 573
3 734 880
734 3 880
880 3 734
377 37 1359
37 377 1359
1359 37 377
884 584 820
820 584 884
584 820 884
355 1219 1422
1219 355 1422
1422 355 1219
1382 437 1105
1105 437 1382
437 1105 1382
978 379 1426
1426 379 978
379 978 1426
36 29 91
29 36 91
91 29 36
727 759 1201
1201 727 759
759 727 1201
1113 528 1333
1333 528 1113
528 1113 1333
543 43 260
43 260 543
260 43 543
55 898 1283
898 55 1283
1283 55 898
506 77 1175
1175 77 506
77 506 1175
1047 350 892
892 350 1047
350 892 1047
977 837 853
853 837 977
837 853 977
1091 1112 1489
1112 1091 1489
1489 1091 1112
836 434 743
434 743 836
743 434 836
330 86 1239
1239 86 330
86 330 1239
693 98 696
98 693 696
696 98 693
897 1330 1392
1392 897 1330
1330 897 1392
1048 147 803
147 803 1048
803 147 1048
847 115 712
115 712 847
712 115 847
425 1311 1485
1485 425 1311
1311 425 1485
127 871 1332
871 127 1332
1332 127 871
505 466 1433
466 505 1433
1433 466 505
956 1202 1205
1202 956 1205
1205 956 1202
1207 357 838
357 838 1207
838 357 1207
5 85 586
586 5 85
85 5 586
1128 1 1405
1 1128 1405
1405 1 1128
1468 158 1174
1174 158 1468
158 1174 1468
780 13 1457
13 780 1457
1457 13 780
234 428 1287
1287 234 428
428 234 1287
1345 1039 1052
1052 1039 1345
1039 1052 1345
205 546 1347
1347 205 546
546 205 1347
1151 328 614
614 328 1151
328 614 1151
1358 613 673
673 613 1358
613 673 1358
662 344 1275
344 662 1275
1275 344 662
1356 510 1143
1143 510 1356
510 1143 1356
1185 44 1181
1181 44 1185
44 1181 1185
618 786 1483
1483 618 786
786 618 1483
943 338 391
338 391 943
391 338 943
959 625 1067
625 959 1067
1067 625 959
946 155 1002
1002 155 946
155 946 1002
144 18 340
18 144 340
340 18 144
1045 591 730
730 591 1045
591 730 1045
120 64 419
419 64 120
64 120 419
351 143 659
659 143 351
143 351 659
1164 1024 1135
1135 1024 1164
1024 1135 1164
200 512 1472
512 200 1472
1472 200 512
965 71 1432
1432 71 965
71 965 1432
664 52 723
723 52 664
52 664 723
651 370 679
679 370 651
370 651 679
161 182 634
634 161 182
182 161 634
947 900 1167
900 947 1167
1167 900 947
1430 27 1257
27 1257 1430
1257 27 1430
1095 475 764
764 475 1095
475 764 1095
110 256 772
256 110 772
772 110 256
1062 411 1043
1043 411 1062
411 1043 1062
101 347 1129
1129 101 347
347 101 1129
14 88 561
88 14 561
561 14 88
1418 1148 1247
1148 1247 1418
1247 1148 1418
113 550 775
550 113 775
775 113 550
62 291 1244
1244 62 291
291 62 1244
128 388 798
798 128 388
388 128 798
333 385 439
439 333 385
385 333 439
678 211 429
211 429 678
429 211 678
1142 112 229
229 112 1142
112 229 1142
924 646 980
980 646 924
646 924 980
580 19 689
19 580 689
689 19 580
531 457 1343
1343 457 531
457 531 1343
1116 714 1088
1088 714 1116
714 1088 1116
197 106 469
106 197 469
469 106 197
1371 341 529
341 529 1371
529 341 1371
716 376 603
376 603 716
603 376 716
941 175 877
877 175 941
175 877 941
866 934 1486
1486 866 934
934 866 1486
704 93 123
93 123 704
123 93 704
620 99 1328
1328 99 620
99 620 1328
604 278 444
444 278 604
278 444 604
555 33 588
33 555 588
588 33 555
809 289 1461
1461 289 809
289 809 1461
214 1381 1448
1381 214 1448
1448 214 1381
137 8 177
177 8 137
8 137 177
826 35 164
164 35 826
35 164 826
353 135 313
313 135 353
135 313 353
929 781 1374
781 929 1374
1374 781 929
39 831 910
910 39 831
831 39 910
647 30 109
109 30 647
30 109 647
737 792 860
860 737 792
792 737 860
861 213 1411
213 861 1411
1411 213 861
1223 474 1335
1335 474 1223
474 1223 1335
1447 436 722
722 436 1447
436 722 1447
688 443 746
443 688 746
746 443 688
715 527 1255
527 715 1255
1255 527 715
1427 563 1351
563 1351 1427
1351 563 1427
1131 80 624
80 624 1131
624 80 1131
993 316 451
451 316 993
316 451 993
1180 303 1299
303 1180 1299
1299 303 1180
202 408 1337
1337 202 408
408 202 1337
823 354 998
998 354 823
354 823 998
1121 247 482
247 482 1121
482 247 1121
1059 1078 1462
1078 1059 1462
1462 1059 1078
1499 641 1301
641 1301 1499
1301 641 1499
1326 4 834
4 834 1326
834 4 1326
1480 96 1012
1012 96 1480
96 1012 1480
1025 994 1445
994 1025 1445
1445 994 1025
862 571 944
944 571 862
571 862 944
1001 190 267
267 190 1001
190 267 1001
656 297 542
297 542 656
542 297 656
564 1158 1428
1158 564 1428
1428 564 1158
1292 273 687
687 273 1292
273 687 1292
41 557 1236
557 41 1236
1236 41 557
1179 601 1163
1163 601 1179
601 1163 1179
791 372 1349
1349 372 791
372 791 1349
585 1019 1178
1019 585 1178
1178 585 1019
1463 539 1216
539 1216 1463
1216 539 1463
463 95 335
95 335 463
335 95 463
882 420 435
420 435 882
435 420 882
912 1119 1153
1119 912 1153
1153 912 1119
1386 165 869
165 869 1386
869 165 1386
951 204 1370
204 951 1370
1370 204 951
685 832 1253
832 685 1253
1253 685 832
1460 684 1149
1149 684 1460
684 1149 1460
237 608 918
608 237 918
918 237 608
445 263 970
263 445 970
970 263 445
740 653 1015
653 740 1015
1015 653 740
1240 210 674
210 674 1240
674 210 1240
975 367 799
367 799 975
799 367 975
1152 381 1115
1115 381 1152
381 1115 1152
706 1123 1260
1123 706 1260
1260 706 1123
983 1054 1419
1054 983 1419
1419 983 1054
1228 390 999
999 390 1228
390 999 1228
1187 596 1425
596 1187 1425
1425 596 1187
905 942 1081
1081 905 942
942 905 1081
535 953 1070
953 535 1070
1070 535 953
968 107 986
107 968 986
986 107 968
901 525 1309
525 901 1309
1309 525 901
755 409 554
554 409 755
409 554 755
362 97 1051
1051 97 362
97 362 1051
384 6 162
6 162 384
162 6 384
494 1010 1406
1406 494 1010
1010 494 1406
195 228 1220
228 195 1220
1220 195 228
192 138 642
642 138 192
138 192 642
530 417 768
417 530 768
768 417 530
1305 811 1314
811 1305 1314
1314 811 1305
255 288 396
396 255 288
288 255 396
889 117 283
283 117 889
117 283 889
532 166 549
549 166 532
166 532 549
1269 581 967
581 967 1269
967 581 1269
415 710 1159
710 415 1159
1159 415 710
1266 323 1479
1479 323 1266
323 1266 1479
1102 1313 1439
1313 1102 1439
1439 1102 1313
1256 891 1341
891 1256 1341
1341 891 1256
600 631 1084
631 600 1084
1084 600 631
280 32 1300
32 280 1300
1300 32 280
750 825 1069
1069 750 825
825 750 1069
424 65 802
802 65 424
65 424 802
577 1150 1224
1150 577 1224
1224 577 1150
307 145 1272
1272 145 307
145 307 1272
1049 47 126
47 126 1049
126 47 1049
1232 363 1491
1491 363 1232
363 1232 1491
1021 566 602
602 566 1021
566 602 1021
922 1046 1161
1161 922 1046
1046 922 1161
306 1340 1493
1340 306 1493
1493 306 1340
315 1293 1295
1295 315 1293
1293 315 1295
1264 2 495
495 2 1264
2 495 1264
1087 454 1477
454 1087 1477
1477 454 1087
231 765 1452
765 231 1452
1452 231 765
1030 1435 1442
1435 1030 1442
1442 1030 1435
189 68 895
68 189 895
895 68 189
67 24 400
400 24 67
24 67 400
452 804 1446
804 452 1446
1446 452 804
928 236 1390
1390 236 928
236 928 1390
82 514 1210
1210 82 514
514 82 1210
1168 997 1111
1111 997 1168
997 1111 1168
574 916 1325
916 574 1325
1325 574 916
969 219 1303
219 969 1303
1303 219 969
258 17 148
17 148 258
148 17 258
1041 660 937
660 937 1041
937 660 1041
473 176 1410
176 473 1410
1410 176 473
1421 568 709
709 568 1421
568 709 1421
1397 930 1098
930 1098 1397
1098 930 1397
94 682 841
841 94 682
682 94 841
736 476 592
476 592 736
592 476 736
207 1092 1166
1166 207 1092
1092 207 1166
290 382 698
382 290 698
698 290 382
1360 184 911
911 184 1360
184 911 1360
961 421 886
421 886 961
886 421 961
879 79 949
79 879 949
949 79 879
583 819 1393
819 583 1393
1393 583 819
1215 612 1495
1495 612 1215
612 1215 1495
1031 286 560
286 560 1031
560 286 1031
11 179 224
179 11 224
224 11 179
981 9 40
40 9 981
9 40 981
1369 116 121
116 121 1369
121 116 1369
1367 233 269
233 269 1367
269 233 1367
611 666 1429
666 611 1429
1429 611 666
1170 567 615
567 615 1170
615 567 1170
1120 375 818
818 375 1120
375 818 1120
1199 317 976
317 976 1199
976 317 1199
74 843 1013
1013 74 843
843 74 1013
1009 1107 1214
1107 1009 1214
1214 1009 1107
