359 133 910
910 133 359
133 359 910
660 345 1248
1248 345 660
345 660 1248
337 576 849
576 337 849
849 337 576
986 958 1271
958 986 1271
1271 958 986
184 837 921
921 184 837
837 184 921
611 239 1159
1159 239 611
239 611 1159
1460 218 742
218 742 1460
742 218 1460
1448 241 353
353 241 1448
241 353 1448
37 775 778
775 37 778
778 37 775
1404 1033 1367
1033 1367 1404
1367 1033 1404
764 632 1372
632 764 1372
1372 632 764
318 271 820
271 318 820
820 271 318
433 813 1432
1432 433 813
813 433 1432
520 246 299
299 246 520
246 299 520
718 367 1175
367 718 1175
1175 367 718
635 889 1444
1444 635 889
889 635 1444
751 298 1130
1130 298 751
298 751 1130
1282 609 977
977 609 1282
609 977 1282
457 139 1253
139 457 1253
1253 139 457
1047 450 1013
1013 450 1047
450 1013 1047
554 1084 1321
1084 554 1321
1321 554 1084
843 94 546
546 94 843
94 546 843
2 125 1185
1185 2 125
125 2 1185
15 648 994
994 15 648
648 15 994
1197 868 925
925 868 1197
868 925 1197
120 75 642
75 120 642
642 75 120
671 1042 1170
1170 671 1042
1042 671 1170
761 44 267
267 44 761
44 267 761
1113 544 897
897 544 1113
544 897 1113
237 407 577
577 237 407
407 237 577
1484 535 1154
535 1154 1484
1154 535 1484
199 357 1405
357 199 1405
1405 199 357
731 1217 1469
1469 731 1217
1217 731 1469
12 65 1365
65 12 1365
1365 12 65
1383 341 669
669 341 1383
341 669 1383
1149 368 1187
368 1149 1187
1187 368 1149
1400 512 1191
1191 512 1400
512 1191 1400
278 250 1498
1498 250 278
250 278 1498
1359 848 1297
1297 848 1359
848 1297 1359
1306 562 1061
1061 562 1306
562 1061 1306
496 873 915
915 496 873
873 496 915
54 358 569
569 54 358
358 54 569
1281 752 1035
752 1035 1281
1035 752 1281
741 1071 1308
1071 741 1308
1308 741 1071
769 1461 1466
1461 769 1466
1466 769 1461
1116 264 1389
264 1116 1389
1389 264 1116
1201 410 1422
1422 410 1201
410 1201 1422
8 515 807
515 8 807
807 8 515
1447 1287 1427
1287 1427 1447
1427 1287 1447
304 102 909
102 304 909
909 102 304
24 261 545
261 24 545
545 24 261
432 105 167
167 105 432
105 167 432
806 784 1390
1390 784 806
784 806 1390
555 1166 1169
1166 555 1169
1169 555 1166
1089 68 181
68 181 1089
181 68 1089
275 812 1011
812 275 1011
1011 275 812
1196 258 1204
1204 258 1196
258 1196 1204
584 1264 1295
1295 584 1264
1264 584 1295
1107 1369 1376
1376 1107 1369
1369 1107 1376
865 288 1323
1323 288 865
288 865 1323
379 666 1000
666 379 1000
1000 379 666
789 802 975
975 789 802
802 789 975
662 131 1229
131 662 1229
1229 131 662
701 324 1087
324 701 1087
1087 324 701
49 333 970
970 49 333
333 49 970
579 197 783
197 579 783
783 197 579
154 1074 1158
1158 154 1074
1074 154 1158
1171 272 827
272 827 1171
827 272 1171
3 180 1110
180 3 1110
1110 3 180
984 620 714
620 714 984
714 620 984
943 1231 1458
1231 943 1458
1458 943 1231
1164 565 1328
1328 565 1164
565 1164 1328
461 349 1377
349 461 1377
1377 349 461
451 170 1226
170 451 1226
1226 170 451
21 570 1179
1179 21 570
570 21 1179
686 654 1346
1346 654 686
654 686 1346
983 500 1256
500 983 1256
1256 500 983
1450 1202 1429
1429 1202 1450
1202 1429 1450
864 840 969
969 840 864
840 864 969
408 86 735
735 86 408
86 408 735
297 417 1266
1266 297 417
417 297 1266
1289 179 1395
179 1289 1395
1395 179 1289
874 750 1027
750 874 1027
1027 750 874
89 9 830
830 9 89
9 89 830
728 365 1119
1119 365 728
365 728 1119
231 674 1326
674 231 1326
1326 231 674
1406 534 1338
1338 534 1406
534 1338 1406
792 1004 1141
1141 792 1004
1004 792 1141
223 777 1305
777 223 1305
1305 223 777
951 287 902
902 287 951
287 902 951
628 92 233
92 233 628
233 92 628
1327 591 1005
591 1005 1327
1005 591 1327
1487 625 1489
1489 625 1487
625 1487 1489
122 733 1239
1239 122 733
733 122 1239
675 95 1032
1032 95 675
95 675 1032
664 649 1043
1043 649 664
649 664 1043
797 646 685
646 685 797
685 646 797
762 161 979
979 161 762
161 762 979
283 1163 1473
1163 283 1473
1473 283 1163
1058 366 389
366 389 1058
389 366 1058
260 730 1314
1314 260 730
730 260 1314
196 1007 1200
1200 196 1007
1007 196 1200
624 1082 1207
1207 624 1082
1082 624 1207
1137 96 1114
1114 96 1137
96 1114 1137
504 388 1348
1348 388 504
388 504 1348
503 557 870
870 503 557
557 503 870
602 743 1034
743 602 1034
1034 602 743
523 381 452
452 381 523
381 452 523
424 437 1012
437 424 1012
1012 424 437
289 1296 1320
1296 289 1320
1320 289 1296
1343 1106 1480
1106 1343 1480
1480 1106 1343
1129 454 598
454 598 1129
598 454 1129
1329 989 1143
1143 989 1329
989 1143 1329
82 442 929
929 82 442
442 82 929
1022 202 1002
202 1002 1022
1002 202 1022
418 273 880
880 273 418
273 418 880
1335 615 1475
615 1335 1475
1475 615 1335
1423 737 917
917 737 1423
737 917 1423
846 107 804
107 804 846
804 107 846
944 990 1031
990 944 1031
1031 944 990
1045 567 1334
1334 567 1045
567 1045 1334
78 173 732
732 78 173
173 78 732
485 163 380
163 380 485
380 163 485
1440 129 948
129 948 1440
948 129 1440
663 101 222
222 101 663
101 222 663
1396 317 1025
1025 317 1396
317 1025 1396
1353 756 801
756 801 1353
801 756 1353
6 825 947
947 6 825
825 6 947
88 4 703
703 4 88
4 88 703
886 739 998
739 886 998
998 739 886
1485 138 1122
1122 138 1485
138 1122 1485
1161 48 510
510 48 1161
48 510 1161
1230 143 892
143 892 1230
892 143 1230
968 1172 1221
1172 968 1221
1221 968 1172
964 100 836
100 836 964
836 100 964
1063 244 817
817 244 1063
244 817 1063
561 957 1336
957 561 1336
1336 561 957
589 528 1152
528 589 1152
1152 528 589
601 236 1380
1380 236 601
236 601 1380
1138 1052 1246
1246 1052 1138
1052 1138 1246
746 150 1325
1325 150 746
150 746 1325
781 220 498
498 220 781
220 498 781
1337 22 585
22 585 1337
585 22 1337
85 270 790
270 85 790
790 85 270
690 316 607
316 607 690
607 316 690
1463 1341 1402
1341 1402 1463
1402 1341 1463
356 647 659
659 356 647
647 356 659
856 60 549
549 60 856
60 549 856
56 645 871
871 56 645
645 56 871
427 656 782
656 427 782
782 427 656
121 965 1097
1097 121 965
965 121 1097
1059 793 1381
1381 793 1059
793 1059 1381
1075 210 211
211 210 1075
210 211 1075
933 991 1094
1094 933 991
991 933 1094
1041 1023 1188
1023 1041 1188
1188 1023 1041
815 127 911
911 127 815
127 815 911
1403 402 1101
1101 402 1403
402 1101 1403
114 805 1304
805 114 1304
1304 114 805
1452 256 1355
1355 256 1452
256 1355 1452
652 631 1210
631 652 1210
1210 631 652
149 87 268
87 149 268
268 87 149
959 572 1418
1418 572 959
572 959 1418
729 477 988
477 729 988
988 477 729
1014 934 976
976 934 1014
934 976 1014
1363 137 1020
1020 137 1363
137 1020 1363
819 443 996
996 443 819
443 819 996
1125 1286 1483
1483 1125 1286
1286 1125 1483
1468 312 629
312 629 1468
629 312 1468
747 905 1342
1342 747 905
905 747 1342
174 118 224
118 174 224
224 118 174
672 300 786
786 300 672
300 672 786
286 364 1347
364 286 1347
1347 286 364
1391 208 1068
208 1068 1391
1068 208 1391
332 247 1399
247 332 1399
1399 247 332
814 1100 1479
1479 814 1100
1100 814 1479
307 186 706
186 307 706
706 186 307
1414 913 1361
913 1361 1414
1361 913 1414
1140 483 1436
1436 483 1140
483 1140 1436
1409 973 1360
1360 973 1409
973 1360 1409
1213 322 1067
1067 322 1213
322 1067 1213
414 1456 1490
1490 414 1456
1456 414 1490
490 594 617
594 490 617
617 490 594
985 400 678
400 678 985
678 400 985
113 373 1428
373 113 1428
1428 113 373
1224 506 946
946 506 1224
506 946 1224
1220 533 823
823 533 1220
533 823 1220
855 145 1379
1379 145 855
145 855 1379
1491 626 708
626 708 1491
708 626 1491
668 697 1255
697 668 1255
1255 668 697
16 168 394
168 16 394
394 16 168
63 5 249
5 63 249
249 5 63
1413 862 1443
862 1413 1443
1443 862 1413
1206 537 1142
1142 537 1206
537 1142 1206
52 188 448
188 52 448
448 52 188
235 136 1419
1419 136 235
136 235 1419
156 232 774
232 156 774
774 156 232
932 51 1108
1108 51 932
51 932 1108
1300 147 1254
1254 147 1300
147 1254 1300
875 593 1412
593 875 1412
1412 593 875
501 493 1003
493 501 1003
1003 493 501
1445 484 822
822 484 1445
484 822 1445
431 455 1426
1426 431 455
455 431 1426
343 914 1441
1441 343 914
914 343 1441
254 355 1077
355 254 1077
1077 254 355
866 658 787
787 658 866
658 787 866
1459 568 723
568 723 1459
723 568 1459
1156 530 798
798 530 1156
530 798 1156
922 144 711
711 144 922
144 711 922
469 558 1036
1036 469 558
558 469 1036
1407 949 1435
1435 949 1407
949 1407 1435
50 758 772
772 50 758
758 50 772
216 419 637
637 216 419
419 216 637
1144 834 1146
834 1144 1146
1146 834 1144
1233 405 757
757 405 1233
405 757 1233
578 550 1272
550 578 1272
1272 550 578
329 1398 1439
1439 329 1398
1398 329 1439
1319 382 486
382 486 1319
486 382 1319
590 81 1236
1236 81 590
81 590 1236
57 525 1044
525 57 1044
1044 57 525
1499 1103 1425
1103 1425 1499
1425 1103 1499
709 336 1214
336 709 1214
1214 336 709
1421 164 838
164 838 1421
838 164 1421
459 274 684
274 459 684
684 274 459
1227 383 859
383 859 1227
859 383 1227
1053 257 1262
1262 257 1053
257 1053 1262
1245 858 936
936 858 1245
858 936 1245
1120 904 1006
904 1006 1120
1006 904 1120
680 395 621
621 395 680
395 621 680
1244 255 446
255 446 1244
446 255 1244
1017 84 1216
1216 84 1017
84 1017 1216
796 1173 1451
1451 796 1173
1173 796 1451
266 513 1467
1467 266 513
513 266 1467
112 190 1162
190 112 1162
1162 112 190
872 79 194
194 79 872
79 194 872
474 821 1345
821 474 1345
1345 474 821
1280 325 1292
1292 325 1280
325 1280 1292
435 767 1048
767 435 1048
1048 435 767
1416 1111 1168
1168 1111 1416
1111 1168 1416
1151 1078 1115
1115 1078 1151
1078 1115 1151
198 497 829
497 198 829
829 198 497
861 97 559
97 559 861
559 97 861
1037 744 753
744 753 1037
753 744 1037
509 476 548
476 509 548
548 476 509
788 1283 1374
1374 788 1283
1283 788 1374
901 269 1024
1024 269 901
269 901 1024
630 532 699
532 630 699
699 532 630
165 43 522
43 165 522
522 43 165
1223 226 371
371 226 1223
226 371 1223
487 679 1139
1139 487 679
679 487 1139
600 93 962
962 93 600
93 600 962
466 420 1038
420 466 1038
1038 420 466
971 707 1222
1222 707 971
707 971 1222
28 238 689
689 28 238
238 28 689
903 791 1354
791 903 1354
1354 791 903
956 799 1069
799 956 1069
1069 799 956
1228 308 1457
1457 308 1228
308 1228 1457
869 653 1478
1478 653 869
653 869 1478
930 702 1434
702 930 1434
1434 702 930
527 974 1124
1124 527 974
974 527 1124
412 306 1453
306 412 1453
1453 306 412
853 72 575
575 72 853
72 575 853
1117 439 1362
439 1117 1362
1362 439 1117
374 1243 1464
1464 374 1243
1243 374 1464
507 38 1212
38 507 1212
1212 38 507
460 33 850
850 33 460
33 460 850
1384 339 1241
1241 339 1384
339 1241 1384
1454 436 1250
1250 436 1454
436 1250 1454
1054 482 1302
1302 482 1054
482 1054 1302
1092 29 581
581 29 1092
29 581 1092
1415 766 1315
1315 766 1415
766 1315 1415
406 103 227
103 227 406
227 103 406
155 698 1310
1310 155 698
698 155 1310
1394 338 351
351 338 1394
338 351 1394
916 292 440
292 440 916
440 292 916
377 893 941
941 377 893
893 377 941
899 981 1267
981 899 1267
1267 899 981
13 416 1471
416 13 1471
1471 13 416
409 681 1474
681 409 1474
1474 409 681
832 1368 1462
1462 832 1368
1368 832 1462
430 396 795
795 396 430
396 430 795
1370 350 683
683 350 1370
350 683 1370
1373 185 876
876 185 1373
185 876 1373
1049 518 1240
518 1049 1240
1240 518 1049
852 117 1298
1298 117 852
117 852 1298
80 313 828
313 80 828
828 80 313
195 1203 1232
1203 195 1232
1232 195 1203
1420 447 505
505 447 1420
447 505 1420
1148 130 1177
1177 130 1148
130 1148 1177
547 69 1050
69 547 1050
1050 69 547
1284 564 1344
1344 564 1284
564 1284 1344
1312 296 571
296 571 1312
571 296 1312
1488 763 839
763 839 1488
839 763 1488
1205 11 456
11 456 1205
456 11 1205
727 354 481
481 354 727
354 481 727
187 162 573
162 187 573
573 162 187
1086 263 552
552 263 1086
263 552 1086
627 284 895
284 627 895
895 284 627
695 99 1446
1446 99 695
99 695 1446
881 1123 1366
1123 881 1366
1366 881 1123
1001 863 1157
1157 863 1001
863 1001 1157
634 19 770
770 19 634
19 634 770
262 928 1180
1180 262 928
928 262 1180
17 276 1099
276 17 1099
1099 17 276
1065 422 831
831 422 1065
422 831 1065
1112 248 710
248 710 1112
710 248 1112
524 800 842
842 524 800
800 524 842
811 169 803
169 803 811
803 169 811
673 109 444
109 444 673
444 109 673
529 1257 1481
1257 529 1481
1481 529 1257
691 824 844
824 691 844
844 691 824
203 1225 1350
1350 203 1225
1225 203 1350
265 390 745
745 265 390
390 265 745
151 61 434
61 151 434
434 61 151
511 1019 1192
1019 511 1192
1192 511 1019
428 613 1234
613 428 1234
1234 428 613
398 704 1251
704 398 1251
1251 398 704
499 53 1324
53 499 1324
1324 53 499
878 311 458
311 458 878
458 311 878
1208 183 894
183 894 1208
894 183 1208
536 967 992
992 536 967
967 536 992
423 372 1352
1352 372 423
372 423 1352
771 361 1070
361 771 1070
1070 361 771
71 146 391
146 71 391
391 71 146
141 134 768
768 134 141
134 141 768
818 335 920
920 335 818
335 818 920
665 495 1385
495 665 1385
1385 495 665
214 734 1442
734 214 1442
1442 214 734
175 1215 1275
1275 175 1215
1215 175 1275
884 119 1098
1098 119 884
119 884 1098
612 715 1330
1330 612 715
715 612 1330
618 177 1218
1218 177 618
177 618 1218
39 415 464
464 39 415
415 39 464
1493 738 754
754 738 1493
738 754 1493
213 280 995
995 213 280
280 213 995
330 809 1364
809 330 1364
1364 330 809
588 106 1358
1358 106 588
106 588 1358
73 331 1497
1497 73 331
331 73 1497
1351 583 1378
583 1351 1378
1378 583 1351
108 201 1424
1424 108 201
201 108 1424
1258 392 1433
392 1258 1433
1433 392 1258
919 479 1150
1150 479 919
479 919 1150
1356 1259 1470
1259 1356 1470
1470 1259 1356
641 321 1260
1260 321 641
321 641 1260
1 26 393
26 1 393
393 1 26
1494 217 384
384 217 1494
217 384 1494
1278 539 655
655 539 1278
539 655 1278
1279 644 906
644 906 1279
906 644 1279
938 847 1357
847 938 1357
1357 847 938
606 508 1340
1340 508 606
508 606 1340
212 1263 1482
1263 212 1482
1482 212 1263
1145 215 961
215 961 1145
961 215 1145
36 541 1269
1269 36 541
541 36 1269
1386 1128 1316
1128 1316 1386
1316 1128 1386
841 489 1411
489 841 1411
1411 489 841
1040 91 1062
91 1040 1062
1062 91 1040
661 488 519
488 519 661
519 488 661
303 153 586
153 303 586
586 153 303
1317 152 1198
152 1198 1317
1198 152 1317
776 597 1496
597 776 1496
1496 597 776
1311 346 1060
346 1060 1311
1060 346 1311
31 954 1495
1495 31 954
954 31 1495
1057 638 1093
1093 638 1057
638 1057 1093
1209 1010 1438
1010 1209 1438
1438 1010 1209
595 425 1339
1339 425 595
425 595 1339
492 516 1277
1277 492 516
516 492 1277
580 1136 1242
1136 580 1242
1242 580 1136
603 401 404
404 401 603
401 404 603
1371 370 1039
1039 370 1371
370 1039 1371
972 14 411
14 411 972
411 14 972
34 209 1178
209 34 1178
1178 34 209
650 438 473
438 473 650
473 438 650
890 556 940
940 556 890
556 890 940
978 604 765
604 765 978
765 604 978
494 725 1085
725 494 1085
1085 494 725
385 320 347
347 320 385
320 347 385
1174 135 397
397 135 1174
135 397 1174
1235 551 622
551 622 1235
622 551 1235
441 189 1064
1064 189 441
189 441 1064
160 45 480
480 45 160
45 160 480
1276 780 1184
1184 780 1276
780 1184 1276
1288 816 939
816 939 1288
939 816 1288
148 369 720
369 148 720
720 148 369
1021 219 896
896 219 1021
219 896 1021
1104 640 1186
640 1104 1186
1186 640 1104
462 207 282
207 282 462
282 207 462
1349 142 1056
1056 142 1349
142 1056 1349
309 882 1147
882 309 1147
1147 309 882
1176 1252 1268
1252 1176 1268
1268 1176 1252
18 41 860
41 18 860
860 18 41
1105 470 963
470 963 1105
963 470 1105
327 205 898
898 205 327
205 327 898
132 192 228
228 132 192
192 132 228
35 560 835
560 35 835
835 35 560
1333 587 1096
1096 587 1333
587 1096 1333
328 667 1455
667 328 1455
1455 328 667
291 27 1410
1410 27 291
27 291 1410
1465 833 931
833 931 1465
931 833 1465
700 421 1486
1486 421 700
421 700 1486
285 221 1211
221 285 1211
1211 221 285
62 521 719
521 62 719
719 62 521
724 987 1009
1009 724 987
987 724 1009
1153 111 126
111 126 1153
126 111 1153
76 42 1030
42 76 1030
1030 42 76
891 794 1270
1270 794 891
794 891 1270
1472 826 1430
826 1430 1472
1430 826 1472
596 251 966
966 251 596
251 596 966
692 845 950
845 692 950
950 692 845
176 376 1388
376 176 1388
1388 176 376
293 773 982
982 293 773
773 293 982
1417 58 705
58 705 1417
705 58 1417
722 32 1076
32 722 1076
1076 32 722
926 467 1500
467 926 1500
1500 467 926
363 104 716
716 104 363
104 363 716
158 200 340
200 158 340
340 158 200
688 70 90
70 90 688
90 70 688
623 445 694
445 623 694
694 445 623
502 182 1437
1437 182 502
182 502 1437
1261 491 924
491 924 1261
924 491 1261
517 657 980
657 517 980
980 517 657
279 159 1165
159 279 1165
1165 159 279
1008 253 1118
1118 253 1008
253 1008 1118
1265 900 1408
1408 900 1265
900 1265 1408
540 193 1397
1397 193 540
193 540 1397
633 553 908
553 633 908
908 553 633
334 206 1102
206 334 1102
1102 206 334
1083 582 1072
1072 582 1083
582 1072 1083
204 166 538
538 166 204
166 204 538
696 475 1051
475 696 1051
1051 475 696
713 172 426
426 172 713
172 426 713
230 375 1401
375 230 1401
1401 230 375
342 67 115
67 115 342
115 67 342
542 605 877
605 542 877
877 542 605
326 234 478
478 234 326
234 326 478
1291 259 1238
1238 259 1291
259 1238 1291
748 1132 1195
1195 748 1132
1132 748 1195
1133 854 1080
854 1080 1133
1080 854 1133
1375 566 1492
1492 566 1375
566 1375 1492
471 123 636
123 471 636
636 123 471
918 242 315
242 315 918
315 242 918
677 77 1066
1066 77 677
77 677 1066
1026 999 1382
999 1026 1382
1382 999 1026
785 301 955
955 301 785
301 785 955
614 98 116
98 116 614
116 98 614
1431 225 879
225 879 1431
879 225 1431
465 243 1331
243 465 1331
1331 243 465
726 83 779
83 726 779
779 83 726
543 760 1392
1392 543 760
760 543 1392
942 810 1393
1393 810 942
810 942 1393
294 574 808
574 294 808
808 294 574
1081 171 1126
171 1081 1126
1126 171 1081
429 124 1190
1190 124 429
124 429 1190
1299 712 883
712 883 1299
883 712 1299
857 302 310
302 310 857
310 302 857
755 639 887
887 639 755
639 755 887
30 993 1028
1028 30 993
993 30 1028
1109 140 1073
140 1073 1109
1073 140 1109
110 1182 1290
1290 110 1182
1182 110 1290
907 1293 1303
1293 907 1303
1303 907 1293
1193 1199 1309
1199 1193 1309
1309 1193 1199
1055 277 1294
277 1055 1294
1294 277 1055
344 281 1194
1194 281 344
281 344 1194
1313 378 1167
1167 378 1313
378 1167 1313
952 252 851
252 851 952
851 252 952
717 319 1273
319 717 1273
1273 319 717
610 935 1318
1318 610 935
935 610 1318
245 362 759
362 245 759
759 245 362
25 592 1155
1155 25 592
592 25 1155
888 619 1301
1301 619 888
619 888 1301
1387 616 1018
1018 616 1387
616 1018 1387
531 229 1183
1183 229 531
229 531 1183
40 721 749
749 40 721
721 40 749
59 10 290
290 10 59
10 59 290
323 178 1247
1247 178 323
178 323 1247
468 47 1091
47 468 1091
1091 47 468
74 563 687
563 74 687
687 74 563
348 295 386
386 295 348
295 348 386
927 1016 1131
1016 927 1131
1131 927 1016
1219 403 960
403 960 1219
960 403 1219
1079 651 912
651 912 1079
912 651 1079
1189 360 608
360 608 1189
608 360 1189
1274 1322 1332
1322 1274 1332
1332 1274 1322
1090 923 1127
1127 923 1090
923 1090 1127
1307 599 643
599 643 1307
643 599 1307
1237 46 867
867 46 1237
46 867 1237
314 514 1477
514 314 1477
1477 314 514
1476 305 1160
305 1160 1476
1160 305 1476
682 449 1449
449 682 1449
1449 449 682
64 885 1285
885 64 1285
1285 64 885
997 1046 1249
1046 997 1249
1249 997 1046
23 240 670
670 23 240
240 23 670
128 463 1134
1134 128 463
463 128 1134
413 20 1015
1015 20 413
20 413 1015
453 7 352
352 7 453
7 352 453
1121 157 472
157 472 1121
472 157 1121
1029 399 1095
399 1029 1095
1095 399 1029
1135 953 1181
953 1135 1181
1181 953 1135
945 191 1088
1088 191 945
191 945 1088
740 387 937
937 387 740
387 740 937
693 676 736
676 693 736
736 676 693
55 66 526
66 55 526
526 55 66
