6145 5383 6951
5383 6145 6951
6951 5383 6145
5054 3580 5499
5499 3580 5054
3580 5054 5499
2632 35 10155
10155 35 2632
35 2632 10155
6477 2107 9156
9156 2107 6477
2107 6477 9156
10807 6097 14772
6097 10807 14772
14772 6097 10807
11488 329 8697
8697 329 11488
329 8697 11488
659 9629 14127
14127 659 9629
9629 659 14127
2282 10277 14194
10277 2282 14194
14194 2282 10277
9200 1883 8104
8104 1883 9200
1883 8104 9200
4825 3069 4819
4819 3069 4825
3069 4819 4825
10069 4848 6051
4848 6051 10069
6051 4848 10069
1751 5123 11072
5123 1751 11072
11072 1751 5123
13663 2219 7281
2219 7281 13663
7281 2219 13663
1152 4255 5965
4255 1152 5965
5965 1152 4255
6806 11524 13036
13036 6806 11524
11524 6806 13036
10245 8548 10121
10121 8548 10245
8548 10121 10245
5967 13160 13518
13160 5967 13518
13518 5967 13160
5942 1740 7039
1740 5942 7039
7039 1740 5942
9419 401 11045
11045 401 9419
401 9419 11045
2768 6195 11504
6195 2768 11504
11504 2768 6195
14010 6089 9783
9783 6089 14010
6089 9783 14010
3969 2431 3979
2431 3969 3979
3979 2431 3969
9356 5476 11420
5476 9356 11420
11420 5476 9356
5734 83 5831
83 5734 5831
5831 83 5734
1501 929 1980
1980 929 1501
929 1501 1980
8385 8113 8394
8113 8385 8394
8394 8113 8385
10813 10329 12812
12812 10329 10813
10329 10813 12812
7838 4952 12868
4952 7838 12868
12868 4952 7838
9365 474 8449
474 8449 9365
8449 474 9365
3527 4963 7817
4963 3527 7817
7817 3527 4963
2131 2325 4341
4341 2131 2325
2325 2131 4341
365 585 12170
12170 365 585
585 365 12170
11274 4164 11681
11681 4164 11274
4164 11274 11681
9939 4311 10532
10532 4311 9939
4311 9939 10532
14299 3590 8184
3590 8184 14299
8184 3590 14299
11437 3721 11757
3721 11437 11757
11757 3721 11437
1101 1904 6004
1904 1101 6004
6004 1101 1904
5988 1521 2007
1521 2007 5988
2007 1521 5988
2283 2353 9883
9883 2283 2353
2353 2283 9883
14031 5621 14969
14969 5621 14031
5621 14031 14969
7438 720 12764
12764 720 7438
720 7438 12764
7518 886 14904
886 7518 14904
14904 886 7518
13526 5372 7742
7742 5372 13526
5372 7742 13526
2623 5528 9917
5528 2623 9917
9917 2623 5528
4751 3706 5990
5990 3706 4751
3706 4751 5990
2225 2671 5095
5095 2225 2671
2671 2225 5095
7381 2911 13534
2911 7381 13534
13534 2911 7381
10700 1568 2620
1568 2620 10700
2620 1568 10700
144 5333 6565
5333 144 6565
6565 144 5333
703 6898 7571
7571 703 6898
6898 703 7571
9590 5856 9748
5856 9590 9748
9748 5856 9590
4537 8777 10000
8777 4537 10000
10000 4537 8777
12294 7392 11207
11207 7392 12294
7392 11207 12294
11657 9715 13991
13991 9715 11657
9715 11657 13991
7526 7317 13600
13600 7317 7526
7317 7526 13600
12494 8818 12451
12451 8818 12494
8818 12451 12494
10348 7948 12293
12293 7948 10348
7948 10348 12293
12426 7801 8406
8406 7801 12426
7801 8406 12426
4237 9846 12187
12187 4237 9846
9846 4237 12187
13572 12216 14537
14537 12216 13572
12216 13572 14537
3797 5084 10858
5084 3797 10858
10858 3797 5084
13059 2378 13028
2378 13028 13059
13028 2378 13059
7101 10602 10692
10602 7101 10692
10692 7101 10602
11008 1790 8217
1790 8217 11008
8217 1790 11008
12372 4274 5075
5075 4274 12372
4274 5075 12372
5364 2362 6342
2362 5364 6342
6342 2362 5364
10147 815 5451
5451 815 10147
815 5451 10147
8775 4279 4917
4917 4279 8775
4279 4917 8775
7282 6686 11050
11050 6686 7282
6686 7282 11050
13601 5080 13805
5080 13601 13805
13805 5080 13601
6559 1915 11169
1915 6559 11169
11169 1915 6559
9994 14324 14943
14324 9994 14943
14943 9994 14324
3852 11303 12958
11303 3852 12958
12958 3852 11303
967 5003 9123
5003 967 9123
9123 967 5003
12413 1761 5055
1761 5055 12413
5055 1761 12413
1941 311 2570
311 1941 2570
2570 311 1941
13742 1481 3250
1481 3250 13742
3250 1481 13742
13965 7904 8690
8690 7904 13965
7904 8690 13965
1350 7793 8500
7793 1350 8500
8500 1350 7793
9420 4354 8746
8746 4354 9420
4354 8746 9420
12471 3954 6398
3954 6398 12471
6398 3954 12471
8768 11457 11810
11810 8768 11457
11457 8768 11810
3376 1408 8479
8479 1408 3376
1408 3376 8479
10471 2612 3746
2612 3746 10471
3746 2612 10471
13816 2957 4282
4282 2957 13816
2957 4282 13816
9563 4251 12915
4251 9563 12915
12915 4251 9563
9587 2990 5634
2990 5634 9587
5634 2990 9587
11901 1610 11301
1610 11301 11901
11301 1610 11901
7291 2813 6534
2813 6534 7291
6534 2813 7291
269 1469 13905
1469 269 13905
13905 269 1469
14116 4847 14567
4847 14116 14567
14567 4847 14116
13029 1922 13820
1922 13029 13820
13820 1922 13029
2474 5001 11927
11927 2474 5001
5001 2474 11927
11578 3216 4864
4864 3216 11578
3216 4864 11578
12149 5295 10285
5295 10285 12149
10285 5295 12149
13645 5312 12888
12888 5312 13645
5312 12888 13645
1235 4769 14587
14587 1235 4769
4769 1235 14587
3240 420 2429
2429 420 3240
420 2429 3240
3888 2545 8920
2545 3888 8920
8920 2545 3888
2861 2178 14516
2178 2861 14516
14516 2178 2861
9908 3231 8160
3231 8160 9908
8160 3231 9908
7582 9746 13176
9746 7582 13176
13176 7582 9746
8353 7357 13317
13317 7357 8353
7357 8353 13317
14871 1655 3755
1655 3755 14871
3755 1655 14871
14468 4185 12824
4185 12824 14468
12824 4185 14468
8811 4244 8976
8976 4244 8811
4244 8811 8976
10398 1983 5997
1983 5997 10398
5997 1983 10398
7974 934 4306
4306 934 7974
934 4306 7974
11323 2139 4406
2139 4406 11323
4406 2139 11323
13588 625 11576
11576 625 13588
625 11576 13588
4766 859 6893
859 4766 6893
6893 859 4766
10492 12736 14726
14726 10492 12736
12736 10492 14726
7871 1096 11130
11130 1096 7871
1096 7871 11130
6971 8134 14974
14974 6971 8134
8134 6971 14974
11594 9076 10638
10638 9076 11594
9076 10638 11594
5757 9598 14649
9598 5757 14649
14649 5757 9598
1680 5761 12162
12162 1680 5761
5761 1680 12162
339 1519 2918
1519 339 2918
2918 339 1519
294 6300 9688
9688 294 6300
6300 294 9688
10196 3110 5398
3110 5398 10196
5398 3110 10196
6228 1654 3588
3588 1654 6228
1654 3588 6228
11456 148 10998
148 10998 11456
10998 148 11456
8612 3865 7358
7358 3865 8612
3865 7358 8612
3192 2846 3894
3894 2846 3192
2846 3192 3894
3659 2738 12433
12433 2738 3659
2738 3659 12433
14944 498 2995
498 2995 14944
2995 498 14944
1807 986 4779
4779 986 1807
986 1807 4779
2908 13304 13942
13942 2908 13304
13304 2908 13942
7929 342 3400
342 3400 7929
3400 342 7929
4481 6722 10498
6722 4481 10498
10498 4481 6722
11318 11093 12718
11093 11318 12718
12718 11093 11318
9568 5763 7866
5763 7866 9568
7866 5763 9568
1163 8390 10459
8390 1163 10459
10459 1163 8390
8620 7539 13766
13766 7539 8620
7539 8620 13766
12687 7767 12766
7767 12687 12766
12766 7767 12687
10603 6338 13118
6338 10603 13118
13118 6338 10603
14901 1611 13195
1611 13195 14901
13195 1611 14901
4890 2406 6246
2406 4890 6246
6246 2406 4890
6859 4260 13414
4260 6859 13414
13414 4260 6859
3019 7707 11765
11765 3019 7707
7707 3019 11765
6436 3498 10927
10927 3498 6436
3498 6436 10927
7009 11383 13128
11383 7009 13128
13128 7009 11383
6460 9550 9695
9695 6460 9550
9550 6460 9695
8991 10956 13377
13377 8991 10956
10956 8991 13377
1203 1304 4017
4017 1203 1304
1304 1203 4017
6887 2261 3798
3798 2261 6887
2261 3798 6887
10643 1951 12417
1951 10643 12417
12417 1951 10643
14409 2535 6299
6299 2535 14409
2535 6299 14409
4388 6632 12271
12271 4388 6632
6632 4388 12271
173 3537 12160
12160 173 3537
3537 173 12160
11001 8520 13619
13619 8520 11001
8520 11001 13619
7206 86 487
487 86 7206
86 487 7206
11779 6631 8911
6631 8911 11779
8911 6631 11779
2801 560 2098
2098 560 2801
560 2098 2801
12041 844 3289
3289 844 12041
844 3289 12041
8222 2526 9682
9682 2526 8222
2526 8222 9682
3324 4996 9331
4996 3324 9331
9331 3324 4996
3016 13254 14326
14326 3016 13254
13254 3016 14326
118 3917 11778
3917 118 11778
11778 118 3917
1758 764 5784
764 1758 5784
5784 764 1758
10293 3214 12610
12610 3214 10293
3214 10293 12610
14120 5934 11013
5934 11013 14120
11013 5934 14120
10539 8501 11954
8501 10539 11954
11954 8501 10539
2971 2191 14585
14585 2191 2971
2191 2971 14585
6382 10922 11032
10922 6382 11032
11032 6382 10922
6461 4304 7549
7549 4304 6461
4304 6461 7549
6615 10334 10929
10334 6615 10929
10929 6615 10334
1940 6586 14558
14558 1940 6586
6586 1940 14558
8915 7301 8075
7301 8075 8915
8075 7301 8915
2561 3223 8734
3223 2561 8734
8734 2561 3223
6878 3344 4183
3344 4183 6878
4183 3344 6878
7799 5035 5288
5288 5035 7799
5035 5288 7799
4107 594 7594
7594 594 4107
594 4107 7594
13228 1513 11958
11958 1513 13228
1513 11958 13228
4385 3879 6696
6696 3879 4385
3879 4385 6696
74 3413 10978
3413 74 10978
10978 74 3413
2072 4153 14767
14767 2072 4153
4153 2072 14767
8243 9812 12342
12342 8243 9812
9812 8243 12342
10817 9639 11989
11989 9639 10817
9639 10817 11989
1380 5458 6690
6690 1380 5458
5458 1380 6690
13830 964 11733
11733 964 13830
964 11733 13830
8376 10547 14033
10547 8376 14033
14033 8376 10547
8702 13818 14939
13818 8702 14939
14939 8702 13818
13996 3233 12711
12711 3233 13996
3233 12711 13996
8247 955 10850
955 8247 10850
10850 955 8247
6190 10625 13449
10625 6190 13449
13449 6190 10625
2916 10303 11194
11194 2916 10303
10303 2916 11194
2520 7645 9553
7645 2520 9553
9553 2520 7645
12045 197 251
197 251 12045
251 197 12045
2677 234 9294
234 2677 9294
9294 234 2677
13407 6072 9168
9168 6072 13407
6072 9168 13407
8985 1788 9761
1788 8985 9761
9761 1788 8985
12873 7455 12955
12955 7455 12873
7455 12873 12955
6406 1040 8198
1040 6406 8198
8198 1040 6406
1502 7077 14451
7077 1502 14451
14451 1502 7077
10797 247 9499
247 9499 10797
9499 247 10797
9895 1406 2106
1406 2106 9895
2106 1406 9895
10997 5794 7585
7585 5794 10997
5794 7585 10997
10009 8638 13487
8638 10009 13487
13487 8638 10009
14168 1367 11275
1367 11275 14168
11275 1367 14168
12679 4340 6141
6141 4340 12679
4340 6141 12679
13298 8587 12801
8587 12801 13298
12801 8587 13298
4221 1365 10662
1365 4221 10662
10662 1365 4221
6851 7638 10651
10651 6851 7638
7638 6851 10651
3620 922 11112
11112 922 3620
922 3620 11112
11167 2486 6937
2486 6937 11167
6937 2486 11167
11718 8578 11107
8578 11107 11718
11107 8578 11718
1767 710 10855
710 1767 10855
10855 710 1767
10708 4687 6778
6778 4687 10708
4687 6778 10708
604 4756 5188
5188 604 4756
4756 604 5188
6492 4695 14112
4695 6492 14112
14112 4695 6492
14707 10157 14988
10157 14707 14988
14988 10157 14707
2864 8064 12725
12725 2864 8064
8064 2864 12725
11164 7411 14032
7411 11164 14032
14032 7411 11164
3217 6218 11068
6218 3217 11068
11068 3217 6218
12976 6331 10271
10271 6331 12976
6331 10271 12976
2527 4544 12374
12374 2527 4544
4544 2527 12374
8835 300 12035
12035 300 8835
300 8835 12035
6835 1810 10257
1810 6835 10257
10257 1810 6835
1166 11483 13055
13055 1166 11483
11483 1166 13055
5943 1871 3312
1871 3312 5943
3312 1871 5943
9796 215 13661
13661 215 9796
215 9796 13661
11798 3885 9669
3885 9669 11798
9669 3885 11798
13231 11197 13552
13552 11197 13231
11197 13231 13552
5191 9441 11603
9441 5191 11603
11603 5191 9441
9527 12312 14704
12312 9527 14704
14704 9527 12312
917 8281 9310
8281 917 9310
9310 917 8281
11335 12230 13749
13749 11335 12230
12230 11335 13749
12329 12853 13101
13101 12329 12853
12853 12329 13101
5422 4660 9185
9185 4660 5422
4660 5422 9185
13762 8819 14770
8819 13762 14770
14770 8819 13762
11446 449 1735
449 1735 11446
1735 449 11446
11949 957 14103
957 11949 14103
14103 957 11949
2794 176 1119
176 1119 2794
1119 176 2794
12890 1190 13234
13234 1190 12890
1190 12890 13234
2667 3246 12379
12379 2667 3246
3246 2667 12379
2500 4479 7910
4479 2500 7910
7910 2500 4479
14905 3637 4837
4837 3637 14905
3637 4837 14905
5738 11554 14763
11554 5738 14763
14763 5738 11554
13632 3554 9097
9097 3554 13632
3554 9097 13632
7858 8218 9935
8218 7858 9935
9935 7858 8218
13844 9274 11253
9274 11253 13844
11253 9274 13844
1808 1420 3141
3141 1420 1808
1420 1808 3141
9584 1535 12684
12684 1535 9584
1535 9584 12684
12618 4232 14069
14069 4232 12618
4232 12618 14069
2058 6456 14273
6456 2058 14273
14273 2058 6456
1180 33 13745
13745 33 1180
33 1180 13745
8830 1397 12982
1397 8830 12982
12982 1397 8830
11564 5692 9872
9872 5692 11564
5692 9872 11564
12956 72 7860
72 7860 12956
7860 72 12956
11327 1249 8414
8414 1249 11327
1249 8414 11327
6071 5379 7019
7019 5379 6071
5379 6071 7019
6744 4732 6448
6448 4732 6744
4732 6448 6744
8909 1490 9822
1490 8909 9822
9822 1490 8909
2543 2436 12269
12269 2436 2543
2436 2543 12269
3866 1950 7497
1950 3866 7497
7497 1950 3866
5042 2101 2382
2101 2382 5042
2382 2101 5042
12088 9852 10967
10967 9852 12088
9852 10967 12088
12064 4955 13065
13065 4955 12064
4955 12064 13065
10259 3627 5765
3627 5765 10259
5765 3627 10259
13127 5412 6211
5412 6211 13127
6211 5412 13127
7355 8325 14594
8325 7355 14594
14594 7355 8325
3140 3416 7258
7258 3140 3416
3416 3140 7258
4240 6238 6758
6758 4240 6238
6238 4240 6758
6587 2318 3058
3058 2318 6587
2318 3058 6587
12914 3997 13049
3997 12914 13049
13049 3997 12914
13378 10456 10764
10764 10456 13378
10456 10764 13378
11523 4067 6463
4067 6463 11523
6463 4067 11523
9806 1394 14338
1394 9806 14338
14338 1394 9806
2945 2515 12613
2515 2945 12613
12613 2515 2945
7339 5759 6526
6526 5759 7339
5759 6526 7339
14102 12680 13459
13459 12680 14102
12680 13459 14102
4021 12928 14401
12928 4021 14401
14401 4021 12928
6730 11451 14493
14493 6730 11451
11451 6730 14493
3236 362 10561
362 3236 10561
10561 362 3236
9304 936 4902
936 4902 9304
4902 936 9304
6007 6202 9446
9446 6007 6202
6202 6007 9446
11715 1275 1449
1449 1275 11715
1275 1449 11715
4083 166 10905
166 4083 10905
10905 166 4083
7179 1674 10188
1674 7179 10188
10188 1674 7179
3676 7703 7823
7703 3676 7823
7823 3676 7703
2663 6573 12106
12106 2663 6573
6573 2663 12106
4054 3713 10315
3713 4054 10315
10315 3713 4054
11070 174 5824
5824 174 11070
174 5824 11070
8715 12796 13697
13697 8715 12796
12796 8715 13697
14993 7016 10191
7016 10191 14993
10191 7016 14993
11975 258 8590
8590 258 11975
258 8590 11975
4788 1167 12678
1167 4788 12678
12678 1167 4788
3748 8314 12046
8314 3748 12046
12046 3748 8314
4396 7120 14159
7120 4396 14159
14159 4396 7120
7028 9091 9241
9091 7028 9241
9241 7028 9091
5024 2075 14814
14814 2075 5024
2075 5024 14814
3305 647 2939
2939 647 3305
647 2939 3305
8509 7759 9544
9544 7759 8509
7759 8509 9544
13257 3952 11099
11099 3952 13257
3952 11099 13257
13225 1734 9751
1734 9751 13225
9751 1734 13225
14207 8496 9799
9799 8496 14207
8496 9799 14207
6925 10136 13397
10136 6925 13397
13397 6925 10136
6209 1328 14833
14833 1328 6209
1328 6209 14833
356 253 13618
13618 253 356
253 356 13618
12480 3044 12430
3044 12430 12480
12430 3044 12480
11665 6842 12911
12911 6842 11665
6842 11665 12911
2865 3320 4488
4488 2865 3320
3320 2865 4488
12755 8502 12663
12663 8502 12755
8502 12663 12755
2762 2937 12196
12196 2762 2937
2937 2762 12196
4772 4672 7738
7738 4672 4772
4672 4772 7738
10837 823 12649
823 10837 12649
12649 823 10837
4487 5571 8584
8584 4487 5571
5571 4487 8584
13355 6465 8187
8187 6465 13355
6465 8187 13355
6214 987 6512
987 6214 6512
6512 987 6214
3369 2524 12254
2524 3369 12254
12254 2524 3369
13882 2728 4764
2728 4764 13882
4764 2728 13882
11953 3020 14364
14364 3020 11953
3020 11953 14364
5837 137 7284
137 5837 7284
7284 137 5837
11200 4334 5773
5773 4334 11200
4334 5773 11200
11835 8088 9604
8088 9604 11835
9604 8088 11835
9516 4247 11528
4247 9516 11528
11528 4247 9516
1198 4728 9390
9390 1198 4728
4728 1198 9390
12014 14656 14922
14922 12014 14656
14656 12014 14922
1440 3160 6701
6701 1440 3160
3160 1440 6701
5710 3235 13087
3235 5710 13087
13087 3235 5710
6843 6844 7596
6844 6843 7596
7596 6843 6844
11781 4327 5881
5881 4327 11781
4327 5881 11781
6803 2780 14259
2780 6803 14259
14259 2780 6803
4256 4787 10473
4787 4256 10473
10473 4256 4787
10065 6215 11614
6215 10065 11614
11614 6215 10065
5835 5969 9190
9190 5835 5969
5969 5835 9190
4243 3930 8438
8438 3930 4243
3930 4243 8438
2234 12933 14694
12933 2234 14694
14694 2234 12933
12275 4215 4324
4215 4324 12275
4324 4215 12275
3515 1604 9336
1604 3515 9336
9336 1604 3515
4835 3203 10537
10537 3203 4835
3203 4835 10537
11396 4030 13322
4030 11396 13322
13322 4030 11396
3550 5529 7523
7523 3550 5529
5529 3550 7523
5244 10389 10658
10389 5244 10658
10658 5244 10389
5610 3084 5541
5541 3084 5610
3084 5541 5610
10739 3002 3433
3002 3433 10739
3433 3002 10739
1244 6558 12267
12267 1244 6558
6558 1244 12267
12844 2095 7422
2095 7422 12844
7422 2095 12844
1407 9662 14475
14475 1407 9662
9662 1407 14475
12376 1823 3967
3967 1823 12376
1823 3967 12376
10590 5812 11947
11947 5812 10590
5812 10590 11947
8260 777 10715
10715 777 8260
777 8260 10715
13078 5051 6961
5051 6961 13078
6961 5051 13078
6773 6077 7651
7651 6077 6773
6077 6773 7651
11745 276 2200
2200 276 11745
276 2200 11745
3157 8843 10086
10086 3157 8843
8843 3157 10086
10388 10342 13691
10342 10388 13691
13691 10342 10388
2271 4609 14100
4609 2271 14100
14100 2271 4609
1301 2940 6711
6711 1301 2940
2940 1301 6711
3429 2161 12483
12483 2161 3429
2161 3429 12483
4011 4291 4753
4291 4011 4753
4753 4011 4291
12655 4637 11273
4637 11273 12655
11273 4637 12655
2113 1027 13570
1027 2113 13570
13570 1027 2113
13817 5987 8343
8343 5987 13817
5987 8343 13817
8870 4684 8810
8810 4684 8870
4684 8810 8870
120 5883 9945
9945 120 5883
5883 120 9945
3172 2459 2680
2680 2459 3172
2459 2680 3172
14605 10934 13987
10934 13987 14605
13987 10934 14605
1793 6310 10350
6310 1793 10350
10350 1793 6310
10353 3489 13103
3489 10353 13103
13103 3489 10353
7286 8921 10313
8921 7286 10313
10313 7286 8921
8421 3458 10324
10324 3458 8421
3458 8421 10324
3738 93 7445
7445 93 3738
93 3738 7445
4878 9396 14964
9396 4878 14964
14964 4878 9396
14840 6187 11675
6187 11675 14840
11675 6187 14840
2629 2068 10805
2068 2629 10805
10805 2068 2629
2720 4129 11371
11371 2720 4129
4129 2720 11371
658 403 2539
403 658 2539
2539 403 658
5448 5072 14866
14866 5072 5448
5072 5448 14866
2689 4020 11531
11531 2689 4020
4020 2689 11531
10565 9239 9816
9239 9816 10565
9816 9239 10565
7677 816 7212
7212 816 7677
816 7212 7677
12674 2276 8466
2276 8466 12674
8466 2276 12674
12066 4217 5360
5360 4217 12066
4217 5360 12066
8136 13858 13870
13870 8136 13858
13858 8136 13870
5297 1296 10166
1296 5297 10166
10166 1296 5297
11951 765 9072
9072 765 11951
765 9072 11951
6047 8699 10485
8699 6047 10485
10485 6047 8699
1958 5783 13871
5783 1958 13871
13871 1958 5783
13757 8412 13929
8412 13757 13929
13929 8412 13757
14313 7476 11801
7476 11801 14313
11801 7476 14313
6854 6425 6723
6723 6425 6854
6425 6723 6854
697 908 7020
7020 697 908
908 697 7020
4365 6468 10607
10607 4365 6468
6468 4365 10607
11258 2494 13875
13875 2494 11258
2494 11258 13875
13698 3266 9270
9270 3266 13698
3266 9270 13698
12627 5625 6497
5625 6497 12627
6497 5625 12627
5119 7544 13405
7544 5119 13405
13405 5119 7544
337 5991 7172
7172 337 5991
5991 337 7172
14358 9865 11830
9865 11830 14358
11830 9865 14358
7066 8090 9337
8090 7066 9337
9337 7066 8090
4000 224 13531
13531 224 4000
224 4000 13531
9111 2970 14084
2970 9111 14084
14084 2970 9111
9772 1220 12587
12587 1220 9772
1220 9772 12587
7909 2679 5731
2679 5731 7909
5731 2679 7909
3337 4614 14689
4614 3337 14689
14689 3337 4614
6321 4901 6831
6831 4901 6321
4901 6321 6831
6457 3237 10770
10770 3237 6457
3237 6457 10770
13841 4803 5689
4803 5689 13841
5689 4803 13841
6395 10630 12875
10630 6395 12875
12875 6395 10630
12799 9085 13960
9085 12799 13960
13960 9085 12799
1133 232 10685
232 1133 10685
10685 232 1133
5497 9594 14081
9594 5497 14081
14081 5497 9594
3961 10918 10982
10982 3961 10918
10918 3961 10982
13983 1254 11411
11411 1254 13983
1254 11411 13983
12324 7319 10674
7319 10674 12324
10674 7319 12324
4867 2731 4491
4491 2731 4867
2731 4491 4867
5760 7425 12932
12932 5760 7425
7425 5760 12932
9183 464 10981
464 9183 10981
10981 464 9183
14893 190 3346
3346 190 14893
190 3346 14893
13608 6035 10782
6035 10782 13608
10782 6035 13608
14064 11776 14410
14410 11776 14064
11776 14064 14410
634 6603 14474
14474 634 6603
6603 634 14474
1373 2800 11644
11644 1373 2800
2800 1373 11644
11628 10491 10953
10953 10491 11628
10491 10953 11628
9941 11000 11518
11000 9941 11518
11518 9941 11000
696 5550 14232
14232 696 5550
5550 696 14232
13354 2012 4032
4032 2012 13354
2012 4032 13354
8714 1037 1666
1666 1037 8714
1037 1666 8714
8256 1995 7735
7735 1995 8256
1995 7735 8256
4965 5509 13284
13284 4965 5509
5509 4965 13284
12403 1369 5505
1369 5505 12403
5505 1369 12403
6311 5474 10331
10331 5474 6311
5474 6311 10331
8561 17 3281
17 3281 8561
3281 17 8561
12554 3155 9417
3155 9417 12554
9417 3155 12554
7196 3118 3773
3773 3118 7196
3118 3773 7196
1570 2272 13825
13825 1570 2272
2272 1570 13825
12595 3989 10720
3989 10720 12595
10720 3989 12595
5826 7662 12872
12872 5826 7662
7662 5826 12872
3740 5098 10801
10801 3740 5098
5098 3740 10801
9559 2611 5532
2611 5532 9559
5532 2611 9559
9977 8305 12249
12249 8305 9977
8305 9977 12249
7835 6675 13297
6675 7835 13297
13297 6675 7835
9983 8442 11342
8442 9983 11342
11342 8442 9983
582 4045 8649
8649 582 4045
4045 582 8649
2471 4009 4122
4009 2471 4122
4122 2471 4009
4415 1984 4022
1984 4022 4415
4022 1984 4415
10101 4168 7815
4168 7815 10101
7815 4168 10101
9802 5931 9454
5931 9454 9802
9454 5931 9802
6386 4038 12941
4038 6386 12941
12941 4038 6386
1619 3111 5211
3111 1619 5211
5211 1619 3111
11804 10042 11177
10042 11177 11804
11177 10042 11804
9754 2814 12375
12375 2814 9754
2814 9754 12375
3164 3681 9415
3681 3164 9415
9415 3164 3681
13927 2350 10104
2350 10104 13927
10104 2350 13927
6688 4817 12683
4817 6688 12683
12683 4817 6688
6455 5569 8105
5569 6455 8105
8105 5569 6455
8002 1791 11447
1791 8002 11447
11447 1791 8002
13668 10007 14176
10007 13668 14176
14176 10007 13668
1456 2189 9229
2189 1456 9229
9229 1456 2189
13739 5767 6502
5767 6502 13739
6502 5767 13739
4555 3775 11133
3775 4555 11133
11133 3775 4555
8521 1186 4651
4651 1186 8521
1186 4651 8521
5031 13798 14019
14019 5031 13798
13798 5031 14019
513 8631 11137
8631 513 11137
11137 513 8631
4393 4986 8372
8372 4393 4986
4986 4393 8372
518 10417 11513
10417 518 11513
11513 518 10417
6259 13872 14702
13872 6259 14702
14702 6259 13872
12898 2748 13090
13090 2748 12898
2748 12898 13090
5189 806 7221
806 5189 7221
7221 806 5189
1060 16 13000
16 1060 13000
13000 16 1060
12748 985 8875
8875 985 12748
985 8875 12748
687 9397 9927
9927 687 9397
9397 687 9927
14728 7253 12635
7253 12635 14728
12635 7253 14728
9569 5475 7755
7755 5475 9569
5475 7755 9569
9399 6636 13185
13185 6636 9399
6636 9399 13185
9552 4150 6920
4150 6920 9552
6920 4150 9552
14252 1212 2951
2951 1212 14252
1212 2951 14252
14608 2351 2827
2827 2351 14608
2351 2827 14608
3714 3743 12465
3743 3714 12465
12465 3714 3743
11171 6441 13105
13105 6441 11171
6441 11171 13105
11452 2463 7215
2463 7215 11452
7215 2463 11452
1798 3948 13839
3948 1798 13839
13839 1798 3948
12070 2148 14379
2148 12070 14379
14379 2148 12070
4713 2122 7628
7628 2122 4713
2122 4713 7628
10371 5161 7578
5161 7578 10371
7578 5161 10371
13701 6683 12916
6683 12916 13701
12916 6683 13701
14810 9215 11572
9215 11572 14810
11572 9215 14810
13261 7194 9617
9617 7194 13261
7194 9617 13261
14517 5445 5891
5891 5445 14517
5445 5891 14517
12732 8434 9080
8434 9080 12732
9080 8434 12732
9910 6637 14089
14089 6637 9910
6637 9910 14089
8572 9505 9600
9505 8572 9600
9600 8572 9505
8199 2411 12789
2411 8199 12789
12789 2411 8199
5770 1242 2114
1242 2114 5770
2114 1242 5770
2810 1257 9517
1257 2810 9517
9517 1257 2810
13334 3882 12641
3882 12641 13334
12641 3882 13334
8973 13997 14815
14815 8973 13997
13997 8973 14815
14975 7152 8015
8015 7152 14975
7152 8015 14975
2320 9933 10148
9933 2320 10148
10148 2320 9933
4423 11966 14768
14768 4423 11966
11966 4423 14768
6733 4790 12672
12672 4790 6733
4790 6733 12672
1389 6160 11707
11707 1389 6160
6160 1389 11707
8866 6306 7984
6306 7984 8866
7984 6306 8866
1398 10316 12461
10316 1398 12461
12461 1398 10316
2716 6446 10789
6446 2716 10789
10789 2716 6446
2631 1281 5457
1281 2631 5457
5457 1281 2631
14457 8731 14673
8731 14457 14673
14673 8731 14457
1828 12668 13289
13289 1828 12668
12668 1828 13289
14788 7743 9440
9440 7743 14788
7743 9440 14788
14274 7987 8036
7987 8036 14274
8036 7987 14274
538 3761 9002
9002 538 3761
3761 538 9002
10701 11356 13387
11356 10701 13387
13387 10701 11356
13043 7062 12987
12987 7062 13043
7062 12987 13043
241 2127 3500
3500 241 2127
2127 241 3500
8693 1643 9004
9004 1643 8693
1643 8693 9004
5616 5607 14440
5607 5616 14440
14440 5607 5616
758 1451 12850
12850 758 1451
1451 758 12850
10809 18 660
18 660 10809
660 18 10809
1078 5778 13205
5778 1078 13205
13205 1078 5778
14277 8553 11615
8553 11615 14277
11615 8553 14277
8393 1326 14614
1326 8393 14614
14614 1326 8393
689 7989 13099
7989 689 13099
13099 689 7989
13435 1457 2505
1457 2505 13435
2505 1457 13435
14576 8453 12467
8453 12467 14576
12467 8453 14576
1727 1762 14951
14951 1727 1762
1762 1727 14951
5496 6354 12351
12351 5496 6354
6354 5496 12351
11816 13015 14805
13015 11816 14805
14805 11816 13015
8292 8271 9679
8271 8292 9679
9679 8271 8292
10396 5201 14092
5201 10396 14092
14092 5201 10396
6521 9030 13222
13222 6521 9030
9030 6521 13222
12917 4360 10461
4360 10461 12917
10461 4360 12917
5985 10995 12256
12256 5985 10995
10995 5985 12256
6126 7044 13902
7044 6126 13902
13902 6126 7044
4560 8279 14212
8279 4560 14212
14212 4560 8279
3308 9217 12003
12003 3308 9217
9217 3308 12003
10499 8705 14796
14796 8705 10499
8705 10499 14796
14479 3577 11753
3577 11753 14479
11753 3577 14479
2091 2212 7907
7907 2091 2212
2212 2091 7907
6960 267 6396
267 6396 6960
6396 267 6960
9840 963 6432
6432 963 9840
963 6432 9840
9143 935 6619
6619 935 9143
935 6619 9143
11128 3873 7486
7486 3873 11128
3873 7486 11128
13171 8087 9579
9579 8087 13171
8087 9579 13171
1794 4268 14443
4268 1794 14443
14443 1794 4268
1874 12579 14095
14095 1874 12579
12579 1874 14095
3241 839 4718
839 3241 4718
4718 839 3241
13313 155 9043
155 9043 13313
9043 155 13313
11159 704 9918
704 9918 11159
9918 704 11159
2195 9416 9533
9533 2195 9416
9416 2195 9533
6143 2377 10637
2377 6143 10637
10637 2377 6143
14305 6227 12716
6227 12716 14305
12716 6227 14305
11278 5630 7969
5630 7969 11278
7969 5630 11278
5133 6380 7816
7816 5133 6380
6380 5133 7816
11172 433 10312
433 10312 11172
10312 433 11172
3671 5420 11637
5420 3671 11637
11637 3671 5420
10910 4607 14760
4607 10910 14760
14760 4607 10910
274 6378 10046
6378 274 10046
10046 274 6378
6776 48 5702
48 5702 6776
5702 48 6776
4510 5693 9246
5693 4510 9246
9246 4510 5693
7271 8565 12710
8565 7271 12710
12710 7271 8565
3417 3861 10819
3861 3417 10819
10819 3417 3861
3364 4734 14518
14518 3364 4734
4734 3364 14518
10862 552 1484
552 1484 10862
1484 552 10862
3583 7787 11886
11886 3583 7787
7787 3583 11886
14786 470 5067
5067 470 14786
470 5067 14786
8645 7843 12937
7843 8645 12937
12937 7843 8645
4692 1208 7965
7965 1208 4692
1208 4692 7965
1909 8669 12726
8669 1909 12726
12726 1909 8669
13659 2967 6515
6515 2967 13659
2967 6515 13659
8186 8709 14654
14654 8186 8709
8709 8186 14654
6959 7536 9902
9902 6959 7536
7536 6959 9902
6450 1598 8351
8351 1598 6450
1598 6450 8351
4693 374 10052
374 4693 10052
10052 374 4693
7971 7030 11154
11154 7030 7971
7030 7971 11154
7063 7374 7834
7374 7063 7834
7834 7063 7374
10130 7525 12572
12572 7525 10130
7525 10130 12572
8443 5724 12007
12007 5724 8443
5724 8443 12007
10652 305 7296
7296 305 10652
305 7296 10652
9054 12120 12530
12530 9054 12120
12120 9054 12530
8780 2166 6025
2166 6025 8780
6025 2166 8780
10920 559 4925
4925 559 10920
559 4925 10920
6264 387 7444
387 6264 7444
7444 387 6264
13975 11952 12068
11952 12068 13975
12068 11952 13975
10738 6090 13638
13638 6090 10738
6090 10738 13638
5247 482 5173
482 5173 5247
5173 482 5247
6127 8488 13048
8488 6127 13048
13048 6127 8488
9256 8837 13602
13602 8837 9256
8837 9256 13602
9262 770 10372
770 9262 10372
10372 770 9262
7034 352 8425
352 7034 8425
8425 352 7034
3484 3441 8132
3441 3484 8132
8132 3441 3484
10795 8544 13132
8544 10795 13132
13132 8544 10795
1780 3725 8894
8894 1780 3725
3725 1780 8894
11393 11466 13348
11466 11393 13348
13348 11393 11466
3540 10209 13513
13513 3540 10209
10209 3540 13513
4990 5895 7182
5895 4990 7182
7182 4990 5895
6513 7905 14285
7905 6513 14285
14285 6513 7905
14421 5300 10407
5300 10407 14421
10407 5300 14421
2589 3650 5720
3650 2589 5720
5720 2589 3650
11082 6231 11998
6231 11082 11998
11998 6231 11082
2869 143 5074
5074 143 2869
143 2869 5074
7615 8686 13852
8686 7615 13852
13852 7615 8686
7270 3815 5453
5453 3815 7270
3815 5453 7270
6426 1086 5904
1086 5904 6426
5904 1086 6426
7573 5542 5718
5718 5542 7573
5542 5718 7573
3384 10493 14785
10493 3384 14785
14785 3384 10493
5388 11372 12631
12631 5388 11372
11372 5388 12631
14878 7608 10338
7608 10338 14878
10338 7608 14878
14149 5691 12944
5691 12944 14149
12944 5691 14149
3956 12534 13906
12534 3956 13906
13906 3956 12534
3569 3334 13944
13944 3334 3569
3334 3569 13944
14114 3563 11339
3563 11339 14114
11339 3563 14114
7671 3642 11512
11512 3642 7671
3642 7671 11512
1197 1736 2917
2917 1197 1736
1736 1197 2917
5780 892 7461
7461 892 5780
892 5780 7461
14874 1567 3991
1567 3991 14874
3991 1567 14874
8378 4533 13343
13343 4533 8378
4533 8378 13343
3641 1318 5877
5877 1318 3641
1318 3641 5877
5536 6048 13910
6048 5536 13910
13910 5536 6048
6720 2439 10623
2439 6720 10623
10623 2439 6720
12037 245 8737
245 8737 12037
8737 245 12037
13091 547 14778
547 13091 14778
14778 547 13091
663 909 3532
3532 663 909
909 663 3532
14877 2987 10563
2987 10563 14877
10563 2987 14877
2243 7328 7653
7653 2243 7328
7328 2243 7653
8930 9341 11573
9341 8930 11573
11573 8930 9341
3468 4810 13447
13447 3468 4810
4810 3468 13447
6347 10548 11410
11410 6347 10548
10548 6347 11410
2451 6247 8169
6247 2451 8169
8169 2451 6247
11743 5425 8898
8898 5425 11743
5425 8898 11743
359 649 7546
7546 359 649
649 359 7546
9667 12022 13356
13356 9667 12022
12022 9667 13356
4991 2572 9721
9721 2572 4991
2572 4991 9721
11284 12533 12977
12977 11284 12533
12533 11284 12977
14543 298 4722
298 4722 14543
4722 298 14543
653 14017 14774
14774 653 14017
14017 653 14774
12929 5850 9504
9504 5850 12929
5850 9504 12929
4428 8356 14914
14914 4428 8356
8356 4428 14914
13753 4942 9982
4942 9982 13753
9982 4942 13753
3674 688 13878
688 3674 13878
13878 688 3674
3880 1802 2038
1802 2038 3880
2038 1802 3880
6123 521 7812
7812 521 6123
521 6123 7812
6146 2207 11226
11226 2207 6146
2207 6146 11226
10050 11381 14368
14368 10050 11381
11381 10050 14368
12784 890 3036
3036 890 12784
890 3036 12784
7306 10546 11155
10546 7306 11155
11155 7306 10546
3286 2360 10902
10902 2360 3286
2360 3286 10902
11198 1632 1724
1724 1632 11198
1632 1724 11198
191 1872 2265
2265 191 1872
1872 191 2265
11470 146 1278
1278 146 11470
146 1278 11470
7431 6270 7032
6270 7032 7431
7032 6270 7431
12134 11849 13457
11849 12134 13457
13457 11849 12134
12464 4186 11471
11471 4186 12464
4186 11471 12464
982 757 14016
14016 757 982
757 982 14016
5260 10143 12164
10143 5260 12164
12164 5260 10143
4298 6032 7731
6032 4298 7731
7731 4298 6032
8939 11185 11785
11785 8939 11185
11185 8939 11785
2833 5178 11795
11795 2833 5178
5178 2833 11795
13123 3722 13641
13641 3722 13123
3722 13123 13641
11195 4975 14834
4975 11195 14834
14834 4975 11195
3621 8404 14853
14853 3621 8404
8404 3621 14853
39 2637 4317
4317 39 2637
2637 39 4317
8062 7312 11034
11034 7312 8062
7312 8062 11034
6140 302 5912
302 5912 6140
5912 302 6140
1498 8155 9853
9853 1498 8155
8155 1498 9853
11546 3622 10540
3622 10540 11546
10540 3622 11546
3375 11933 12993
12993 3375 11933
11933 3375 12993
14735 7384 12549
7384 12549 14735
12549 7384 14735
7657 5640 6469
6469 5640 7657
5640 6469 7657
13274 1077 12652
1077 12652 13274
12652 1077 13274
2216 2048 2709
2709 2048 2216
2048 2216 2709
429 4149 12768
12768 429 4149
4149 429 12768
3161 5290 7405
5290 3161 7405
7405 3161 5290
5777 3806 8517
8517 3806 5777
3806 5777 8517
1994 1856 14435
14435 1856 1994
1856 1994 14435
7050 2005 9460
2005 7050 9460
9460 2005 7050
8293 4367 9529
4367 8293 9529
9529 4367 8293
8223 1088 4308
4308 1088 8223
1088 4308 8223
11797 1335 12852
1335 11797 12852
12852 1335 11797
3023 7687 11837
7687 3023 11837
11837 3023 7687
12193 8720 11343
11343 8720 12193
8720 11343 12193
2341 7791 13107
7791 2341 13107
13107 2341 7791
10814 7733 12602
7733 10814 12602
12602 7733 10814
8102 6257 8354
8354 6257 8102
6257 8102 8354
13964 1410 8452
8452 1410 13964
1410 8452 13964
2765 10385 12053
10385 2765 12053
12053 2765 10385
14886 3127 7245
3127 7245 14886
7245 3127 14886
12936 1996 12308
1996 12308 12936
12308 1996 12936
3189 1006 11716
11716 1006 3189
1006 3189 11716
7641 3534 13278
3534 7641 13278
13278 3534 7641
223 3649 4827
4827 223 3649
3649 223 4827
4438 9003 13556
13556 4438 9003
9003 4438 13556
12950 12109 13285
12109 12950 13285
13285 12109 12950
6769 8654 11358
8654 6769 11358
11358 6769 8654
9472 2578 9775
2578 9472 9775
9775 2578 9472
8304 1229 5889
5889 1229 8304
1229 5889 8304
9000 624 9605
9605 624 9000
624 9000 9605
9778 2461 8478
8478 2461 9778
2461 8478 9778
12969 5272 5397
5272 5397 12969
5397 5272 12969
1080 1332 10941
10941 1080 1332
1332 1080 10941
6419 334 13401
13401 334 6419
334 6419 13401
9323 8601 14773
8601 9323 14773
14773 8601 9323
9660 8166 11540
11540 8166 9660
8166 9660 11540
6682 7778 14153
7778 6682 14153
14153 6682 7778
875 2039 6322
2039 875 6322
6322 875 2039
8535 2307 14408
14408 2307 8535
2307 8535 14408
1117 8936 14138
14138 1117 8936
8936 1117 14138
6445 9887 14555
9887 6445 14555
14555 6445 9887
3776 9785 13432
13432 3776 9785
9785 3776 13432
2485 338 10357
10357 338 2485
338 2485 10357
5940 10482 13662
10482 5940 13662
13662 5940 10482
1733 268 7433
7433 268 1733
268 1733 7433
3799 4618 9381
9381 3799 4618
4618 3799 9381
6067 2619 8806
2619 6067 8806
8806 2619 6067
10596 3277 14994
3277 10596 14994
14994 3277 10596
736 7104 13418
13418 736 7104
7104 736 13418
3995 2842 5526
5526 2842 3995
2842 3995 5526
12335 4644 6092
4644 6092 12335
6092 4644 12335
12105 5028 9903
5028 9903 12105
9903 5028 12105
7979 3939 11983
3939 7979 11983
11983 3939 7979
13819 2555 14540
14540 2555 13819
2555 13819 14540
11353 7451 11218
11218 7451 11353
7451 11218 11353
12484 3615 13748
13748 3615 12484
3615 12484 13748
6481 5495 6704
6704 5495 6481
5495 6481 6704
6630 5515 10908
5515 6630 10908
10908 5515 6630
12636 3623 9820
9820 3623 12636
3623 9820 12636
6820 2597 7159
2597 6820 7159
7159 2597 6820
7385 171 1475
171 1475 7385
1475 171 7385
12700 228 14589
228 12700 14589
14589 228 12700
12859 8490 14013
14013 8490 12859
8490 12859 14013
1562 9213 10260
9213 1562 10260
10260 1562 9213
6037 4405 14488
14488 4405 6037
4405 6037 14488
7949 3794 14101
14101 3794 7949
3794 7949 14101
13950 5113 13129
13129 5113 13950
5113 13129 13950
14930 195 1422
1422 195 14930
195 1422 14930
423 4457 8188
8188 423 4457
4457 423 8188
3388 571 2237
2237 571 3388
571 2237 3388
10412 7896 10704
7896 10412 10704
10704 7896 10412
3317 43 3204
43 3204 3317
3204 43 3317
68 287 6061
6061 68 287
287 68 6061
10989 1288 14265
14265 1288 10989
1288 10989 14265
3574 13784 14180
14180 3574 13784
13784 3574 14180
596 6712 13488
13488 596 6712
6712 596 13488
13948 7283 8740
8740 7283 13948
7283 8740 13948
6708 6068 13943
13943 6068 6708
6068 6708 13943
8181 1688 12197
1688 8181 12197
12197 1688 8181
14984 14423 14737
14423 14737 14984
14737 14423 14984
478 8475 12211
12211 478 8475
8475 478 12211
9324 379 8727
379 8727 9324
8727 379 9324
11854 5146 14985
14985 5146 11854
5146 11854 14985
13471 13656 14538
13656 13471 14538
14538 13471 13656
11638 3561 13152
3561 11638 13152
13152 3561 11638
7285 3095 13650
13650 3095 7285
3095 7285 13650
6934 8205 10029
10029 6934 8205
8205 6934 10029
307 5627 11791
11791 307 5627
5627 307 11791
4053 4638 6091
6091 4053 4638
4638 4053 6091
12841 11763 12006
11763 12006 12841
12006 11763 12841
1003 12263 14646
14646 1003 12263
12263 1003 14646
3169 5690 8480
8480 3169 5690
5690 3169 8480
14055 9901 13022
9901 13022 14055
13022 9901 14055
9929 3900 5994
3900 5994 9929
5994 3900 9929
9498 2304 13637
13637 2304 9498
2304 9498 13637
4259 6369 14701
6369 4259 14701
14701 4259 6369
617 6908 8904
6908 617 8904
8904 617 6908
10262 7700 11047
7700 10262 11047
11047 7700 10262
7659 5860 6940
5860 6940 7659
6940 5860 7659
7089 7697 13020
13020 7089 7697
7697 7089 13020
14009 493 8086
8086 493 14009
493 8086 14009
12997 386 3754
3754 386 12997
386 3754 12997
10621 8208 14934
8208 10621 14934
14934 8208 10621
3013 8244 9975
9975 3013 8244
8244 3013 9975
5278 1797 5896
5896 1797 5278
1797 5278 5896
9173 10339 14310
10339 9173 14310
14310 9173 10339
13277 4931 8440
8440 4931 13277
4931 8440 13277
3940 8050 10462
10462 3940 8050
8050 3940 10462
13074 4137 11141
11141 4137 13074
4137 11141 13074
7199 5167 8078
8078 5167 7199
5167 7199 8078
1795 2579 10141
2579 1795 10141
10141 1795 2579
1658 4368 5909
4368 1658 5909
5909 1658 4368
2822 7419 7481
7419 2822 7481
7481 2822 7419
690 10888 12137
10888 690 12137
12137 690 10888
4748 13 2771
2771 13 4748
13 2771 4748
7436 4161 6416
4161 6416 7436
6416 4161 7436
2208 544 14296
544 2208 14296
14296 544 2208
14395 6346 13543
6346 13543 14395
13543 6346 14395
14583 508 12428
508 12428 14583
12428 508 14583
8287 7403 8473
7403 8287 8473
8473 7403 8287
10543 9645 9932
9932 9645 10543
9645 9932 10543
8084 8974 12681
8974 8084 12681
12681 8084 8974
5832 7064 13172
7064 5832 13172
13172 5832 7064
8439 5469 9443
5469 8439 9443
9443 5469 8439
5038 8596 11474
11474 5038 8596
8596 5038 11474
13011 7154 8476
8476 7154 13011
7154 8476 13011
6353 6098 11700
6098 6353 11700
11700 6098 6353
13469 6059 13264
13264 6059 13469
6059 13264 13469
10332 10542 14695
10542 10332 14695
14695 10332 10542
6360 10287 13269
10287 6360 13269
13269 6360 10287
10942 5078 13076
13076 5078 10942
5078 10942 13076
6454 3488 4765
4765 3488 6454
3488 4765 6454
8889 456 14448
456 8889 14448
14448 456 8889
14111 5581 8068
8068 5581 14111
5581 8068 14111
11497 4501 10450
10450 4501 11497
4501 10450 11497
614 4222 7933
4222 614 7933
7933 614 4222
11931 10931 12521
10931 11931 12521
12521 10931 11931
12240 5588 12906
12906 5588 12240
5588 12240 12906
737 2423 10145
10145 737 2423
2423 737 10145
14887 699 3365
699 3365 14887
3365 699 14887
5754 2603 3605
2603 3605 5754
3605 2603 5754
9102 4472 7307
4472 7307 9102
7307 4472 9102
8427 673 1861
1861 673 8427
673 1861 8427
8628 7208 14024
7208 8628 14024
14024 7208 8628
13578 10300 13587
13587 10300 13578
10300 13578 13587
1905 3469 5818
3469 1905 5818
5818 1905 3469
2374 9428 12063
12063 2374 9428
9428 2374 12063
11184 8436 14658
14658 8436 11184
8436 11184 14658
11541 6939 6958
6958 6939 11541
6939 6958 11541
2682 2563 11567
11567 2563 2682
2563 2682 11567
9766 1148 3617
3617 1148 9766
1148 3617 9766
8977 4553 14446
4553 8977 14446
14446 4553 8977
5878 139 14553
139 5878 14553
14553 139 5878
8890 2973 8833
8833 2973 8890
2973 8833 8890
52 1104 2654
1104 52 2654
2654 52 1104
4220 10951 13282
13282 4220 10951
10951 4220 13282
13071 5174 13843
13843 5174 13071
5174 13071 13843
7470 1522 7844
1522 7470 7844
7844 1522 7470
10217 9500 10550
9500 10217 10550
10550 9500 10217
3731 525 3072
525 3072 3731
3072 525 3731
10283 1383 7202
7202 1383 10283
1383 7202 10283
8703 3182 6110
6110 3182 8703
3182 6110 8703
5771 4073 12444
12444 4073 5771
4073 5771 12444
167 1103 14045
14045 167 1103
1103 167 14045
5415 151 2894
151 2894 5415
2894 151 5415
1722 1412 4709
4709 1412 1722
1412 1722 4709
12319 4968 9326
4968 9326 12319
9326 4968 12319
13236 2096 10990
10990 2096 13236
2096 10990 13236
1055 3447 5603
5603 1055 3447
3447 1055 5603
11704 2087 12931
12931 2087 11704
2087 11704 12931
7464 3680 12469
12469 3680 7464
3680 7464 12469
9803 285 13445
285 9803 13445
13445 285 9803
1892 2554 5353
2554 1892 5353
5353 1892 2554
3462 9186 9681
9186 3462 9681
9681 3462 9186
10869 2105 4558
2105 4558 10869
4558 2105 10869
3378 2164 11441
11441 2164 3378
2164 3378 11441
2656 1859 7514
1859 2656 7514
7514 1859 2656
8233 3031 9210
9210 3031 8233
3031 8233 9210
6374 7219 12154
12154 6374 7219
7219 6374 12154
10310 2715 4151
4151 2715 10310
2715 4151 10310
11747 2443 7163
7163 2443 11747
2443 7163 11747
7387 9426 13821
9426 7387 13821
13821 7387 9426
645 725 7072
7072 645 725
725 645 7072
14717 92 1852
92 1852 14717
1852 92 14717
9859 4119 4904
4119 4904 9859
4904 4119 9859
14530 6638 11359
6638 11359 14530
11359 6638 14530
2622 13466 14495
14495 2622 13466
