5846 579 13961
579 5846 13961
13961 579 5846
6414 3899 11225
11225 3899 6414
3899 6414 11225
3194 7902 8855
7902 3194 8855
8855 3194 7902
10029 1441 4374
1441 4374 10029
4374 1441 10029
9299 465 11191
11191 465 9299
465 9299 11191
12461 2214 6134
6134 2214 12461
2214 6134 12461
8433 4006 5533
5533 4006 8433
4006 5533 8433
5339 494 10136
10136 494 5339
494 5339 10136
4501 6000 13546
6000 4501 13546
13546 4501 6000
1752 388 14067
388 1752 14067
14067 388 1752
4160 8794 11898
8794 4160 11898
11898 4160 8794
13179 1366 7584
7584 1366 13179
1366 7584 13179
9872 5140 12485
5140 9872 12485
12485 5140 9872
3252 5580 10093
10093 3252 5580
5580 3252 10093
10555 253 1275
1275 253 10555
253 1275 10555
12097 9234 11846
9234 11846 12097
11846 9234 12097
14831 3438 5054
5054 3438 14831
3438 5054 14831
8304 4921 5699
5699 4921 8304
4921 5699 8304
3203 858 2245
858 2245 3203
2245 858 3203
119 3463 6527
3463 119 6527
6527 119 3463
12167 1956 13678
13678 1956 12167
1956 12167 13678
6282 1679 9033
9033 1679 6282
1679 6282 9033
8115 3766 7949
7949 3766 8115
3766 7949 8115
14564 5954 11455
11455 5954 14564
5954 11455 14564
14848 2530 3020
3020 2530 14848
2530 3020 14848
11095 9406 11675
9406 11095 11675
11675 9406 11095
2667 9520 10524
10524 2667 9520
9520 2667 10524
89 3422 7101
3422 89 7101
7101 89 3422
9257 8155 9701
9701 8155 9257
8155 9257 9701
9373 5210 12242
12242 5210 9373
5210 9373 12242
3473 5155 8669
8669 3473 5155
5155 3473 8669
4521 5319 9909
9909 4521 5319
5319 4521 9909
1728 2371 10607
10607 1728 2371
2371 1728 10607
4513 6525 11917
6525 4513 11917
11917 4513 6525
10861 749 12734
12734 749 10861
749 10861 12734
9871 14398 14954
14954 9871 14398
14398 9871 14954
4594 13909 14533
13909 4594 14533
14533 4594 13909
9014 6533 7533
7533 6533 9014
6533 7533 9014
8585 1116 6624
6624 1116 8585
1116 6624 8585
1309 1368 9539
1368 1309 9539
9539 1309 1368
4621 1209 10729
1209 4621 10729
10729 1209 4621
4470 3770 8851
8851 3770 4470
3770 4470 8851
1172 13346 14385
14385 1172 13346
13346 1172 14385
6092 6413 9828
6413 6092 9828
9828 6092 6413
10604 4628 6246
6246 4628 10604
4628 6246 10604
9549 1605 4428
4428 1605 9549
1605 4428 9549
14732 471 9578
9578 471 14732
471 9578 14732
478 12860 14918
12860 478 14918
14918 478 12860
5973 4243 8207
4243 5973 8207
8207 4243 5973
12727 6141 14567
6141 12727 14567
14567 6141 12727
3995 2539 13115
13115 2539 3995
2539 3995 13115
11840 4825 11726
11726 4825 11840
4825 11726 11840
12550 12214 14414
14414 12214 12550
12214 12550 14414
10428 8081 14222
8081 10428 14222
14222 8081 10428
7411 3925 12512
12512 3925 7411
3925 7411 12512
25 1421 12581
12581 25 1421
1421 25 12581
7359 6390 9666
6390 7359 9666
9666 6390 7359
13469 5467 6957
5467 6957 13469
6957 5467 13469
675 12230 14424
14424 675 12230
12230 675 14424
7590 5036 8082
5036 7590 8082
8082 5036 7590
14151 2569 13826
13826 2569 14151
2569 13826 14151
6475 5876 14325
14325 5876 6475
5876 6475 14325
7502 2281 5700
5700 2281 7502
2281 5700 7502
3523 763 14266
14266 763 3523
763 3523 14266
1829 12121 12849
12849 1829 12121
12121 1829 12849
7829 4325 10867
4325 7829 10867
10867 4325 7829
553 12958 14507
12958 553 14507
14507 553 12958
2283 6481 13581
6481 2283 13581
13581 2283 6481
7816 1045 13336
13336 1045 7816
1045 7816 13336
6499 14583 14673
14673 6499 14583
14583 6499 14673
12093 1390 5788
5788 1390 12093
1390 5788 12093
2704 5842 12572
5842 2704 12572
12572 2704 5842
9328 5726 8272
5726 8272 9328
8272 5726 9328
7490 2002 3877
2002 3877 7490
3877 2002 7490
14789 1925 6895
6895 1925 14789
1925 6895 14789
13553 2611 9593
2611 9593 13553
9593 2611 13553
4901 2824 6495
6495 2824 4901
2824 4901 6495
8114 2688 6474
6474 2688 8114
2688 6474 8114
1370 907 2794
907 1370 2794
2794 907 1370
2159 6448 12765
6448 2159 12765
12765 2159 6448
9203 2939 10795
10795 2939 9203
2939 9203 10795
5382 2277 3653
3653 2277 5382
2277 3653 5382
4215 474 1644
1644 474 4215
474 1644 4215
13613 152 9367
152 9367 13613
9367 152 13613
14064 13565 13674
13565 13674 14064
13674 13565 14064
21 1581 5186
5186 21 1581
1581 21 5186
7537 11123 12798
12798 7537 11123
11123 7537 12798
5893 6252 7825
7825 5893 6252
6252 5893 7825
4541 1984 11845
1984 4541 11845
11845 1984 4541
7784 1763 8097
8097 1763 7784
1763 7784 8097
6764 3837 6392
6392 3837 6764
3837 6392 6764
8021 3874 10894
10894 3874 8021
3874 8021 10894
7729 6167 9601
6167 7729 9601
9601 6167 7729
10287 5971 7969
5971 7969 10287
7969 5971 10287
7415 3306 8117
3306 7415 8117
8117 3306 7415
13221 13128 13614
13614 13128 13221
13128 13221 13614
2317 9973 11767
11767 2317 9973
9973 2317 11767
860 3386 6109
6109 860 3386
3386 860 6109
14855 2196 7448
2196 7448 14855
7448 2196 14855
9438 9823 14324
14324 9438 9823
9823 9438 14324
2657 6746 11598
6746 2657 11598
11598 2657 6746
13059 12775 13064
13064 12775 13059
12775 13059 13064
5454 7961 11203
7961 5454 11203
11203 5454 7961
5589 459 5453
459 5453 5589
5453 459 5589
8338 288 11340
11340 288 8338
288 8338 11340
2231 2026 9642
9642 2026 2231
2026 2231 9642
6791 8918 10324
8918 6791 10324
10324 6791 8918
5926 4916 6708
4916 5926 6708
6708 4916 5926
5384 510 14856
510 5384 14856
14856 510 5384
4528 5905 14602
5905 4528 14602
14602 4528 5905
9247 2052 11420
2052 9247 11420
11420 2052 9247
9600 1120 11861
1120 9600 11861
11861 1120 9600
5887 3522 14531
14531 3522 5887
3522 5887 14531
596 2805 9024
2805 596 9024
9024 596 2805
10478 10526 11017
11017 10478 10526
10526 10478 11017
5708 4398 10752
10752 4398 5708
4398 5708 10752
162 6552 8904
6552 162 8904
8904 162 6552
13333 6540 10361
10361 6540 13333
6540 10361 13333
7644 2629 10926
10926 2629 7644
2629 7644 10926
2469 7947 12800
7947 2469 12800
12800 2469 7947
14747 3896 5825
3896 5825 14747
5825 3896 14747
8680 3239 7932
7932 3239 8680
3239 7932 8680
3917 5222 11162
11162 3917 5222
5222 3917 11162
7460 5856 7943
7943 5856 7460
5856 7460 7943
13539 951 8006
8006 951 13539
951 8006 13539
8984 1183 11020
11020 1183 8984
1183 8984 11020
2256 3706 11919
11919 2256 3706
3706 2256 11919
12629 9962 12015
12015 9962 12629
9962 12015 12629
6103 6959 9641
6959 6103 9641
9641 6103 6959
9264 1587 2112
2112 1587 9264
1587 2112 9264
2980 4753 9006
9006 2980 4753
4753 2980 9006
12158 576 3794
576 3794 12158
3794 576 12158
1056 1997 9221
9221 1056 1997
1997 1056 9221
699 9738 14223
9738 699 14223
14223 699 9738
8436 6253 8537
8537 6253 8436
6253 8436 8537
7859 7862 11428
11428 7859 7862
7862 7859 11428
4248 7061 14162
14162 4248 7061
7061 4248 14162
6177 11546 12117
12117 6177 11546
11546 6177 12117
12439 3272 6946
3272 6946 12439
6946 3272 12439
532 3900 8714
8714 532 3900
3900 532 8714
9553 9720 12770
12770 9553 9720
9720 9553 12770
10430 381 10889
10889 381 10430
381 10430 10889
7487 1317 14030
1317 7487 14030
14030 1317 7487
4837 1211 8267
8267 1211 4837
1211 4837 8267
1069 3879 14159
14159 1069 3879
3879 1069 14159
12683 9532 14295
9532 12683 14295
14295 9532 12683
8029 7040 10864
10864 7040 8029
7040 8029 10864
789 7713 13563
7713 789 13563
13563 789 7713
8469 5311 13154
13154 5311 8469
5311 8469 13154
4384 3392 9013
9013 3392 4384
3392 4384 9013
9210 11805 13046
11805 9210 13046
13046 9210 11805
14787 12318 13721
12318 13721 14787
13721 12318 14787
489 11232 13919
11232 489 13919
13919 489 11232
8495 9398 13623
13623 8495 9398
9398 8495 13623
13519 233 3500
3500 233 13519
233 3500 13519
1095 11158 11434
11434 1095 11158
11158 1095 11434
2333 7212 13292
13292 2333 7212
7212 2333 13292
4365 8266 10893
10893 4365 8266
8266 4365 10893
6029 9739 10662
10662 6029 9739
9739 6029 10662
4722 9117 13394
9117 4722 13394
13394 4722 9117
10403 305 4551
305 4551 10403
4551 305 10403
8408 267 4149
4149 267 8408
267 4149 8408
3574 3732 5221
5221 3574 3732
3732 3574 5221
14383 10418 12010
12010 10418 14383
10418 12010 14383
12057 1302 14369
14369 1302 12057
1302 12057 14369
655 4675 12163
4675 655 12163
12163 655 4675
6480 1327 1955
1327 1955 6480
1955 1327 6480
13993 13405 14803
14803 13405 13993
13405 13993 14803
455 6262 13657
6262 455 13657
13657 455 6262
12467 13360 14981
13360 12467 14981
14981 12467 13360
9780 323 3517
3517 323 9780
323 3517 9780
14860 7224 10371
10371 7224 14860
7224 10371 14860
10724 6031 7399
7399 6031 10724
6031 7399 10724
10626 1840 8846
8846 1840 10626
1840 8846 10626
13641 2337 10278
2337 10278 13641
10278 2337 13641
4878 4279 8423
8423 4279 4878
4279 4878 8423
2003 2497 11574
11574 2003 2497
2497 2003 11574
4908 6394 11142
11142 4908 6394
6394 4908 11142
9000 1307 14947
1307 9000 14947
14947 1307 9000
287 5161 11438
5161 287 11438
11438 287 5161
12912 11010 12406
11010 12406 12912
12406 11010 12912
11615 544 14922
14922 544 11615
544 11615 14922
4216 9906 13624
9906 4216 13624
13624 4216 9906
5784 4514 10216
10216 4514 5784
4514 5784 10216
525 2321 3897
3897 525 2321
2321 525 3897
6863 5317 8398
8398 5317 6863
5317 6863 8398
4281 3248 12455
12455 3248 4281
3248 4281 12455
12243 5930 7814
7814 5930 12243
5930 7814 12243
9576 1926 2546
1926 2546 9576
2546 1926 9576
12757 6250 8248
8248 6250 12757
6250 8248 12757
3982 5272 13537
5272 3982 13537
13537 3982 5272
3089 3219 8286
3219 3089 8286
8286 3089 3219
7033 5262 14806
5262 7033 14806
14806 5262 7033
1884 172 311
311 172 1884
172 311 1884
213 3414 5991
5991 213 3414
3414 213 5991
6536 1957 7291
1957 6536 7291
7291 1957 6536
4871 2516 3563
3563 2516 4871
2516 3563 4871
7931 5451 13513
5451 7931 13513
13513 5451 7931
14650 8403 8930
8930 8403 14650
8403 8930 14650
13188 2821 3785
3785 2821 13188
2821 3785 13188
737 13942 13995
13995 737 13942
13942 737 13995
4266 9746 13289
13289 4266 9746
9746 4266 13289
139 239 3552
3552 139 239
239 139 3552
10796 5416 12133
5416 10796 12133
12133 5416 10796
14302 9621 10128
9621 10128 14302
10128 9621 14302
14838 3856 9053
9053 3856 14838
3856 9053 14838
10890 8782 12602
12602 8782 10890
8782 10890 12602
10959 4592 10828
10828 4592 10959
4592 10828 10959
295 2769 12282
12282 295 2769
2769 295 12282
6208 2399 7566
7566 2399 6208
2399 6208 7566
11383 574 6720
6720 574 11383
574 6720 11383
8493 3878 12016
3878 8493 12016
12016 3878 8493
4698 1803 13821
13821 1803 4698
1803 4698 13821
9461 4523 14807
4523 9461 14807
14807 4523 9461
12895 7379 14196
7379 12895 14196
14196 7379 12895
14084 11172 14735
14735 11172 14084
11172 14084 14735
5891 4679 13463
4679 5891 13463
13463 4679 5891
12549 1856 8639
8639 1856 12549
1856 8639 12549
10041 4405 13974
4405 10041 13974
13974 4405 10041
1261 4338 5666
4338 1261 5666
5666 1261 4338
303 1686 13617
13617 303 1686
1686 303 13617
9851 1816 2551
1816 2551 9851
2551 1816 9851
2203 13715 13968
13968 2203 13715
13715 2203 13968
6491 240 6741
6741 240 6491
240 6491 6741
2882 3357 12888
3357 2882 12888
12888 2882 3357
2237 6936 13032
13032 2237 6936
6936 2237 13032
6904 12288 13207
12288 6904 13207
13207 6904 12288
13053 2674 7740
7740 2674 13053
2674 7740 13053
3579 1690 7232
1690 3579 7232
7232 1690 3579
13659 8077 12324
8077 12324 13659
12324 8077 13659
8560 2272 11762
2272 8560 11762
11762 2272 8560
5956 6350 11989
6350 5956 11989
11989 5956 6350
5182 1518 12369
1518 5182 12369
12369 1518 5182
3849 2499 14632
2499 3849 14632
14632 2499 3849
8810 4247 4801
4801 4247 8810
4247 4801 8810
4928 5337 13885
5337 4928 13885
13885 4928 5337
14435 8863 11674
8863 11674 14435
11674 8863 14435
10444 10368 14888
10368 10444 14888
14888 10368 10444
5012 8222 8491
8222 5012 8491
8491 5012 8222
13751 2841 13185
13185 2841 13751
2841 13185 13751
12468 12443 14729
12443 12468 14729
14729 12443 12468
11334 7618 12357
7618 11334 12357
12357 7618 11334
822 6868 8369
6868 822 8369
8369 822 6868
12983 3143 9230
3143 9230 12983
9230 3143 12983
10502 3803 5447
3803 5447 10502
5447 3803 10502
3104 4165 4497
4497 3104 4165
4165 3104 4497
6924 6343 12447
12447 6343 6924
6343 6924 12447
1175 6710 9340
9340 1175 6710
6710 1175 9340
6503 19 10608
19 6503 10608
10608 19 6503
13598 6726 11272
11272 6726 13598
6726 11272 13598
1167 3509 13526
13526 1167 3509
3509 1167 13526
13049 982 8360
8360 982 13049
982 8360 13049
246 11111 14699
11111 246 14699
14699 246 11111
9876 1484 6249
1484 6249 9876
6249 1484 9876
13661 4978 9409
4978 9409 13661
9409 4978 13661
2646 3204 5569
3204 2646 5569
5569 2646 3204
3133 2343 14829
14829 2343 3133
2343 3133 14829
13169 4335 9246
4335 9246 13169
9246 4335 13169
6172 5233 13392
5233 6172 13392
13392 5233 6172
4884 3550 4168
4168 3550 4884
3550 4168 4884
4835 991 10390
991 4835 10390
10390 991 4835
12753 5521 12417
12417 5521 12753
5521 12417 12753
2389 959 12766
959 2389 12766
12766 959 2389
13417 167 9337
167 9337 13417
9337 167 13417
14579 8833 11282
11282 8833 14579
8833 11282 14579
6846 3423 14283
3423 6846 14283
14283 3423 6846
1132 3037 9481
9481 1132 3037
3037 1132 9481
4668 4027 9652
9652 4027 4668
4027 4668 9652
8806 698 9949
9949 698 8806
698 8806 9949
5762 3462 11474
3462 5762 11474
11474 3462 5762
10521 9080 14799
14799 9080 10521
9080 10521 14799
4312 7109 9572
9572 4312 7109
7109 4312 9572
7855 8063 8723
8063 7855 8723
8723 7855 8063
2177 9777 14585
9777 2177 14585
14585 2177 9777
13016 8528 11730
11730 8528 13016
8528 11730 13016
3132 8246 14280
14280 3132 8246
8246 3132 14280
721 1046 1935
1046 721 1935
1935 721 1046
10685 2864 5405
5405 2864 10685
2864 5405 10685
7669 2126 6450
2126 6450 7669
6450 2126 7669
5184 1052 4219
4219 1052 5184
1052 4219 5184
7864 9924 14493
14493 7864 9924
9924 7864 14493
10839 12140 12198
12140 10839 12198
12198 10839 12140
6229 3787 10683
10683 3787 6229
3787 6229 10683
11021 4019 5305
5305 4019 11021
4019 5305 11021
9887 294 3623
3623 294 9887
294 3623 9887
14943 5854 12405
5854 12405 14943
12405 5854 14943
3190 2790 7831
7831 2790 3190
2790 3190 7831
3097 7715 11978
11978 3097 7715
7715 3097 11978
9587 6497 8055
6497 8055 9587
8055 6497 9587
4792 6923 10050
6923 4792 10050
10050 4792 6923
2258 57 12625
12625 57 2258
57 2258 12625
2946 184 1422
1422 184 2946
184 1422 2946
3989 4 14362
14362 4 3989
4 3989 14362
3314 10592 12026
12026 3314 10592
10592 3314 12026
8171 8974 13431
13431 8171 8974
8974 8171 13431
9963 8580 14925
14925 8580 9963
8580 9963 14925
2489 4488 14241
4488 2489 14241
14241 2489 4488
14009 795 10728
10728 795 14009
795 10728 14009
10588 1873 7346
7346 1873 10588
1873 7346 10588
781 1311 6171
1311 781 6171
6171 781 1311
13287 8073 11703
11703 8073 13287
8073 11703 13287
8111 6657 8005
8005 6657 8111
6657 8005 8111
5004 6301 11207
6301 5004 11207
11207 5004 6301
10987 8471 11802
11802 8471 10987
8471 10987 11802
13588 6515 13160
13160 6515 13588
6515 13160 13588
3557 1168 5376
5376 1168 3557
1168 3557 5376
1700 599 13225
599 1700 13225
13225 599 1700
1348 1170 5162
5162 1170 1348
1170 1348 5162
11568 2708 13903
13903 2708 11568
2708 11568 13903
7515 840 6339
840 6339 7515
6339 840 7515
5722 2773 12568
12568 2773 5722
2773 5722 12568
10035 1699 12580
1699 10035 12580
12580 1699 10035
54 11447 13737
11447 54 13737
13737 54 11447
2851 5112 11678
5112 2851 11678
11678 2851 5112
8925 3091 9935
9935 3091 8925
3091 8925 9935
235 2325 7529
7529 235 2325
2325 235 7529
538 3665 11754
3665 538 11754
11754 538 3665
8951 11826 12823
12823 8951 11826
11826 8951 12823
2792 1222 6712
1222 2792 6712
6712 1222 2792
7121 11257 13651
11257 7121 13651
13651 7121 11257
61 2799 9817
2799 61 9817
9817 61 2799
7429 161 12224
161 7429 12224
12224 161 7429
13593 77 5568
5568 77 13593
77 5568 13593
5563 1785 8755
1785 5563 8755
8755 1785 5563
12191 8242 12898
12898 8242 12191
8242 12191 12898
2564 3347 9529
3347 2564 9529
9529 2564 3347
11171 11163 13325
13325 11163 11171
11163 11171 13325
12670 6265 12976
6265 12670 12976
12976 6265 12670
2948 4745 5336
4745 2948 5336
5336 2948 4745
6374 4510 10135
4510 6374 10135
10135 4510 6374
4049 2940 5032
2940 4049 5032
5032 2940 4049
2407 6138 7712
6138 2407 7712
7712 2407 6138
3128 8744 10534
10534 3128 8744
8744 3128 10534
6921 10339 13168
10339 6921 13168
13168 6921 10339
13686 1276 9551
9551 1276 13686
1276 9551 13686
6116 773 8911
8911 773 6116
773 6116 8911
13632 3974 13367
13367 3974 13632
3974 13367 13632
4508 618 5058
5058 618 4508
618 4508 5058
13136 1982 6637
6637 1982 13136
1982 6637 13136
4112 3210 5020
5020 3210 4112
3210 4112 5020
8825 2921 13605
2921 8825 13605
13605 2921 8825
8829 3593 14466
14466 3593 8829
3593 8829 14466
13139 11407 12723
11407 12723 13139
12723 11407 13139
6251 11556 14037
14037 6251 11556
11556 6251 14037
11462 6179 12339
12339 6179 11462
6179 11462 12339
4491 310 9903
9903 310 4491
310 4491 9903
14359 128 170
170 128 14359
128 170 14359
839 1270 4341
1270 839 4341
4341 839 1270
2135 7356 13567
7356 2135 13567
13567 2135 7356
11637 4288 5671
5671 4288 11637
4288 5671 11637
10092 473 14524
14524 473 10092
473 10092 14524
12543 2941 4872
2941 4872 12543
4872 2941 12543
2164 2221 14842
2221 2164 14842
14842 2164 2221
7513 2083 4881
4881 2083 7513
2083 4881 7513
7911 8533 11097
8533 7911 11097
11097 7911 8533
13780 3953 13428
13428 3953 13780
3953 13428 13780
10005 10208 10594
10208 10005 10594
10594 10005 10208
3859 3966 13790
3966 3859 13790
13790 3859 3966
2923 930 1624
1624 930 2923
930 1624 2923
14605 7005 8524
8524 7005 14605
7005 8524 14605
1359 4280 14172
14172 1359 4280
4280 1359 14172
8205 11801 12000
11801 8205 12000
12000 8205 11801
6066 2098 7945
7945 2098 6066
2098 6066 7945
432 2291 13948
13948 432 2291
2291 432 13948
13102 2213 12806
2213 12806 13102
12806 2213 13102
11753 460 9498
9498 460 11753
460 9498 11753
14484 2487 8763
8763 2487 14484
2487 8763 14484
8990 3121 7141
3121 7141 8990
7141 3121 8990
3570 5725 6871
6871 3570 5725
5725 3570 6871
9178 2356 13011
2356 9178 13011
13011 2356 9178
10330 9414 11118
9414 10330 11118
11118 9414 10330
8839 705 9554
9554 705 8839
705 8839 9554
6954 3718 3963
3718 3963 6954
3963 3718 6954
9584 13890 14096
13890 9584 14096
14096 9584 13890
13871 6193 14917
14917 6193 13871
6193 13871 14917
12710 7964 9853
7964 9853 12710
9853 7964 12710
10205 5369 9617
9617 5369 10205
5369 9617 10205
697 11067 11269
11269 697 11067
11067 697 11269
686 33 2783
2783 33 686
33 686 2783
5603 3571 9132
3571 5603 9132
9132 3571 5603
6766 3957 5775
5775 3957 6766
3957 5775 6766
2837 8717 14373
8717 2837 14373
14373 2837 8717
3520 4812 12514
12514 3520 4812
4812 3520 12514
660 166 4862
4862 166 660
166 660 4862
6564 5972 12821
12821 5972 6564
5972 6564 12821
1878 1100 13044
1100 1878 13044
13044 1100 1878
2418 3225 9401
3225 2418 9401
9401 2418 3225
159 944 10807
10807 159 944
944 159 10807
11454 4694 12014
12014 4694 11454
4694 11454 12014
4671 6139 13815
13815 4671 6139
6139 4671 13815
3498 4807 5886
4807 3498 5886
5886 3498 4807
12830 2986 10749
10749 2986 12830
2986 10749 12830
7444 4823 10616
10616 4823 7444
4823 7444 10616
1278 632 1264
632 1264 1278
1264 632 1278
1202 4334 13426
13426 1202 4334
4334 1202 13426
6747 2322 2670
2322 2670 6747
2670 2322 6747
13732 3317 12865
12865 3317 13732
3317 12865 13732
1680 111 4958
111 1680 4958
4958 111 1680
11271 2259 8949
8949 2259 11271
2259 8949 11271
14131 2523 3140
2523 3140 14131
3140 2523 14131
5429 1788 8090
8090 1788 5429
1788 5429 8090
43 8712 11955
8712 43 11955
11955 43 8712
14488 10508 12433
12433 10508 14488
10508 12433 14488
14110 3396 5409
5409 3396 14110
3396 5409 14110
4029 5240 9137
9137 4029 5240
5240 4029 9137
10949 427 967
427 967 10949
967 427 10949
9323 1248 2673
2673 1248 9323
1248 2673 9323
9987 7921 13696
13696 7921 9987
7921 9987 13696
14931 7719 14486
7719 14486 14931
14486 7719 14931
40 12182 14479
12182 40 14479
14479 40 12182
11533 515 11164
515 11164 11533
11164 515 11533
10813 404 6721
404 6721 10813
6721 404 10813
4939 12843 14251
14251 4939 12843
12843 4939 14251
12009 5776 5806
5776 5806 12009
5806 5776 12009
3525 5187 7398
7398 3525 5187
5187 3525 7398
9567 431 2464
2464 431 9567
431 2464 9567
9997 11029 13483
11029 9997 13483
13483 9997 11029
10282 3975 13003
13003 3975 10282
3975 10282 13003
1818 6153 11446
6153 1818 11446
11446 1818 6153
10434 7776 13130
13130 7776 10434
7776 10434 13130
7409 2534 6691
6691 2534 7409
2534 6691 7409
5483 4772 13808
4772 5483 13808
13808 4772 5483
9707 2110 6937
2110 6937 9707
6937 2110 9707
6732 3694 13810
3694 6732 13810
13810 3694 6732
5441 8244 14817
8244 5441 14817
14817 5441 8244
5378 6367 11766
11766 5378 6367
6367 5378 11766
12113 7175 9075
7175 9075 12113
9075 7175 12113
12352 1916 4948
4948 1916 12352
1916 4948 12352
14496 2557 7650
7650 2557 14496
2557 7650 14496
14624 835 6316
6316 835 14624
835 6316 14624
2669 8341 9331
8341 2669 9331
9331 2669 8341
10829 10211 11768
10211 10829 11768
11768 10211 10829
5543 1890 10660
10660 1890 5543
1890 5543 10660
4240 3930 4447
3930 4240 4447
4447 3930 4240
8922 2525 6410
6410 2525 8922
2525 6410 8922
9991 4632 11513
11513 4632 9991
4632 9991 11513
2054 5642 13161
13161 2054 5642
5642 2054 13161
7355 867 12309
12309 867 7355
867 7355 12309
11760 9690 11604
9690 11604 11760
11604 9690 11760
14345 3293 5949
5949 3293 14345
3293 5949 14345
11244 5814 7927
7927 5814 11244
5814 7927 11244
4707 9148 14929
9148 4707 14929
14929 4707 9148
7457 5751 11079
5751 7457 11079
11079 5751 7457
2535 8979 9358
8979 2535 9358
9358 2535 8979
3358 4034 7436
4034 3358 7436
7436 3358 4034
10860 3282 13814
3282 10860 13814
13814 3282 10860
4911 451 11938
11938 451 4911
451 4911 11938
7874 9709 13912
13912 7874 9709
9709 7874 13912
13190 2061 9451
9451 2061 13190
2061 9451 13190
3245 7595 11406
7595 3245 11406
11406 3245 7595
8877 2423 3678
2423 3678 8877
3678 2423 8877
14102 3373 3747
3747 3373 14102
3373 3747 14102
2028 7905 10061
7905 2028 10061
10061 2028 7905
10452 7376 10359
10359 7376 10452
7376 10359 10452
10299 5035 11553
5035 10299 11553
11553 5035 10299
650 3381 12701
3381 650 12701
12701 650 3381
3012 7746 10078
10078 3012 7746
7746 3012 10078
6870 1595 11053
11053 1595 6870
1595 6870 11053
610 1062 1194
1062 610 1194
1194 610 1062
9561 4642 6417
6417 4642 9561
4642 6417 9561
2446 3866 7583
7583 2446 3866
3866 2446 7583
7256 966 10970
966 7256 10970
10970 966 7256
14072 3385 10586
3385 10586 14072
10586 3385 14072
11603 587 3606
587 3606 11603
3606 587 11603
5999 5145 7570
7570 5145 5999
5145 5999 7570
11554 4161 12084
12084 4161 11554
4161 11554 12084
11624 3684 5264
5264 3684 11624
3684 5264 11624
11700 10332 10400
10332 10400 11700
10400 10332 11700
10448 6778 8151
8151 6778 10448
6778 8151 10448
4536 7867 11679
7867 4536 11679
11679 4536 7867
14628 3704 4718
4718 3704 14628
3704 4718 14628
8969 1434 3548
1434 3548 8969
3548 1434 8969
5658 1599 13872
1599 5658 13872
13872 1599 5658
592 2483 4602
4602 592 2483
2483 592 4602
2012 6151 8122
8122 2012 6151
6151 2012 8122
7522 4869 14242
4869 7522 14242
14242 4869 7522
1668 11572 13652
11572 1668 13652
13652 1668 11572
870 7764 9422
7764 870 9422
9422 870 7764
6209 10346 14705
14705 6209 10346
10346 6209 14705
13039 6837 7857
6837 7857 13039
7857 6837 13039
12668 6848 12157
6848 12157 12668
12157 6848 12668
4135 3719 11236
11236 3719 4135
3719 4135 11236
11985 11372 12250
12250 11372 11985
11372 11985 12250
4877 1559 8967
8967 1559 4877
1559 4877 8967
9297 2336 12271
2336 9297 12271
12271 2336 9297
6371 8060 9836
8060 6371 9836
9836 6371 8060
7132 5179 6934
5179 6934 7132
6934 5179 7132
7068 1532 14527
14527 1532 7068
1532 7068 14527
3870 2678 10762
2678 3870 10762
10762 2678 3870
8185 2390 14016
2390 8185 14016
14016 2390 8185
4373 7791 14730
14730 4373 7791
7791 4373 14730
11777 1940 11530
1940 11530 11777
11530 1940 11777
14002 7833 14718
7833 14002 14718
14718 7833 14002
10969 4478 13917
4478 10969 13917
13917 4478 10969
10451 8257 8748
8748 8257 10451
8257 8748 10451
9589 6622 14298
6622 9589 14298
14298 6622 9589
8734 14075 14966
14966 8734 14075
14075 8734 14966
12077 2282 3014
2282 3014 12077
3014 2282 12077
6818 12330 13141
13141 6818 12330
12330 6818 13141
8163 5013 11007
5013 8163 11007
11007 5013 8163
4200 2801 3950
3950 2801 4200
2801 3950 4200
6254 13534 14022
14022 6254 13534
13534 6254 14022
4016 255 5818
5818 255 4016
255 4016 5818
10977 10968 10993
10993 10968 10977
10968 10977 10993
11489 7158 7299
7299 7158 11489
7158 7299 11489
13753 12907 14315
14315 12907 13753
12907 13753 14315
11424 5727 8472
5727 8472 11424
8472 5727 11424
7111 1550 2394
1550 2394 7111
2394 1550 7111
4118 823 1592
1592 823 4118
823 1592 4118
3137 1707 11499
11499 1707 3137
1707 3137 11499
2749 2876 7202
2876 2749 7202
7202 2749 2876
2062 2344 7730
2344 2062 7730
7730 2062 2344
12404 8729 10793
8729 10793 12404
10793 8729 12404
10935 714 6516
6516 714 10935
714 6516 10935
9244 4926 9914
9914 4926 9244
4926 9244 9914
5520 5056 7543
5056 5520 7543
7543 5056 5520
10658 3099 5219
5219 3099 10658
3099 5219 10658
747 10748 11642
10748 747 11642
11642 747 10748
1072 8651 10262
8651 1072 10262
10262 1072 8651
4440 12982 14203
12982 4440 14203
14203 4440 12982
4043 892 8112
892 4043 8112
8112 892 4043
14575 5782 14111
14111 5782 14575
5782 14111 14575
3616 1051 12611
12611 1051 3616
1051 3616 12611
13918 1888 2580
2580 1888 13918
1888 2580 13918
14171 1365 10916
10916 1365 14171
1365 10916 14171
3308 9158 9923
9923 3308 9158
9158 3308 9923
12048 1028 2087
2087 1028 12048
1028 2087 12048
8065 142 9594
142 8065 9594
9594 142 8065
13181 7199 12480
12480 7199 13181
7199 12480 13181
4758 13124 14119
13124 4758 14119
14119 4758 13124
4957 3655 12011
3655 4957 12011
12011 3655 4957
13162 6723 11656
6723 11656 13162
11656 6723 13162
8464 11089 11344
11344 8464 11089
11089 8464 11344
11358 1631 14292
14292 1631 11358
1631 11358 14292
11636 10596 12598
12598 10596 11636
10596 11636 12598
10067 1636 6348
1636 6348 10067
6348 1636 10067
13963 2714 12786
12786 2714 13963
2714 12786 13963
6049 4329 10923
4329 6049 10923
10923 4329 6049
13213 3827 6082
3827 6082 13213
6082 3827 13213
11299 2951 9993
2951 9993 11299
9993 2951 11299
14719 5942 11785
11785 5942 14719
5942 11785 14719
3485 1943 11734
11734 1943 3485
1943 3485 11734
12547 5606 9518
9518 5606 12547
5606 9518 12547
12869 5301 8623
5301 8623 12869
8623 5301 12869
8442 4368 9651
9651 4368 8442
4368 8442 9651
9282 5133 9200
9200 5133 9282
5133 9200 9282
6176 10 1406
1406 10 6176
10 1406 6176
13241 5696 6146
5696 6146 13241
6146 5696 13241
13841 933 12425
933 12425 13841
12425 933 13841
4267 1312 10544
1312 4267 10544
10544 1312 4267
7328 3084 11520
11520 3084 7328
3084 7328 11520
9038 2216 5558
2216 5558 9038
5558 2216 9038
9050 4798 12517
12517 4798 9050
4798 9050 12517
4558 3406 8364
8364 3406 4558
3406 4558 8364
11196 6544 11141
11141 6544 11196
6544 11141 11196
11430 7265 7423
7265 7423 11430
7423 7265 11430
9504 3865 10498
10498 3865 9504
3865 9504 10498
13116 2149 3886
2149 3886 13116
3886 2149 13116
2701 5149 9540
9540 2701 5149
5149 2701 9540
2836 8003 10344
10344 2836 8003
8003 2836 10344
13180 12495 14569
14569 12495 13180
12495 13180 14569
3123 9045 9710
9710 3123 9045
9045 3123 9710
11351 1151 1304
1151 1304 11351
1304 1151 11351
1897 1843 3370
1843 1897 3370
3370 1843 1897
5147 4237 14713
14713 4237 5147
4237 5147 14713
10611 1112 13062
13062 1112 10611
1112 10611 13062
11341 1654 4517
1654 4517 11341
4517 1654 11341
7664 10843 12338
12338 7664 10843
10843 7664 12338
476 6097 10123
6097 476 10123
10123 476 6097
10295 8000 8324
8000 8324 10295
8324 8000 10295
14717 176 4742
4742 176 14717
176 4742 14717
7435 7289 13965
13965 7289 7435
7289 7435 13965
12661 10718 12299
12299 10718 12661
10718 12299 12661
4417 1545 14282
1545 4417 14282
14282 1545 4417
13242 9808 12034
9808 12034 13242
12034 9808 13242
425 3909 11595
11595 425 3909
3909 425 11595
14545 4498 6511
4498 6511 14545
6511 4498 14545
14837 1061 9664
9664 1061 14837
1061 9664 14837
3927 7010 12233
12233 3927 7010
7010 3927 12233
1538 244 561
244 561 1538
561 244 1538
769 8731 9743
8731 769 9743
9743 769 8731
9614 4841 7553
4841 7553 9614
7553 4841 9614
8361 9042 14164
9042 8361 14164
14164 8361 9042
7777 10259 10329
10259 7777 10329
10329 7777 10259
14065 5461 9862
9862 5461 14065
5461 9862 14065
9060 3094 5870
3094 5870 9060
5870 3094 9060
153 13735 13977
13735 153 13977
13977 153 13735
727 283 9346
9346 283 727
283 727 9346
2191 2992 11197
2992 2191 11197
11197 2191 2992
557 9771 12129
9771 557 12129
12129 557 9771
8231 7300 9528
9528 7300 8231
7300 8231 9528
8053 1671 2346
2346 1671 8053
1671 2346 8053
12101 546 2620
2620 546 12101
546 2620 12101
2590 5953 14225
14225 2590 5953
5953 2590 14225
8968 4426 6875
4426 6875 8968
6875 4426 8968
7598 1661 12013
1661 7598 12013
12013 1661 7598
2626 6490 12703
6490 2626 12703
12703 2626 6490
11189 10629 10880
10629 10880 11189
10880 10629 11189
4950 1798 7247
1798 4950 7247
7247 1798 4950
1986 9657 14689
14689 1986 9657
9657 1986 14689
1038 3880 13157
3880 1038 13157
13157 1038 3880
8461 12589 13330
12589 8461 13330
13330 8461 12589
9483 7470 12331
12331 7470 9483
7470 9483 12331
9803 2020 3413
3413 2020 9803
2020 3413 9803
6406 2152 12081
12081 2152 6406
2152 6406 12081
11724 910 13578
910 11724 13578
13578 910 11724
5410 796 13296
13296 796 5410
796 5410 13296
11996 6619 14256
6619 11996 14256
14256 6619 11996
11410 7935 11055
7935 11055 11410
11055 7935 11410
6647 2085 9376
9376 2085 6647
2085 6647 9376
7697 6242 13399
13399 6242 7697
6242 7697 13399
2572 6270 12066
6270 2572 12066
12066 2572 6270
1399 3635 8831
8831 1399 3635
3635 1399 8831
4416 883 2287
883 2287 4416
2287 883 4416
14330 3237 4144
3237 4144 14330
4144 3237 14330
362 843 8682
843 362 8682
8682 362 843
13575 14553 14681
14681 13575 14553
14553 13575 14681
12064 5528 8724
5528 8724 12064
8724 5528 12064
3537 9287 11040
11040 3537 9287
9287 3537 11040
11423 5360 5677
5360 5677 11423
5677 5360 11423
14314 4459 6762
4459 6762 14314
6762 4459 14314
6120 11822 13153
13153 6120 11822
11822 6120 13153
4861 1535 13703
1535 4861 13703
13703 1535 4861
11925 333 6955
333 6955 11925
6955 333 11925
2504 624 11085
11085 624 2504
624 2504 11085
13861 7658 11953
7658 11953 13861
11953 7658 13861
658 439 12750
12750 439 658
439 658 12750
4013 4376 12235
4376 4013 12235
12235 4013 4376
11889 899 2050
899 2050 11889
2050 899 11889
11338 6166 9488
6166 9488 11338
9488 6166 11338
11793 2806 12937
12937 2806 11793
2806 11793 12937
9796 3479 4363
4363 3479 9796
3479 4363 9796
10961 1198 7248
1198 7248 10961
7248 1198 10961
14243 3572 4971
4971 3572 14243
3572 4971 14243
14306 663 10273
10273 663 14306
663 10273 14306
4644 4105 9807
4105 4644 9807
9807 4105 4644
3907 2451 12304
12304 2451 3907
2451 3907 12304
3008 5937 10220
5937 3008 10220
10220 3008 5937
3336 2661 10169
10169 2661 3336
2661 3336 10169
6600 4271 9374
4271 6600 9374
9374 4271 6600
13462 2682 5060
5060 2682 13462
2682 5060 13462
4396 4041 5383
5383 4041 4396
4041 4396 5383
8456 5205 11821
5205 8456 11821
11821 5205 8456
8504 5090 11877
11877 5090 8504
5090 8504 11877
7402 591 14384
14384 591 7402
591 7402 14384
12032 5550 6105
5550 6105 12032
6105 5550 12032
8677 3776 6487
3776 6487 8677
6487 3776 8677
11842 297 12270
12270 297 11842
297 11842 12270
13019 314 7661
314 7661 13019
7661 314 13019
4525 8168 10474
8168 4525 10474
10474 4525 8168
10247 1656 8835
1656 8835 10247
8835 1656 10247
4258 5491 11787
5491 4258 11787
11787 4258 5491
11297 2616 12859
2616 11297 12859
12859 2616 11297
6981 7772 10998
7772 6981 10998
10998 6981 7772
6695 2066 5432
5432 2066 6695
2066 5432 6695
2198 3246 4340
3246 2198 4340
4340 2198 3246
3755 10026 10370
10026 3755 10370
10370 3755 10026
9379 6929 14006
14006 6929 9379
6929 9379 14006
4647 9125 10628
9125 4647 10628
10628 4647 9125
12822 414 10385
414 10385 12822
10385 414 12822
994 5256 7368
7368 994 5256
5256 994 7368
4953 234 8737
234 4953 8737
8737 234 4953
5208 3652 11230
11230 3652 5208
3652 5208 11230
768 4682 14973
14973 768 4682
4682 768 14973
10774 6183 9065
6183 9065 10774
9065 6183 10774
9976 4232 6701
4232 6701 9976
6701 4232 9976
7892 9312 10476
9312 7892 10476
10476 7892 9312
12202 11241 12970
11241 12202 12970
12970 11241 12202
10488 1880 12409
12409 1880 10488
1880 10488 12409
893 5063 8075
8075 893 5063
5063 893 8075
1998 3797 7660
3797 1998 7660
7660 1998 3797
4343 6289 7651
6289 4343 7651
7651 4343 6289
5995 1772 6438
1772 5995 6438
6438 1772 5995
13943 11208 12195
11208 12195 13943
12195 11208 13943
7821 13020 14765
13020 7821 14765
14765 7821 13020
5104 757 11226
11226 757 5104
757 5104 11226
14892 2890 11937
2890 11937 14892
11937 2890 14892
9582 6724 9279
6724 9279 9582
9279 6724 9582
11713 776 3449
3449 776 11713
776 3449 11713
9753 8640 12812
12812 8640 9753
8640 9753 12812
2382 1403 13035
1403 2382 13035
13035 1403 2382
13523 13639 14987
13639 13523 14987
14987 13523 13639
4218 3189 3605
3605 3189 4218
3189 3605 4218
14473 4710 14453
4710 14453 14473
14453 4710 14473
10990 23 14107
23 10990 14107
14107 23 10990
3639 3339 11048
11048 3339 3639
3339 3639 11048
2937 7205 8376
8376 2937 7205
7205 2937 8376
12536 2513 14391
2513 12536 14391
14391 2513 12536
1087 10967 11687
11687 1087 10967
10967 1087 11687
7190 10265 14982
14982 7190 10265
10265 7190 14982
12192 4311 7365
7365 4311 12192
4311 7365 12192
6655 8901 14891
8901 6655 14891
14891 6655 8901
4800 353 10429
353 4800 10429
10429 353 4800
9195 9400 14739
9400 9195 14739
14739 9195 9400
5849 9491 10246
9491 5849 10246
10246 5849 9491
14875 10948 14683
14683 10948 14875
10948 14683 14875
2738 4269 13550
4269 2738 13550
13550 2738 4269
12645 6759 6985
6759 6985 12645
6985 6759 12645
10656 8189 13006
13006 8189 10656
8189 10656 13006
10727 6591 13828
6591 10727 13828
13828 6591 10727
1022 1520 12321
1520 1022 12321
12321 1022 1520
2621 6202 7179
7179 2621 6202
6202 2621 7179
8681 2664 10190
2664 8681 10190
10190 2664 8681
335 10743 13378
10743 335 13378
13378 335 10743
7860 547 7793
7793 547 7860
547 7793 7860
11993 3922 7081
7081 3922 11993
3922 7081 11993
504 1766 6872
6872 504 1766
1766 504 6872
13998 1466 4181
4181 1466 13998
1466 4181 13998
14665 10591 13317
13317 10591 14665
10591 13317 14665
13354 9402 11666
11666 9402 13354
9402 11666 13354
62 4208 12992
4208 62 12992
12992 62 4208
1035 5888 7812
7812 1035 5888
5888 1035 7812
3211 461 6890
461 3211 6890
6890 461 3211
4610 14437 14523
14523 4610 14437
14437 4610 14523
13246 1603 1817
1603 1817 13246
1817 1603 13246
3898 9241 10074
10074 3898 9241
9241 3898 10074
2138 5779 8991
5779 2138 8991
8991 2138 5779
4210 10192 11779
11779 4210 10192
10192 4210 11779
1565 806 14290
806 1565 14290
14290 806 1565
7404 12814 14529
14529 7404 12814
12814 7404 14529
14801 7848 9915
9915 7848 14801
7848 9915 14801
12088 9679 14239
14239 9679 12088
9679 12088 14239
10922 344 11823
11823 344 10922
344 10922 11823
391 8001 14281
8001 391 14281
14281 391 8001
9811 6614 7107
7107 6614 9811
6614 7107 9811
1981 8620 11277
8620 1981 11277
11277 1981 8620
2078 5117 12269
12269 2078 5117
5117 2078 12269
14068 1703 14731
14731 1703 14068
1703 14068 14731
10715 3066 4560
4560 3066 10715
3066 4560 10715
4297 2965 7805
2965 4297 7805
7805 2965 4297
14610 8598 11458
11458 8598 14610
8598 11458 14610
9240 3901 11285
11285 3901 9240
3901 9240 11285
12637 1193 9093
1193 9093 12637
9093 1193 12637
3607 2447 7601
2447 3607 7601
7601 2447 3607
11047 4512 5372
4512 5372 11047
5372 4512 11047
6456 1659 11836
1659 6456 11836
11836 1659 6456
105 12769 12842
12842 105 12769
12769 105 12842
14808 4793 14124
4793 14124 14808
14124 4793 14808
13884 125 5114
125 5114 13884
5114 125 13884
6001 3640 14742
14742 3640 6001
3640 6001 14742
3813 8966 13870
13870 3813 8966
8966 3813 13870
4995 5034 14322
5034 4995 14322
14322 4995 5034
4235 6272 7204
7204 4235 6272
6272 4235 7204
3712 7473 11311
7473 3712 11311
11311 3712 7473
11291 4550 6538
4550 6538 11291
6538 4550 11291
8672 2335 9588
2335 8672 9588
9588 2335 8672
3111 5176 11256
11256 3111 5176
5176 3111 11256
1844 8022 8192
8192 1844 8022
8022 1844 8192
165 5309 8162
8162 165 5309
5309 165 8162
5867 3848 14245
3848 5867 14245
14245 3848 5867
14085 5286 5586
5286 5586 14085
5586 5286 14085
11998 1557 3763
3763 1557 11998
1557 3763 11998
10491 1653 6018
1653 6018 10491
6018 1653 10491
5557 8939 13850
8939 5557 13850
13850 5557 8939
10657 8808 14200
14200 8808 10657
8808 10657 14200
6990 2249 9606
2249 6990 9606
9606 2249 6990
5857 3115 7143
7143 3115 5857
3115 5857 7143
10070 360 14535
360 10070 14535
14535 360 10070
14960 13070 14120
14120 13070 14960
13070 14120 14960
11600 863 10275
10275 863 11600
863 10275 11600
10873 5774 11772
5774 10873 11772
11772 5774 10873
5769 7228 14631
14631 5769 7228
7228 5769 14631
6201 3658 13893
13893 3658 6201
3658 6201 13893
1191 6107 7126
6107 1191 7126
7126 1191 6107
14822 7562 13235
7562 13235 14822
13235 7562 14822
9530 5118 13038
13038 5118 9530
5118 9530 13038
10404 6154 14036
14036 6154 10404
6154 10404 14036
8856 1747 4202
4202 1747 8856
1747 4202 8856
11008 586 2803
586 2803 11008
2803 586 11008
3313 322 11740
322 3313 11740
11740 322 3313
2233 8573 12591
8573 2233 12591
12591 2233 8573
5882 1364 4481
4481 1364 5882
1364 4481 5882
3739 10579 12035
10579 3739 12035
12035 3739 10579
10283 3119 3195
3195 3119 10283
3119 3195 10283
1047 7233 10872
10872 1047 7233
7233 1047 10872
7191 2651 9348
2651 7191 9348
9348 2651 7191
12493 2485 4960
2485 4960 12493
4960 2485 12493
10289 12430 14405
14405 10289 12430
12430 10289 14405
6402 4119 12702
4119 6402 12702
12702 4119 6402
12585 8295 9683
9683 8295 12585
8295 9683 12585
11751 11156 13415
13415 11156 11751
11156 11751 13415
12947 1351 7817
7817 1351 12947
1351 7817 12947
9665 2829 11765
2829 9665 11765
11765 2829 9665
12344 646 7944
7944 646 12344
646 7944 12344
1591 180 3209
180 1591 3209
3209 180 1591
14185 1867 8972
8972 1867 14185
1867 8972 14185
13216 5178 13960
5178 13216 13960
13960 5178 13216
8191 9097 9622
9097 8191 9622
9622 8191 9097
9181 929 6531
6531 929 9181
929 6531 9181
13347 7426 11976
11976 7426 13347
7426 11976 13347
11547 2400 4250
2400 4250 11547
4250 2400 11547
4023 10852 14521
14521 4023 10852
10852 4023 14521
5801 10644 12681
10644 5801 12681
12681 5801 10644
1522 4919 10653
10653 1522 4919
4919 1522 10653
3511 4791 6787
4791 3511 6787
6787 3511 4791
10181 7459 10001
7459 10001 10181
10001 7459 10181
1683 636 7393
636 1683 7393
7393 636 1683
7403 393 9007
393 7403 9007
9007 393 7403
8657 4674 10472
4674 8657 10472
10472 4674 8657
11617 7093 14728
14728 7093 11617
7093 11617 14728
11711 5861 13400
5861 11711 13400
13400 5861 11711
11875 9556 14160
14160 9556 11875
9556 11875 14160
4720 4007 8200
8200 4007 4720
4007 4720 8200
3399 703 6004
6004 703 3399
703 3399 6004
1015 641 8315
641 1015 8315
8315 641 1015
9107 1158 12887
1158 9107 12887
12887 1158 9107
13820 10802 11511
11511 10802 13820
10802 11511 13820
5385 14832 14909
14832 5385 14909
14909 5385 14832
10242 4703 8467
4703 8467 10242
8467 4703 10242
4870 5412 9901
9901 4870 5412
5412 4870 9901
8071 1854 3649
1854 3649 8071
3649 1854 8071
2314 9464 10366
9464 2314 10366
10366 2314 9464
2861 9370 14141
14141 2861 9370
9370 2861 14141
8079 7428 11335
7428 8079 11335
11335 7428 8079
3595 1216 8052
1216 3595 8052
8052 1216 3595
1465 8054 10960
8054 1465 10960
10960 1465 8054
14976 3481 8468
3481 8468 14976
8468 3481 14976
14668 3131 10580
10580 3131 14668
3131 10580 14668
13029 4648 11121
11121 4648 13029
4648 11121 13029
10909 2954 7006
2954 7006 10909
7006 2954 10909
70 620 2844
620 70 2844
2844 70 620
14008 11150 13579
13579 11150 14008
11150 13579 14008
11136 889 10768
10768 889 11136
889 10768 11136
9907 10952 14286
14286 9907 10952
10952 9907 14286
11832 2204 6569
2204 6569 11832
6569 2204 11832
7970 7495 14771
14771 7495 7970
7495 7970 14771
358 521 10230
10230 358 521
521 358 10230
14687 2219 13899
13899 2219 14687
2219 13899 14687
9839 47 8429
47 8429 9839
8429 47 9839
3047 9023 13694
9023 3047 13694
13694 3047 9023
5843 6541 12523
12523 5843 6541
6541 5843 12523
7716 2075 9619
2075 7716 9619
9619 2075 7716
6513 5790 11306
5790 6513 11306
11306 5790 6513
3359 604 14778
604 3359 14778
14778 604 3359
6651 3679 8290
8290 3679 6651
3679 6651 8290
520 8179 8337
8179 520 8337
8337 520 8179
9795 4568 12134
4568 9795 12134
12134 4568 9795
9928 5758 14105
14105 5758 9928
5758 9928 14105
8888 20 6492
20 6492 8888
6492 20 8888
10215 5000 14117
14117 5000 10215
5000 10215 14117
6751 3598 7439
7439 3598 6751
3598 6751 7439
6170 3984 12856
12856 3984 6170
3984 6170 12856
6155 3524 8377
8377 3524 6155
3524 6155 8377
8912 185 837
185 837 8912
837 185 8912
12263 7375 8526
7375 8526 12263
8526 7375 12263
3432 3045 11152
