4628 2572 16520
2572 4628 16520
16520 2572 4628
16726 18158 19394
19394 16726 18158
18158 16726 19394
544 11530 21749
21749 544 11530
11530 544 21749
727 1642 8968
8968 727 1642
1642 727 8968
22439 24340 26406
24340 22439 26406
26406 22439 24340
1235 1567 27632
1567 1235 27632
27632 1235 1567
8792 142 11126
11126 142 8792
142 8792 11126
17135 6443 23991
23991 6443 17135
6443 17135 23991
14241 25722 27090
27090 14241 25722
25722 14241 27090
868 21908 26253
26253 868 21908
21908 868 26253
6499 6486 19278
19278 6486 6499
6486 6499 19278
16677 7244 8067
7244 8067 16677
8067 7244 16677
9888 2208 25920
2208 9888 25920
25920 2208 9888
4769 6781 10314
10314 4769 6781
6781 4769 10314
1547 10884 19285
19285 1547 10884
10884 1547 19285
24023 16181 26450
16181 24023 26450
26450 16181 24023
16614 26267 26293
26267 16614 26293
26293 16614 26267
10352 1026 4116
1026 4116 10352
4116 1026 10352
17573 21574 29401
29401 17573 21574
21574 17573 29401
3347 16636 29368
29368 3347 16636
16636 3347 29368
19941 2044 5974
5974 2044 19941
2044 5974 19941
24529 11933 15673
11933 15673 24529
15673 11933 24529
20919 5350 22255
5350 20919 22255
22255 5350 20919
14277 8395 18462
18462 8395 14277
8395 14277 18462
23576 5968 26206
26206 5968 23576
5968 23576 26206
15457 22968 28139
22968 15457 28139
28139 15457 22968
20818 12025 22644
12025 20818 22644
22644 12025 20818
5054 24869 26554
26554 5054 24869
24869 5054 26554
13496 4641 21807
4641 13496 21807
21807 4641 13496
27543 5450 7233
5450 7233 27543
7233 5450 27543
23315 6416 27352
6416 23315 27352
27352 6416 23315
17658 3804 9776
3804 9776 17658
9776 3804 17658
6082 3648 25459
25459 3648 6082
3648 6082 25459
8540 15380 21883
21883 8540 15380
15380 8540 21883
28394 2877 21774
21774 2877 28394
2877 21774 28394
1580 5942 10347
10347 1580 5942
5942 1580 10347
25208 5500 13483
13483 5500 25208
5500 13483 25208
21398 22556 29863
29863 21398 22556
22556 21398 29863
29561 3847 11424
3847 11424 29561
11424 3847 29561
21305 10518 22463
10518 21305 22463
22463 10518 21305
18599 23391 27428
23391 18599 27428
27428 18599 23391
4003 839 17120
17120 839 4003
839 4003 17120
2441 2258 17093
2258 2441 17093
17093 2258 2441
7499 23923 27221
23923 7499 27221
27221 7499 23923
13780 11201 14937
11201 13780 14937
14937 11201 13780
26363 19665 24071
24071 19665 26363
19665 24071 26363
14127 15000 17459
15000 14127 17459
17459 14127 15000
1467 10389 22010
22010 1467 10389
10389 1467 22010
5772 2355 23543
23543 2355 5772
2355 5772 23543
18656 15704 25572
15704 18656 25572
25572 15704 18656
29059 7937 9201
9201 7937 29059
7937 9201 29059
3261 12059 25461
25461 3261 12059
12059 3261 25461
4629 8650 28115
28115 4629 8650
8650 4629 28115
3356 112 6342
6342 112 3356
112 3356 6342
24260 17515 18727
17515 18727 24260
18727 17515 24260
14137 7031 25237
25237 7031 14137
7031 14137 25237
22504 2242 25177
2242 22504 25177
25177 2242 22504
6889 12558 25413
12558 6889 25413
25413 6889 12558
11024 5233 25439
5233 11024 25439
25439 5233 11024
20605 2908 7916
2908 7916 20605
7916 2908 20605
111 24566 26938
24566 111 26938
26938 111 24566
1821 6553 12713
6553 1821 12713
12713 1821 6553
14485 8579 20986
8579 14485 20986
20986 8579 14485
6768 12378 23128
12378 6768 23128
23128 6768 12378
26880 10243 26929
26929 10243 26880
10243 26880 26929
22164 2119 26592
2119 22164 26592
26592 2119 22164
17543 15934 16292
16292 15934 17543
15934 16292 17543
7122 10980 13435
13435 7122 10980
10980 7122 13435
16285 4039 23764
4039 16285 23764
23764 4039 16285
29115 16689 22123
22123 16689 29115
16689 22123 29115
3463 19946 24887
24887 3463 19946
19946 3463 24887
20000 15203 24620
24620 15203 20000
15203 20000 24620
4479 13112 15796
15796 4479 13112
13112 4479 15796
28112 17401 21260
21260 17401 28112
17401 21260 28112
4554 6338 7579
6338 4554 7579
7579 4554 6338
6840 7141 27161
27161 6840 7141
7141 6840 27161
17113 10228 20085
10228 17113 20085
20085 10228 17113
9807 14743 27174
14743 9807 27174
27174 9807 14743
18243 26184 26228
26228 18243 26184
26184 18243 26228
24242 4262 7324
7324 4262 24242
4262 7324 24242
27435 4719 17285
4719 17285 27435
17285 4719 27435
15353 12477 21215
21215 12477 15353
12477 15353 21215
7754 20768 28024
20768 7754 28024
28024 7754 20768
4828 12966 13223
12966 4828 13223
13223 4828 12966
21815 10809 11179
11179 10809 21815
10809 11179 21815
21560 14772 27978
27978 14772 21560
14772 21560 27978
28355 18104 29541
29541 18104 28355
18104 28355 29541
21424 11502 12834
11502 12834 21424
12834 11502 21424
18082 2102 14456
14456 2102 18082
2102 14456 18082
6943 26022 27005
26022 6943 27005
27005 6943 26022
8281 19814 20391
19814 8281 20391
20391 8281 19814
11827 15909 21764
21764 11827 15909
15909 11827 21764
25127 10618 25601
25601 10618 25127
10618 25127 25601
22053 9152 16635
16635 9152 22053
9152 16635 22053
18407 17036 24680
24680 17036 18407
17036 18407 24680
29837 1622 21599
21599 1622 29837
1622 21599 29837
233 7469 22028
7469 233 22028
22028 233 7469
11743 25995 28401
28401 11743 25995
25995 11743 28401
14205 2529 3515
2529 3515 14205
3515 2529 14205
6767 12237 19025
19025 6767 12237
12237 6767 19025
9952 8762 10217
10217 8762 9952
8762 9952 10217
23256 14573 27775
27775 14573 23256
14573 23256 27775
27508 8302 14263
14263 8302 27508
8302 14263 27508
12650 10933 19979
10933 12650 19979
19979 10933 12650
18249 11623 26708
26708 11623 18249
11623 18249 26708
8290 6296 8918
8918 6296 8290
6296 8290 8918
9877 27512 29597
27512 9877 29597
29597 9877 27512
8564 11675 27828
27828 8564 11675
11675 8564 27828
15221 14036 22457
22457 14036 15221
14036 15221 22457
18086 53 15793
15793 53 18086
53 15793 18086
19414 8887 28647
28647 8887 19414
8887 19414 28647
14366 7710 20028
7710 14366 20028
20028 7710 14366
26901 2356 2440
2440 2356 26901
2356 2440 26901
1363 4153 9464
4153 1363 9464
9464 1363 4153
11817 7704 17300
7704 11817 17300
17300 7704 11817
24365 15002 16628
15002 16628 24365
16628 15002 24365
28483 15158 18204
18204 15158 28483
15158 18204 28483
17376 658 12176
12176 658 17376
658 12176 17376
18026 579 12922
579 12922 18026
12922 579 18026
9637 969 18083
18083 969 9637
969 9637 18083
7585 11171 22583
11171 7585 22583
22583 7585 11171
141 8430 19557
19557 141 8430
8430 141 19557
3395 21885 29631
21885 3395 29631
29631 3395 21885
23718 11341 15965
15965 11341 23718
11341 15965 23718
14 15432 29428
15432 14 29428
29428 14 15432
29105 749 23389
23389 749 29105
749 23389 29105
21665 12666 22366
22366 12666 21665
12666 21665 22366
27671 520 21987
520 21987 27671
21987 520 27671
4217 2960 20055
2960 4217 20055
20055 2960 4217
18397 1195 21254
1195 18397 21254
21254 1195 18397
25876 3542 20183
3542 20183 25876
20183 3542 25876
13053 13085 14827
14827 13053 13085
13085 13053 14827
22126 6640 7033
7033 6640 22126
6640 7033 22126
18808 12684 16372
12684 16372 18808
16372 12684 18808
24803 1643 18482
18482 1643 24803
1643 18482 24803
7412 9150 21824
9150 7412 21824
21824 7412 9150
8667 13329 21086
21086 8667 13329
13329 8667 21086
6503 8536 27534
8536 6503 27534
27534 6503 8536
12300 13132 18769
13132 12300 18769
18769 12300 13132
2142 8570 21892
21892 2142 8570
8570 2142 21892
3229 6908 28064
28064 3229 6908
6908 3229 28064
3444 11313 25541
25541 3444 11313
11313 3444 25541
3599 10048 21236
21236 3599 10048
10048 3599 21236
15340 2392 6252
2392 6252 15340
6252 2392 15340
17728 3556 6101
3556 6101 17728
6101 3556 17728
25759 11775 20709
11775 20709 25759
20709 11775 25759
18315 17097 17149
17149 17097 18315
17097 17149 18315
12416 6588 14900
6588 12416 14900
14900 6588 12416
18234 2317 16291
16291 2317 18234
2317 16291 18234
28255 4453 22376
22376 4453 28255
4453 22376 28255
1576 24832 27566
24832 1576 27566
27566 1576 24832
27776 5474 17860
17860 5474 27776
5474 17860 27776
5748 3925 11491
11491 3925 5748
3925 5748 11491
14933 4456 25169
25169 4456 14933
4456 14933 25169
17052 9050 29384
9050 17052 29384
29384 9050 17052
22292 19988 25145
25145 19988 22292
19988 22292 25145
25846 16616 27741
27741 16616 25846
16616 25846 27741
20262 17580 17585
17580 17585 20262
17585 17580 20262
23603 4522 23659
4522 23603 23659
23659 4522 23603
23794 2676 24139
24139 2676 23794
2676 23794 24139
20876 7323 25276
25276 7323 20876
7323 20876 25276
14817 8872 16492
8872 14817 16492
16492 8872 14817
24871 26997 27310
27310 24871 26997
26997 24871 27310
5995 11793 27179
11793 5995 27179
27179 5995 11793
21098 4050 25513
25513 4050 21098
4050 21098 25513
24532 6408 15967
6408 15967 24532
15967 6408 24532
21296 9295 18573
18573 9295 21296
9295 18573 21296
12795 14810 24903
14810 12795 24903
24903 12795 14810
2937 8932 13288
13288 2937 8932
8932 2937 13288
14620 21772 29330
21772 14620 29330
29330 14620 21772
4109 3905 4797
3905 4109 4797
4797 3905 4109
21317 15401 26707
15401 21317 26707
26707 15401 21317
22219 9953 28968
28968 9953 22219
9953 22219 28968
29657 3312 26573
3312 26573 29657
26573 3312 29657
27012 14342 18460
14342 18460 27012
18460 14342 27012
27468 819 13573
819 13573 27468
13573 819 27468
28752 15947 29555
15947 28752 29555
29555 15947 28752
5352 19397 22249
22249 5352 19397
19397 5352 22249
24737 11266 18366
18366 11266 24737
11266 18366 24737
20331 19393 27625
19393 20331 27625
27625 19393 20331
24073 7625 8344
8344 7625 24073
7625 8344 24073
18506 8892 14219
8892 14219 18506
14219 8892 18506
16076 17309 19887
19887 16076 17309
17309 16076 19887
13716 3003 11533
3003 11533 13716
11533 3003 13716
6037 1485 13884
1485 6037 13884
13884 1485 6037
5335 13607 24466
24466 5335 13607
13607 5335 24466
21959 4279 11828
4279 11828 21959
11828 4279 21959
5764 2264 7307
7307 2264 5764
2264 5764 7307
5600 24209 27810
27810 5600 24209
24209 5600 27810
23252 7050 20474
20474 7050 23252
7050 20474 23252
29193 4850 21496
4850 21496 29193
21496 4850 29193
22953 4088 8727
4088 8727 22953
8727 4088 22953
2030 3548 5978
5978 2030 3548
3548 2030 5978
5694 2604 25893
25893 2604 5694
2604 5694 25893
25870 20357 26375
20357 25870 26375
26375 20357 25870
8583 1100 24662
24662 1100 8583
1100 8583 24662
16563 11794 18150
18150 11794 16563
11794 16563 18150
6933 28562 29339
28562 6933 29339
29339 6933 28562
11833 2437 10981
2437 10981 11833
10981 2437 11833
11987 10011 26157
10011 11987 26157
26157 10011 11987
3565 5372 28399
5372 3565 28399
28399 3565 5372
18409 14638 15596
15596 14638 18409
14638 15596 18409
2163 3190 6494
3190 2163 6494
6494 2163 3190
20388 4894 17999
17999 4894 20388
4894 17999 20388
23682 16709 29002
16709 23682 29002
29002 16709 23682
2663 9126 25500
25500 2663 9126
9126 2663 25500
19910 10823 13393
10823 13393 19910
13393 10823 19910
13641 5921 28853
5921 13641 28853
28853 5921 13641
21623 22883 24085
24085 21623 22883
22883 21623 24085
24138 7771 18358
7771 18358 24138
18358 7771 24138
6556 17744 26781
26781 6556 17744
17744 6556 26781
9483 3661 7189
3661 7189 9483
7189 3661 9483
17802 4950 5447
5447 4950 17802
4950 5447 17802
3079 21520 26595
21520 3079 26595
26595 3079 21520
8758 153 15282
153 8758 15282
15282 153 8758
11034 393 2246
393 2246 11034
2246 393 11034
10013 1481 21391
21391 1481 10013
1481 10013 21391
8893 6814 11258
6814 8893 11258
11258 6814 8893
1402 8950 11915
11915 1402 8950
8950 1402 11915
10848 6656 27449
6656 10848 27449
27449 6656 10848
28111 1537 24845
1537 24845 28111
24845 1537 28111
20576 20475 27102
20475 20576 27102
27102 20475 20576
28381 4775 15551
4775 15551 28381
15551 4775 28381
27364 16970 28469
16970 27364 28469
28469 16970 27364
18694 9601 24259
9601 18694 24259
24259 9601 18694
5092 4229 24134
4229 5092 24134
24134 4229 5092
14269 7041 25528
7041 14269 25528
25528 7041 14269
6878 9959 16672
9959 6878 16672
16672 6878 9959
1518 137 18449
18449 137 1518
137 1518 18449
16106 9399 14188
9399 14188 16106
14188 9399 16106
19320 7601 26497
7601 19320 26497
26497 7601 19320
23352 2701 9560
9560 2701 23352
2701 9560 23352
662 1586 12291
12291 662 1586
1586 662 12291
18839 3047 27844
3047 18839 27844
27844 3047 18839
24633 5877 27971
5877 24633 27971
27971 5877 24633
11105 6477 23828
23828 6477 11105
6477 11105 23828
23201 329 1730
1730 329 23201
329 1730 23201
14308 7945 14702
7945 14308 14702
14702 7945 14308
18176 16510 27579
27579 16510 18176
16510 18176 27579
20532 18039 22476
22476 18039 20532
18039 20532 22476
19827 5722 11989
5722 11989 19827
11989 5722 19827
26752 2162 18049
18049 2162 26752
2162 18049 26752
25302 2888 18891
18891 2888 25302
2888 18891 25302
11943 5105 10871
10871 5105 11943
5105 10871 11943
19464 18612 28715
18612 19464 28715
28715 18612 19464
25813 10714 20011
20011 10714 25813
10714 20011 25813
6470 21848 25911
21848 6470 25911
25911 6470 21848
23397 12726 20229
20229 12726 23397
12726 20229 23397
13406 5084 19051
19051 5084 13406
5084 13406 19051
11002 444 7892
7892 444 11002
444 7892 11002
12288 1108 27832
1108 12288 27832
27832 1108 12288
16188 6479 14519
6479 14519 16188
14519 6479 16188
25245 1778 25896
1778 25245 25896
25896 1778 25245
22664 410 22560
22560 410 22664
410 22560 22664
17711 6739 22440
22440 6739 17711
6739 17711 22440
26680 9912 25716
25716 9912 26680
9912 25716 26680
2574 7805 22850
7805 2574 22850
22850 2574 7805
18068 2384 9254
2384 9254 18068
9254 2384 18068
11658 2655 13216
13216 2655 11658
2655 11658 13216
24722 9072 24522
24522 9072 24722
9072 24522 24722
1197 2761 16362
2761 1197 16362
16362 1197 2761
13986 12963 18822
12963 13986 18822
18822 12963 13986
9388 556 29427
29427 556 9388
556 9388 29427
27811 3166 22972
3166 22972 27811
22972 3166 27811
29346 12742 17587
12742 17587 29346
17587 12742 29346
15078 5354 15758
5354 15078 15758
15758 5354 15078
24287 15206 28760
15206 24287 28760
28760 15206 24287
16419 20145 22326
22326 16419 20145
20145 16419 22326
24928 314 10990
314 10990 24928
10990 314 24928
15080 7698 22177
22177 7698 15080
7698 15080 22177
7833 221 8574
8574 221 7833
221 7833 8574
1027 3691 13832
13832 1027 3691
3691 1027 13832
18745 2530 28979
2530 18745 28979
28979 2530 18745
3663 8265 26496
26496 3663 8265
8265 3663 26496
19924 15632 24439
24439 15632 19924
15632 19924 24439
9084 2465 26839
2465 9084 26839
26839 2465 9084
11292 4735 21941
21941 4735 11292
4735 11292 21941
14954 11847 15735
15735 11847 14954
11847 14954 15735
372 4939 19621
4939 372 19621
19621 372 4939
3066 3370 21396
21396 3066 3370
3370 3066 21396
28610 3374 29079
29079 3374 28610
3374 28610 29079
26933 3371 29656
3371 26933 29656
29656 3371 26933
10050 5969 17403
5969 10050 17403
17403 5969 10050
16229 26300 26711
26711 16229 26300
26300 16229 26711
6567 17981 18643
18643 6567 17981
17981 6567 18643
15027 5837 12134
12134 5837 15027
5837 12134 15027
19624 4175 18265
18265 4175 19624
4175 18265 19624
10293 9054 29312
9054 10293 29312
29312 9054 10293
4121 18517 18965
18517 4121 18965
18965 4121 18517
13810 345 21030
345 13810 21030
21030 345 13810
8103 9076 13105
13105 8103 9076
9076 8103 13105
6962 2693 14885
14885 2693 6962
2693 6962 14885
9829 20120 23106
23106 9829 20120
20120 9829 23106
11421 15100 18041
18041 11421 15100
15100 11421 18041
28436 11713 21513
11713 21513 28436
21513 11713 28436
12405 4752 28885
28885 4752 12405
4752 12405 28885
27358 8817 24556
8817 24556 27358
24556 8817 27358
25401 21025 24743
24743 21025 25401
21025 24743 25401
10621 15829 29120
15829 10621 29120
29120 10621 15829
5043 23176 24027
23176 5043 24027
24027 5043 23176
7914 26970 27289
26970 7914 27289
27289 7914 26970
6898 7769 12321
7769 6898 12321
12321 6898 7769
5481 6634 25649
6634 5481 25649
25649 5481 6634
26889 18093 22094
18093 22094 26889
22094 18093 26889
26344 5535 23880
23880 5535 26344
5535 23880 26344
21741 12494 16204
16204 12494 21741
12494 16204 21741
4780 12489 27753
27753 4780 12489
12489 4780 27753
29028 1422 10159
10159 1422 29028
1422 10159 29028
14563 6465 11850
6465 11850 14563
11850 6465 14563
13653 20833 28037
28037 13653 20833
20833 13653 28037
3635 10111 26451
10111 3635 26451
26451 3635 10111
3699 3848 22133
22133 3699 3848
3848 3699 22133
5393 2164 4692
4692 2164 5393
2164 4692 5393
1529 11289 20874
11289 1529 20874
20874 1529 11289
7432 19826 29839
19826 7432 29839
29839 7432 19826
4394 14678 26088
26088 4394 14678
14678 4394 26088
17379 565 27475
565 17379 27475
27475 565 17379
20387 8052 23309
8052 20387 23309
23309 8052 20387
4518 123 16819
16819 123 4518
123 4518 16819
4232 3117 8669
8669 3117 4232
3117 4232 8669
16657 748 1744
1744 748 16657
748 1744 16657
9487 6153 28166
6153 9487 28166
28166 6153 9487
10704 1756 4746
1756 4746 10704
4746 1756 10704
25375 18340 21934
21934 18340 25375
18340 21934 25375
5036 20903 29362
20903 5036 29362
29362 5036 20903
10873 1234 9064
9064 1234 10873
1234 9064 10873
26100 12633 23189
23189 12633 26100
12633 23189 26100
12403 20179 20341
20179 12403 20341
20341 12403 20179
20616 23169 23321
23321 20616 23169
23169 20616 23321
24810 9702 23813
23813 9702 24810
9702 23813 24810
17493 17702 23917
17702 17493 23917
23917 17493 17702
27467 2064 19082
2064 19082 27467
19082 2064 27467
24143 11353 25444
25444 11353 24143
11353 24143 25444
3805 10390 14587
14587 3805 10390
10390 3805 14587
5840 3875 14844
3875 5840 14844
14844 3875 5840
16463 3651 4963
3651 4963 16463
4963 3651 16463
14330 3489 12024
12024 3489 14330
3489 12024 14330
6067 13458 23510
13458 6067 23510
23510 6067 13458
10654 20794 28283
20794 10654 28283
28283 10654 20794
10080 1633 2861
2861 1633 10080
1633 2861 10080
15160 20508 27197
27197 15160 20508
20508 15160 27197
26317 20185 27794
27794 20185 26317
20185 26317 27794
24087 1078 3754
3754 1078 24087
1078 3754 24087
26582 24863 28928
24863 26582 28928
28928 24863 26582
16850 4845 24380
24380 4845 16850
4845 16850 24380
23130 19313 24924
24924 19313 23130
19313 23130 24924
796 9043 14719
14719 796 9043
9043 796 14719
20559 9206 29755
9206 20559 29755
29755 9206 20559
4539 11562 18004
11562 4539 18004
18004 4539 11562
8522 7071 24151
7071 8522 24151
24151 7071 8522
1914 8035 9779
9779 1914 8035
8035 1914 9779
26750 4993 8015
4993 8015 26750
8015 4993 26750
14331 3600 14358
14358 3600 14331
3600 14331 14358
10237 12855 25949
12855 10237 25949
25949 10237 12855
27709 21283 23466
23466 21283 27709
21283 23466 27709
7796 16505 24812
24812 7796 16505
16505 7796 24812
11465 18362 27803
27803 11465 18362
18362 11465 27803
9730 14616 29768
14616 9730 29768
29768 9730 14616
25387 10845 15663
10845 15663 25387
15663 10845 25387
13241 12505 12732
12505 12732 13241
12732 12505 13241
1442 22612 27993
27993 1442 22612
22612 1442 27993
8703 11837 14491
11837 8703 14491
14491 8703 11837
26863 9654 23245
23245 9654 26863
9654 23245 26863
25156 21050 29092
21050 25156 29092
29092 21050 25156
27078 4635 13432
13432 4635 27078
4635 13432 27078
23518 4150 14600
4150 14600 23518
14600 4150 23518
9801 8353 17092
8353 9801 17092
17092 8353 9801
18740 21668 29221
21668 18740 29221
29221 18740 21668
28347 26021 28851
28851 26021 28347
26021 28347 28851
14423 14670 25549
25549 14423 14670
14670 14423 25549
16008 1134 22799
1134 16008 22799
22799 1134 16008
1508 818 17948
17948 818 1508
818 1508 17948
26392 10605 15097
15097 10605 26392
10605 15097 26392
3338 16281 18610
18610 3338 16281
16281 3338 18610
23557 674 4750
674 4750 23557
4750 674 23557
12847 2315 7023
2315 7023 12847
7023 2315 12847
14155 7131 12036
7131 12036 14155
12036 7131 14155
1483 6621 28581
28581 1483 6621
6621 1483 28581
402 8690 14069
8690 402 14069
14069 402 8690
14688 7 10292
7 10292 14688
10292 7 14688
28253 2973 3186
2973 3186 28253
3186 2973 28253
26322 1926 3068
1926 3068 26322
3068 1926 26322
25429 4424 27592
4424 25429 27592
27592 4424 25429
1953 15645 26950
26950 1953 15645
15645 1953 26950
15292 21527 29901
21527 15292 29901
29901 15292 21527
6971 5227 10022
5227 6971 10022
10022 5227 6971
19763 4023 18177
4023 18177 19763
18177 4023 19763
7063 11418 13856
11418 7063 13856
13856 7063 11418
8374 22590 29139
29139 8374 22590
22590 8374 29139
4117 13454 23487
23487 4117 13454
13454 4117 23487
3218 5914 15164
5914 3218 15164
15164 3218 5914
8065 17490 19916
17490 8065 19916
19916 8065 17490
14085 5056 16565
16565 5056 14085
5056 14085 16565
23993 24754 26528
26528 23993 24754
24754 23993 26528
5951 16264 17422
17422 5951 16264
16264 5951 17422
25618 1432 25551
1432 25551 25618
25551 1432 25618
25719 1110 3015
3015 1110 25719
1110 3015 25719
14742 10053 18623
10053 14742 18623
18623 10053 14742
27554 17557 29276
29276 17557 27554
17557 27554 29276
20989 21304 27028
21304 20989 27028
27028 20989 21304
15178 2422 27485
27485 2422 15178
2422 15178 27485
1590 1476 29121
1476 1590 29121
29121 1476 1590
14298 5004 22878
22878 5004 14298
5004 14298 22878
10056 8550 20277
20277 8550 10056
8550 10056 20277
1677 10411 18632
10411 1677 18632
18632 1677 10411
25419 13746 27160
27160 13746 25419
13746 25419 27160
4301 18665 19637
18665 4301 19637
19637 4301 18665
25974 10477 29570
29570 10477 25974
10477 25974 29570
9875 6165 24371
24371 6165 9875
6165 9875 24371
19323 5976 24392
5976 19323 24392
24392 5976 19323
19911 4957 10849
10849 4957 19911
4957 10849 19911
29945 2950 23553
23553 2950 29945
2950 23553 29945
1664 1446 9721
1446 1664 9721
9721 1446 1664
10914 1287 4630
4630 1287 10914
1287 4630 10914
12177 22332 24122
22332 12177 24122
24122 12177 22332
2741 15369 21673
15369 2741 21673
21673 2741 15369
14514 6047 15835
6047 14514 15835
15835 6047 14514
4461 3496 8370
8370 3496 4461
3496 4461 8370
6946 14235 17837
17837 6946 14235
14235 6946 17837
26748 15465 28594
28594 15465 26748
15465 26748 28594
3684 17202 18117
17202 3684 18117
18117 3684 17202
10544 10188 23800
10188 10544 23800
23800 10188 10544
8993 1673 7963
7963 1673 8993
1673 7963 8993
2211 343 3026
3026 343 2211
343 2211 3026
26815 15423 18988
15423 18988 26815
18988 15423 26815
17413 10451 15567
15567 10451 17413
10451 15567 17413
3436 2229 14798
2229 3436 14798
14798 2229 3436
28716 7552 13023
7552 13023 28716
13023 7552 28716
15333 21077 27725
21077 15333 27725
27725 15333 21077
6305 2500 11648
2500 6305 11648
11648 2500 6305
1741 5017 8731
5017 1741 8731
8731 1741 5017
18847 12183 19022
12183 18847 19022
19022 12183 18847
12525 2485 21695
2485 12525 21695
21695 2485 12525
26126 4047 5249
4047 5249 26126
5249 4047 26126
1669 5198 12730
5198 1669 12730
12730 1669 5198
8611 6976 25818
6976 8611 25818
25818 6976 8611
14889 24567 26947
24567 14889 26947
26947 14889 24567
1882 6395 28484
6395 1882 28484
28484 1882 6395
13130 11739 16178
11739 13130 16178
16178 11739 13130
14328 11516 17420
17420 11516 14328
11516 14328 17420
6454 3350 9698
3350 6454 9698
9698 3350 6454
22052 4562 18363
18363 4562 22052
4562 18363 22052
23061 3017 28468
28468 3017 23061
3017 23061 28468
15375 3906 29468
3906 15375 29468
29468 3906 15375
15428 9685 26819
26819 9685 15428
9685 15428 26819
8227 20438 20917
20438 8227 20917
20917 8227 20438
14228 2431 17839
2431 14228 17839
17839 2431 14228
3257 6346 25610
25610 3257 6346
6346 3257 25610
3907 13414 27734
27734 3907 13414
13414 3907 27734
18465 6581 22592
22592 6581 18465
6581 18465 22592
27628 12852 27819
27819 12852 27628
12852 27628 27819
255 4500 18254
18254 255 4500
4500 255 18254
14170 11558 21919
21919 11558 14170
11558 14170 21919
745 9572 24410
9572 745 24410
24410 745 9572
15153 11592 21551
11592 15153 21551
21551 11592 15153
7738 16840 28740
28740 7738 16840
16840 7738 28740
11427 3610 20320
20320 3610 11427
3610 11427 20320
2825 1183 17234
17234 1183 2825
1183 2825 17234
10446 6700 23616
23616 6700 10446
6700 10446 23616
12783 1627 9651
9651 1627 12783
1627 9651 12783
25991 7289 14606
7289 14606 25991
14606 7289 25991
19448 19783 29998
29998 19448 19783
19783 19448 29998
13547 6869 9260
6869 9260 13547
9260 6869 13547
8289 16066 23722
16066 8289 23722
23722 8289 16066
7826 1876 23881
1876 7826 23881
23881 1876 7826
28453 7573 8909
8909 7573 28453
7573 8909 28453
28701 11486 20945
20945 11486 28701
11486 20945 28701
9735 14932 27123
14932 9735 27123
27123 9735 14932
8457 14446 25547
14446 8457 25547
25547 8457 14446
7028 16029 24464
24464 7028 16029
16029 7028 24464
2203 4934 29705
29705 2203 4934
4934 2203 29705
3658 15415 16859
15415 3658 16859
16859 3658 15415
22958 17061 20648
20648 17061 22958
17061 20648 22958
26530 7238 13403
7238 13403 26530
13403 7238 26530
26483 3212 27563
3212 26483 27563
27563 3212 26483
13860 6210 6884
6210 6884 13860
6884 6210 13860
25086 2816 16494
16494 2816 25086
2816 16494 25086
17083 17204 24368
17204 17083 24368
24368 17083 17204
16881 15414 20303
20303 15414 16881
15414 16881 20303
27657 13522 14175
13522 14175 27657
14175 13522 27657
29623 9028 24105
9028 24105 29623
24105 9028 29623
3379 3673 24742
24742 3379 3673
3673 3379 24742
7790 2568 19184
19184 2568 7790
2568 7790 19184
5988 2129 12639
2129 5988 12639
12639 2129 5988
16862 2523 10122
10122 2523 16862
2523 10122 16862
29469 2817 4778
2817 4778 29469
4778 2817 29469
4967 11409 29294
11409 4967 29294
29294 4967 11409
19282 7374 12578
12578 7374 19282
7374 12578 19282
15988 1552 16118
1552 15988 16118
16118 1552 15988
13686 1001 14130
1001 13686 14130
14130 1001 13686
12000 2558 16792
16792 2558 12000
2558 12000 16792
3767 13196 26490
13196 3767 26490
26490 3767 13196
25468 13012 23608
13012 23608 25468
23608 13012 25468
29128 2386 6970
2386 6970 29128
6970 2386 29128
25008 25220 28816
28816 25008 25220
25220 25008 28816
28817 6509 21531
21531 6509 28817
6509 21531 28817
6644 2191 13794
2191 6644 13794
13794 2191 6644
23851 10793 15204
15204 10793 23851
10793 15204 23851
18005 8028 25656
8028 18005 25656
25656 8028 18005
1408 3970 8980
3970 1408 8980
8980 1408 3970
23790 15371 17801
17801 15371 23790
15371 17801 23790
23216 15231 25910
15231 23216 25910
25910 15231 23216
20254 6417 7650
6417 7650 20254
7650 6417 20254
18269 6160 22851
6160 18269 22851
22851 6160 18269
15799 22527 23546
22527 15799 23546
23546 15799 22527
23723 18719 27921
27921 18719 23723
18719 23723 27921
20045 8144 25131
25131 8144 20045
8144 20045 25131
10076 6151 16282
6151 10076 16282
16282 6151 10076
9445 3937 4378
4378 3937 9445
3937 4378 9445
774 1833 4425
1833 774 4425
4425 774 1833
19432 26237 29696
26237 19432 29696
29696 19432 26237
5796 17043 27199
27199 5796 17043
17043 5796 27199
13596 23529 25816
23529 13596 25816
25816 13596 23529
23742 7497 11243
11243 7497 23742
7497 11243 23742
4475 3290 19750
19750 3290 4475
3290 4475 19750
5990 13484 28865
13484 5990 28865
28865 5990 13484
24182 1712 29095
29095 1712 24182
1712 24182 29095
3879 1255 11659
11659 1255 3879
1255 3879 11659
2471 12817 28709
12817 2471 28709
28709 2471 12817
16650 18426 18555
18426 16650 18555
18555 16650 18426
11449 15318 23696
23696 11449 15318
15318 11449 23696
8603 568 14427
568 8603 14427
14427 568 8603
3361 15260 22265
15260 3361 22265
22265 3361 15260
24494 14893 17618
14893 17618 24494
17618 14893 24494
2648 15103 16721
15103 2648 16721
16721 2648 15103
19371 5102 15165
15165 5102 19371
5102 15165 19371
16177 7102 13476
13476 7102 16177
7102 13476 16177
7581 19110 19580
19110 7581 19580
19580 7581 19110
29826 4345 16783
4345 16783 29826
16783 4345 29826
20444 517 14832
517 14832 20444
14832 517 20444
26585 2498 7073
2498 7073 26585
7073 2498 26585
9279 2844 29785
2844 9279 29785
29785 2844 9279
24849 9447 11718
9447 11718 24849
11718 9447 24849
29892 14697 20130
20130 14697 29892
14697 20130 29892
21906 12111 26831
12111 21906 26831
26831 12111 21906
14527 3473 12548
3473 12548 14527
12548 3473 14527
23786 832 10615
832 10615 23786
10615 832 23786
16170 26743 27597
27597 16170 26743
26743 16170 27597
18213 2940 19967
19967 2940 18213
2940 18213 19967
14641 3095 28812
28812 3095 14641
3095 14641 28812
8137 9224 25517
25517 8137 9224
9224 8137 25517
995 3424 25825
3424 995 25825
25825 995 3424
11106 2559 11226
11226 2559 11106
2559 11106 11226
28699 11470 13154
11470 13154 28699
13154 11470 28699
2432 8249 15270
8249 2432 15270
15270 2432 8249
11103 1591 5222
5222 1591 11103
1591 5222 11103
29971 6143 15957
15957 6143 29971
6143 15957 29971
12723 12493 28997
28997 12493 12723
12493 12723 28997
6423 5691 22413
22413 5691 6423
5691 6423 22413
16915 4552 19189
4552 16915 19189
19189 4552 16915
20778 5925 11791
11791 5925 20778
5925 11791 20778
16190 20334 21164
21164 16190 20334
20334 16190 21164
269 27656 29654
27656 269 29654
29654 269 27656
24828 27392 27572
27392 24828 27572
27572 24828 27392
12685 10725 18111
10725 12685 18111
18111 10725 12685
11467 18425 21810
21810 11467 18425
18425 11467 21810
25323 6927 20451
6927 20451 25323
20451 6927 25323
8745 11149 27478
27478 8745 11149
11149 8745 27478
238 16764 29855
16764 238 29855
29855 238 16764
19163 2199 22427
22427 2199 19163
2199 19163 22427
2000 17156 22610
22610 2000 17156
17156 2000 22610
2155 2714 11380
2714 2155 11380
11380 2155 2714
8301 7118 10486
10486 7118 8301
7118 8301 10486
26133 11146 11541
11146 11541 26133
11541 11146 26133
24657 11872 13505
11872 13505 24657
13505 11872 24657
13257 4381 15113
4381 13257 15113
15113 4381 13257
28456 14436 18843
14436 18843 28456
18843 14436 28456
14872 3115 6062
3115 6062 14872
6062 3115 14872
28342 7162 20381
7162 20381 28342
20381 7162 28342
28907 4362 11278
11278 4362 28907
4362 11278 28907
26897 9306 12258
12258 9306 26897
9306 12258 26897
9741 12862 28549
28549 9741 12862
12862 9741 28549
12901 12813 27434
12813 12901 27434
27434 12813 12901
3514 3409 11988
3409 3514 11988
11988 3409 3514
5003 10020 17488
17488 5003 10020
10020 5003 17488
28624 7592 10996
7592 10996 28624
10996 7592 28624
11935 3713 29981
3713 11935 29981
29981 3713 11935
17127 8166 25452
25452 8166 17127
8166 17127 25452
11824 10282 25700
10282 11824 25700
25700 10282 11824
25443 2547 27788
2547 25443 27788
27788 2547 25443
15074 2543 28548
28548 2543 15074
2543 15074 28548
3194 23203 25762
23203 3194 25762
25762 3194 23203
19124 1831 12999
1831 12999 19124
12999 1831 19124
14112 23300 23653
23300 14112 23653
23653 14112 23300
7481 10264 22080
10264 7481 22080
22080 7481 10264
13000 23619 25014
23619 13000 25014
25014 13000 23619
9386 3904 4700
3904 4700 9386
4700 3904 9386
11555 13912 25711
13912 11555 25711
25711 11555 13912
3985 3180 3846
3846 3180 3985
3180 3846 3985
934 22043 22741
22043 934 22741
22741 934 22043
14947 7809 19957
19957 7809 14947
7809 14947 19957
14483 2846 26660
26660 2846 14483
2846 14483 26660
1930 3694 11347
11347 1930 3694
3694 1930 11347
11373 9205 20264
20264 9205 11373
9205 11373 20264
20838 8473 9562
8473 9562 20838
9562 8473 20838
259 4335 29226
29226 259 4335
4335 259 29226
12641 16687 23231
16687 12641 23231
23231 12641 16687
21481 4399 12991
12991 4399 21481
4399 12991 21481
28052 11705 24578
24578 11705 28052
11705 24578 28052
16568 18568 23861
23861 16568 18568
18568 16568 23861
25615 6534 15413
15413 6534 25615
6534 15413 25615
23955 20640 26903
26903 20640 23955
20640 23955 26903
23514 25393 29008
25393 23514 29008
29008 23514 25393
15700 8624 12108
8624 12108 15700
12108 8624 15700
14475 11271 12741
12741 11271 14475
11271 12741 14475
6199 688 25467
25467 688 6199
688 6199 25467
20393 3545 26731
3545 20393 26731
26731 3545 20393
11006 2174 18629
18629 2174 11006
2174 11006 18629
15493 6573 23697
6573 15493 23697
23697 6573 15493
9499 13482 14139
13482 9499 14139
14139 9499 13482
21816 6004 15081
15081 6004 21816
6004 15081 21816
5321 14775 23278
14775 5321 23278
23278 5321 14775
19136 19166 19186
19166 19136 19186
19186 19136 19166
27611 9342 16385
9342 16385 27611
16385 9342 27611
24537 1337 24777
24777 1337 24537
1337 24537 24777
11772 19516 27370
27370 11772 19516
19516 11772 27370
9983 13120 13577
13120 9983 13577
13577 9983 13120
8897 6079 7004
7004 6079 8897
6079 7004 8897
11897 12276 28778
12276 11897 28778
28778 11897 12276
15708 3795 4831
3795 4831 15708
4831 3795 15708
16586 10071 28854
10071 16586 28854
28854 10071 16586
2221 1249 22302
22302 1249 2221
1249 2221 22302
884 20 7376
20 884 7376
7376 20 884
26566 13814 20832
20832 13814 26566
13814 20832 26566
7959 16012 27141
27141 7959 16012
16012 7959 27141
23907 608 26647
26647 608 23907
608 23907 26647
3824 11367 17445
11367 3824 17445
17445 3824 11367
5782 2443 9133
9133 2443 5782
2443 5782 9133
11717 17497 27240
27240 11717 17497
17497 11717 27240
20674 15491 20715
20715 15491 20674
15491 20674 20715
24019 20367 20971
20971 20367 24019
20367 20971 24019
6237 9819 22559
9819 6237 22559
22559 6237 9819
7429 16724 29799
16724 7429 29799
29799 7429 16724
12115 14361 22846
14361 12115 22846
22846 12115 14361
27022 25790 29252
25790 27022 29252
29252 25790 27022
14040 152 17238
152 14040 17238
17238 152 14040
4196 5375 17039
17039 4196 5375
5375 4196 17039
20748 6394 26200
26200 6394 20748
6394 20748 26200
25685 4798 24689
4798 24689 25685
24689 4798 25685
22420 22062 22855
22062 22420 22855
22855 22062 22420
5993 11203 11873
11203 5993 11873
11873 5993 11203
17777 20157 26954
26954 17777 20157
20157 17777 26954
22896 2993 25379
2993 22896 25379
25379 2993 22896
11377 11253 23209
23209 11253 11377
11253 11377 23209
27937 881 16102
16102 881 27937
881 16102 27937
3961 6439 12779
12779 3961 6439
6439 3961 12779
2557 8375 24013
8375 2557 24013
24013 2557 8375
17069 11141 16410
11141 16410 17069
16410 11141 17069
21162 13195 25968
13195 21162 25968
25968 13195 21162
1107 13634 28857
13634 1107 28857
28857 1107 13634
5686 6180 15732
6180 5686 15732
15732 5686 6180
13071 6033 17220
17220 6033 13071
6033 13071 17220
6999 2902 6615
6615 2902 6999
2902 6615 6999
18931 18 3862
18 3862 18931
3862 18 18931
22189 13282 15296
13282 15296 22189
15296 13282 22189
5052 2182 17328
17328 2182 5052
2182 5052 17328
9151 9226 12869
9226 9151 12869
12869 9151 9226
16839 4071 17933
4071 16839 17933
17933 4071 16839
13177 8380 9553
8380 9553 13177
9553 8380 13177
18054 9566 20886
9566 18054 20886
20886 9566 18054
5831 9863 25637
25637 5831 9863
9863 5831 25637
2205 2689 15726
2689 2205 15726
15726 2205 2689
11275 4202 17011
17011 4202 11275
4202 11275 17011
19510 21974 26201
21974 19510 26201
26201 19510 21974
10 2548 3159
3159 10 2548
2548 10 3159
20255 7340 12056
12056 7340 20255
7340 12056 20255
20302 11874 28005
11874 20302 28005
28005 11874 20302
29440 13063 13511
13063 13511 29440
13511 13063 29440
18858 5094 6449
6449 5094 18858
5094 6449 18858
8966 13998 21363
21363 8966 13998
13998 8966 21363
19929 5391 29733
29733 5391 19929
5391 19929 29733
22176 12151 18492
12151 18492 22176
18492 12151 22176
11088 4190 5397
5397 4190 11088
4190 5397 11088
3460 14111 14644
14644 3460 14111
14111 3460 14644
26013 19054 22942
19054 22942 26013
22942 19054 26013
7988 2864 3822
2864 3822 7988
3822 2864 7988
13495 4712 24413
4712 13495 24413
24413 4712 13495
2606 5838 23445
23445 2606 5838
5838 2606 23445
12529 20898 28558
20898 12529 28558
28558 12529 20898
13502 19817 21090
21090 13502 19817
19817 13502 21090
21517 5597 13878
5597 13878 21517
13878 5597 21517
17426 17393 20409
20409 17393 17426
17393 17426 20409
19534 2222 10220
2222 10220 19534
10220 2222 19534
5089 13927 16289
13927 5089 16289
16289 5089 13927
18077 12616 20284
12616 18077 20284
20284 12616 18077
22521 11286 27342
11286 22521 27342
27342 11286 22521
16957 14333 23350
14333 16957 23350
23350 14333 16957
5789 2483 9425
2483 5789 9425
9425 2483 5789
4269 10334 16345
10334 4269 16345
16345 4269 10334
22892 560 14764
14764 560 22892
560 14764 22892
12523 11991 27610
11991 12523 27610
27610 11991 12523
7837 18421 25142
25142 7837 18421
18421 7837 25142
6466 8869 21485
21485 6466 8869
8869 6466 21485
25368 14032 14661
14661 14032 25368
14032 14661 25368
4464 19597 19648
19648 4464 19597
19597 4464 19648
26456 23081 28509
28509 23081 26456
23081 26456 28509
23027 4131 13801
4131 13801 23027
13801 4131 23027
17972 10617 20271
20271 10617 17972
10617 17972 20271
1049 1603 27187
27187 1049 1603
1603 1049 27187
26662 9450 28237
9450 26662 28237
28237 9450 26662
24654 13019 24833
13019 24654 24833
24833 13019 24654
16646 37 23442
23442 37 16646
37 16646 23442
24561 9033 9605
9605 9033 24561
9033 9605 24561
8315 9083 20385
20385 8315 9083
9083 8315 20385
1463 5181 23214
23214 1463 5181
5181 1463 23214
16543 2299 5864
5864 2299 16543
2299 5864 16543
1598 10971 23763
10971 1598 23763
23763 1598 10971
6779 12596 25034
12596 6779 25034
25034 6779 12596
19391 6517 23868
23868 6517 19391
6517 19391 23868
24940 9551 29668
9551 24940 29668
29668 9551 24940
18571 5543 17814
5543 17814 18571
17814 5543 18571
22733 7609 27254
7609 22733 27254
27254 7609 22733
17943 9722 10317
9722 10317 17943
10317 9722 17943
28259 14581 23885
23885 14581 28259
14581 23885 28259
2952 21017 29728
29728 2952 21017
21017 2952 29728
3292 1683 8331
1683 3292 8331
8331 1683 3292
8361 4460 23787
23787 4460 8361
4460 8361 23787
29189 8043 20232
20232 8043 29189
8043 20232 29189
4771 6807 29949
29949 4771 6807
6807 4771 29949
4889 9245 12822
12822 4889 9245
9245 4889 12822
15576 5634 24727
24727 5634 15576
5634 15576 24727
13426 1983 15399
15399 1983 13426
1983 13426 15399
5064 395 27247
395 5064 27247
27247 395 5064
3990 2974 17082
17082 2974 3990
2974 3990 17082
6158 12295 13046
12295 6158 13046
13046 6158 12295
12055 202 9157
202 9157 12055
9157 202 12055
23232 8780 15588
8780 15588 23232
15588 8780 23232
25140 3010 25382
25382 3010 25140
3010 25140 25382
23934 7477 14955
14955 7477 23934
7477 14955 23934
9459 8927 28875
8927 9459 28875
28875 8927 9459
21968 20010 26634
26634 20010 21968
20010 21968 26634
7973 20293 25889
20293 7973 25889
25889 7973 20293
26354 241 634
241 634 26354
634 241 26354
25423 940 3052
3052 940 25423
940 3052 25423
14595 2716 13242
2716 13242 14595
13242 2716 14595
21387 2004 12221
2004 12221 21387
12221 2004 21387
21532 547 27968
547 21532 27968
27968 547 21532
19260 16554 26443
16554 19260 26443
26443 16554 19260
4013 3307 4450
3307 4013 4450
4450 3307 4013
8635 14039 21791
21791 8635 14039
14039 8635 21791
10263 1478 29626
1478 10263 29626
29626 1478 10263
20052 5943 17896
17896 5943 20052
5943 17896 20052
19613 8698 14354
8698 14354 19613
14354 8698 19613
20712 25686 26114
25686 20712 26114
26114 20712 25686
20192 4611 11846
11846 4611 20192
4611 11846 20192
14628 3646 9503
9503 3646 14628
3646 9503 14628
15910 24125 27227
24125 15910 27227
27227 15910 24125
22250 17927 23103
17927 22250 23103
23103 17927 22250
14145 10340 23924
10340 14145 23924
23924 10340 14145
20861 7491 10945
10945 7491 20861
7491 10945 20861
5415 4016 8500
4016 5415 8500
8500 4016 5415
12063 21519 29769
21519 12063 29769
29769 12063 21519
10254 3342 24028
3342 10254 24028
24028 3342 10254
21270 10465 13246
13246 10465 21270
10465 13246 21270
11137 1910 8219
8219 1910 11137
1910 8219 11137
136 3863 25279
3863 136 25279
25279 136 3863
4577 10404 11848
11848 4577 10404
10404 4577 11848
8405 5196 9332
5196 8405 9332
9332 5196 8405
10331 13145 26232
13145 10331 26232
26232 10331 13145
19853 8904 20294
20294 8904 19853
8904 19853 20294
8157 8081 12580
8081 8157 12580
12580 8081 8157
8858 10201 22781
22781 8858 10201
10201 8858 22781
16306 855 21045
21045 855 16306
855 16306 21045
28662 880 7246
880 7246 28662
7246 880 28662
19902 3896 25273
3896 19902 25273
25273 3896 19902
13327 19492 26636
19492 13327 26636
26636 13327 19492
20112 18679 24020
24020 18679 20112
18679 20112 24020
28373 23544 24282
23544 24282 28373
24282 23544 28373
19793 23796 29255
23796 19793 29255
29255 19793 23796
12897 20218 22491
22491 12897 20218
20218 12897 22491
21362 28227 28625
28625 21362 28227
28227 21362 28625
1671 282 27347
27347 282 1671
282 1671 27347
25926 4804 28569
4804 25926 28569
28569 4804 25926
10482 2534 12575
12575 2534 10482
2534 10482 12575
11632 1341 19668
19668 1341 11632
1341 11632 19668
4772 6770 20054
6770 4772 20054
20054 4772 6770
19886 6598 10394
6598 10394 19886
10394 6598 19886
4874 10401 25767
25767 4874 10401
10401 4874 25767
17480 4832 16564
4832 16564 17480
16564 4832 17480
27046 19685 23450
19685 23450 27046
23450 19685 27046
10797 4965 13188
13188 4965 10797
4965 10797 13188
10684 12361 18963
12361 10684 18963
18963 10684 12361
19611 1301 2302
2302 1301 19611
1301 2302 19611
2712 2830 9855
2830 2712 9855
9855 2712 2830
23736 2342 16678
16678 2342 23736
2342 16678 23736
28146 2935 13667
2935 13667 28146
13667 2935 28146
14921 3591 22853
3591 14921 22853
22853 3591 14921
13419 13961 18337
18337 13419 13961
13961 13419 18337
25778 15570 22423
15570 22423 25778
22423 15570 25778
27460 535 6190
535 6190 27460
6190 535 27460
15299 11678 25941
11678 15299 25941
