27902 2754 26539
26539 2754 27902
2754 26539 27902
3103 7731 7807
7807 3103 7731
7731 3103 7807
22655 8536 21202
21202 8536 22655
8536 21202 22655
176 27236 27625
27625 176 27236
27236 176 27625
2521 2703 19406
2703 2521 19406
19406 2521 2703
21740 1332 14948
14948 1332 21740
1332 14948 21740
19709 4055 28878
28878 4055 19709
4055 19709 28878
19586 11774 26259
26259 11774 19586
11774 19586 26259
20761 4687 19736
19736 4687 20761
4687 19736 20761
21051 12323 16254
12323 16254 21051
16254 12323 21051
15783 8277 10209
10209 8277 15783
8277 10209 15783
368 3876 27388
3876 368 27388
27388 368 3876
6774 5722 17395
17395 5722 6774
5722 6774 17395
2591 2202 13956
2202 2591 13956
13956 2202 2591
13010 15641 23339
23339 13010 15641
15641 13010 23339
23191 2789 9082
9082 2789 23191
2789 9082 23191
27560 1625 15514
15514 1625 27560
1625 15514 27560
23150 1175 19546
19546 1175 23150
1175 19546 23150
22059 5341 7485
7485 5341 22059
5341 7485 22059
15585 3126 6822
3126 6822 15585
6822 3126 15585
29837 2130 22305
2130 22305 29837
22305 2130 29837
27053 2975 3525
2975 3525 27053
3525 2975 27053
866 23101 26814
26814 866 23101
23101 866 26814
6181 183 13385
183 6181 13385
13385 183 6181
3349 20944 27203
27203 3349 20944
20944 3349 27203
25063 14792 19671
14792 19671 25063
19671 14792 25063
18427 18706 22244
18706 18427 22244
22244 18427 18706
24730 19622 27016
19622 24730 27016
27016 19622 24730
17456 7966 9006
9006 7966 17456
7966 9006 17456
11367 993 3200
993 3200 11367
3200 993 11367
6728 11093 12321
11093 6728 12321
12321 6728 11093
20501 10344 23942
23942 10344 20501
10344 20501 23942
22126 22118 22721
22721 22118 22126
22118 22126 22721
22002 11138 26530
11138 22002 26530
26530 11138 22002
9500 1774 28464
28464 1774 9500
1774 9500 28464
22849 18139 23134
23134 18139 22849
18139 22849 23134
3202 7072 27585
7072 3202 27585
27585 3202 7072
10873 1134 28062
28062 1134 10873
1134 10873 28062
12013 4417 7763
7763 4417 12013
4417 7763 12013
18157 8474 26946
26946 8474 18157
8474 18157 26946
28235 17824 26347
26347 17824 28235
17824 26347 28235
12629 13595 25517
25517 12629 13595
13595 12629 25517
10770 4268 11576
4268 10770 11576
11576 4268 10770
14500 4332 16483
4332 14500 16483
16483 4332 14500
11244 18513 29280
18513 11244 29280
29280 11244 18513
16472 27698 29010
29010 16472 27698
27698 16472 29010
22288 17311 24600
17311 22288 24600
24600 17311 22288
3419 4358 13832
4358 3419 13832
13832 3419 4358
14346 8763 20649
8763 14346 20649
20649 8763 14346
22571 15930 25610
15930 22571 25610
25610 15930 22571
19222 11898 16202
16202 11898 19222
11898 16202 19222
1991 215 9304
9304 215 1991
215 1991 9304
7567 7848 13649
7848 7567 13649
13649 7567 7848
2446 6830 20326
20326 2446 6830
6830 2446 20326
7876 2102 15813
2102 7876 15813
15813 2102 7876
17708 27214 28021
27214 17708 28021
28021 17708 27214
15312 3108 21845
3108 15312 21845
21845 3108 15312
24670 8924 23314
23314 8924 24670
8924 23314 24670
10363 7196 11002
11002 7196 10363
7196 10363 11002
1720 10960 28431
28431 1720 10960
10960 1720 28431
23330 2538 14845
14845 2538 23330
2538 14845 23330
14580 1387 28675
1387 14580 28675
28675 1387 14580
7596 12061 21523
21523 7596 12061
12061 7596 21523
3575 14618 20517
20517 3575 14618
14618 3575 20517
18551 15471 18508
15471 18508 18551
18508 15471 18551
17519 12044 17613
17613 12044 17519
12044 17519 17613
9095 20454 24471
20454 9095 24471
24471 9095 20454
17908 24652 29212
24652 17908 29212
29212 17908 24652
20305 13514 19866
13514 19866 20305
19866 13514 20305
10144 19418 19428
19418 10144 19428
19428 10144 19418
1465 9101 20400
20400 1465 9101
9101 1465 20400
16719 23689 23999
23999 16719 23689
23689 16719 23999
20491 11184 22725
11184 20491 22725
22725 11184 20491
29717 11313 17634
17634 11313 29717
11313 17634 29717
16148 13783 21496
13783 16148 21496
21496 13783 16148
27302 23764 26017
23764 26017 27302
26017 23764 27302
16938 6763 26444
26444 6763 16938
6763 16938 26444
9621 10458 12012
10458 9621 12012
12012 9621 10458
27195 9381 22108
9381 22108 27195
22108 9381 27195
16903 28123 29139
29139 16903 28123
28123 16903 29139
1201 4697 20322
4697 1201 20322
20322 1201 4697
4308 26881 28485
28485 4308 26881
26881 4308 28485
7328 5323 20086
20086 5323 7328
5323 7328 20086
29858 12946 15058
12946 15058 29858
15058 12946 29858
21443 885 4181
885 4181 21443
4181 885 21443
5225 26541 28961
26541 5225 28961
28961 5225 26541
12536 5958 18394
18394 5958 12536
5958 12536 18394
29500 24430 26167
24430 26167 29500
26167 24430 29500
16348 3701 14126
3701 14126 16348
14126 3701 16348
17223 2990 16936
2990 16936 17223
16936 2990 17223
3863 3235 16608
16608 3235 3863
3235 3863 16608
25867 8641 24667
8641 24667 25867
24667 8641 25867
24885 6696 19511
19511 6696 24885
6696 19511 24885
20933 7761 15966
15966 7761 20933
7761 15966 20933
18131 9540 25824
9540 18131 25824
25824 9540 18131
14737 5373 26932
26932 5373 14737
5373 14737 26932
16954 1567 22749
1567 16954 22749
22749 1567 16954
13105 17192 23345
17192 13105 23345
23345 13105 17192
13454 3520 11777
3520 11777 13454
11777 3520 13454
5066 9959 10910
10910 5066 9959
9959 5066 10910
13200 9219 14626
14626 9219 13200
9219 13200 14626
14396 3187 10584
10584 3187 14396
3187 10584 14396
20687 21351 25191
21351 20687 25191
25191 20687 21351
10867 13438 23080
13438 10867 23080
23080 10867 13438
25770 24929 25442
25442 24929 25770
24929 25442 25770
2037 5512 27104
27104 2037 5512
5512 2037 27104
8042 3949 25422
3949 8042 25422
25422 3949 8042
14950 8304 11189
11189 8304 14950
8304 11189 14950
19153 7464 14479
7464 14479 19153
14479 7464 19153
14687 3368 16425
3368 14687 16425
16425 3368 14687
22278 5663 9668
5663 9668 22278
9668 5663 22278
16549 1832 11047
1832 11047 16549
11047 1832 16549
13035 9808 21539
21539 9808 13035
9808 13035 21539
23401 603 18032
18032 603 23401
603 18032 23401
5742 800 17753
800 5742 17753
17753 800 5742
11159 11764 28073
11764 11159 28073
28073 11159 11764
17427 4246 29509
29509 4246 17427
4246 17427 29509
21598 12004 16089
16089 12004 21598
12004 16089 21598
637 9887 27879
27879 637 9887
9887 637 27879
24599 1741 24325
24325 1741 24599
1741 24325 24599
25277 193 16334
193 16334 25277
16334 193 25277
4174 3830 8829
3830 4174 8829
8829 3830 4174
23718 22562 23398
22562 23398 23718
23398 22562 23718
506 26397 28460
28460 506 26397
26397 506 28460
26173 13724 20801
13724 20801 26173
20801 13724 26173
29962 10979 14982
10979 14982 29962
14982 10979 29962
24871 8583 20137
20137 8583 24871
8583 20137 24871
9608 4458 18458
4458 9608 18458
18458 4458 9608
23240 17715 20334
17715 20334 23240
20334 17715 23240
28616 6406 20960
6406 20960 28616
20960 6406 28616
7622 4858 24686
4858 7622 24686
24686 4858 7622
1933 3429 29087
3429 1933 29087
29087 1933 3429
15150 12073 26669
26669 12073 15150
12073 15150 26669
21156 1299 6564
1299 6564 21156
6564 1299 21156
1637 25210 29003
25210 1637 29003
29003 1637 25210
7647 16059 26135
16059 7647 26135
26135 7647 16059
7352 6168 29721
6168 7352 29721
29721 6168 7352
27696 2519 23108
23108 2519 27696
2519 23108 27696
24263 11339 26590
26590 11339 24263
11339 24263 26590
1911 2650 29633
29633 1911 2650
2650 1911 29633
22148 8735 19118
8735 19118 22148
19118 8735 22148
13885 9545 14904
14904 9545 13885
9545 13885 14904
27403 19771 24623
24623 19771 27403
19771 24623 27403
21338 18081 18650
18081 18650 21338
18650 18081 21338
18997 22225 29153
29153 18997 22225
22225 18997 29153
19375 3613 25421
3613 19375 25421
25421 3613 19375
26785 21074 23158
23158 21074 26785
21074 23158 26785
9954 2634 20147
2634 9954 20147
20147 2634 9954
21296 11266 19215
19215 11266 21296
11266 19215 21296
1906 7074 28352
28352 1906 7074
7074 1906 28352
4290 10854 24843
24843 4290 10854
10854 4290 24843
14489 18482 21567
18482 14489 21567
21567 14489 18482
16980 12967 17636
17636 12967 16980
12967 16980 17636
13977 3232 13542
13542 3232 13977
3232 13542 13977
26209 2839 16413
2839 16413 26209
16413 2839 26209
873 13609 18646
18646 873 13609
13609 873 18646
21768 5524 7424
5524 7424 21768
7424 5524 21768
17038 9244 21983
9244 17038 21983
21983 9244 17038
21607 13313 20984
20984 13313 21607
13313 20984 21607
826 16231 29347
16231 826 29347
29347 826 16231
26013 2482 27348
27348 2482 26013
2482 26013 27348
9519 10687 19107
19107 9519 10687
10687 9519 19107
13257 13585 14188
14188 13257 13585
13585 13257 14188
22401 5860 14175
5860 14175 22401
14175 5860 22401
28638 16223 25873
25873 16223 28638
16223 25873 28638
25886 17248 17998
17998 17248 25886
17248 17998 25886
7357 8864 24519
8864 7357 24519
24519 7357 8864
22196 9277 13571
13571 9277 22196
9277 13571 22196
26247 9132 17676
17676 9132 26247
9132 17676 26247
17861 7785 22060
22060 7785 17861
7785 17861 22060
28915 6122 29609
29609 6122 28915
6122 28915 29609
15261 22484 27230
22484 15261 27230
27230 15261 22484
884 25333 29735
25333 884 29735
29735 884 25333
17534 1544 22941
22941 1544 17534
1544 17534 22941
10915 9150 22641
22641 9150 10915
9150 10915 22641
26650 2759 2871
2871 2759 26650
2759 2871 26650
8045 1205 25282
1205 8045 25282
25282 1205 8045
2681 22660 23986
22660 2681 23986
23986 2681 22660
2649 5181 10629
10629 2649 5181
5181 2649 10629
29187 5734 13679
5734 13679 29187
13679 5734 29187
20913 22751 28917
22751 20913 28917
28917 20913 22751
23656 14811 27241
14811 23656 27241
27241 14811 23656
3119 3966 21786
21786 3119 3966
3966 3119 21786
21668 22999 27948
22999 21668 27948
27948 21668 22999
2939 8885 21754
21754 2939 8885
8885 2939 21754
11715 3773 10626
3773 10626 11715
10626 3773 11715
14508 6226 10735
6226 10735 14508
10735 6226 14508
24579 772 29484
29484 772 24579
772 24579 29484
3447 5921 10580
5921 3447 10580
10580 3447 5921
23049 7536 11818
7536 11818 23049
11818 7536 23049
24669 4521 7799
4521 7799 24669
7799 4521 24669
371 791 17061
791 371 17061
17061 371 791
12278 13654 17711
13654 12278 17711
17711 12278 13654
26084 16953 28559
28559 16953 26084
16953 26084 28559
26618 15761 20562
15761 20562 26618
20562 15761 26618
15671 12290 20173
20173 12290 15671
12290 15671 20173
18479 2989 18271
2989 18271 18479
18271 2989 18479
27607 7893 9836
7893 9836 27607
9836 7893 27607
27675 8898 17848
8898 17848 27675
17848 8898 27675
1145 412 20775
412 1145 20775
20775 412 1145
4654 7793 23754
7793 4654 23754
23754 4654 7793
4921 18790 19675
19675 4921 18790
18790 4921 19675
12670 5916 16175
16175 5916 12670
5916 12670 16175
5303 23373 27192
23373 5303 27192
27192 5303 23373
24185 6900 29015
29015 6900 24185
6900 24185 29015
17642 5894 22280
22280 5894 17642
5894 17642 22280
27329 13681 28635
28635 13681 27329
13681 27329 28635
1163 111 19413
19413 111 1163
111 1163 19413
1186 4990 20409
4990 1186 20409
20409 1186 4990
21727 3007 23467
3007 21727 23467
23467 3007 21727
17459 10116 16960
10116 16960 17459
16960 10116 17459
10649 20396 23852
20396 10649 23852
23852 10649 20396
5082 12523 19517
19517 5082 12523
12523 5082 19517
26619 19056 23416
23416 19056 26619
19056 23416 26619
515 11044 19230
19230 515 11044
11044 515 19230
20555 15638 18039
15638 18039 20555
18039 15638 20555
15618 14520 19093
14520 15618 19093
19093 14520 15618
24832 13156 19935
13156 19935 24832
19935 13156 24832
29276 11170 15154
15154 11170 29276
11170 15154 29276
6683 22733 27872
27872 6683 22733
22733 6683 27872
14381 9758 18940
18940 9758 14381
9758 14381 18940
9161 5701 21015
21015 5701 9161
5701 9161 21015
12111 9310 29114
9310 12111 29114
29114 9310 12111
11703 2995 19715
2995 11703 19715
19715 2995 11703
1166 25071 26542
25071 1166 26542
26542 1166 25071
5719 2516 20673
2516 5719 20673
20673 2516 5719
26063 19317 24266
24266 19317 26063
19317 24266 26063
15540 7505 16411
7505 15540 16411
16411 7505 15540
25699 14266 24032
24032 14266 25699
14266 24032 25699
24905 1449 25395
1449 24905 25395
25395 1449 24905
13807 3439 9175
3439 9175 13807
9175 3439 13807
26181 118 9070
9070 118 26181
118 9070 26181
1846 11022 19746
11022 1846 19746
19746 1846 11022
911 4709 25967
25967 911 4709
4709 911 25967
70 1639 17485
1639 70 17485
17485 70 1639
6922 427 15376
15376 427 6922
427 6922 15376
4792 6971 23755
23755 4792 6971
6971 4792 23755
22424 1664 5686
1664 5686 22424
5686 1664 22424
23215 1418 5133
5133 1418 23215
1418 5133 23215
21878 1857 12181
1857 12181 21878
12181 1857 21878
19043 18800 29373
29373 18800 19043
18800 19043 29373
28813 4944 28009
4944 28009 28813
28009 4944 28813
14759 25559 29323
25559 14759 29323
29323 14759 25559
21978 11707 15708
15708 11707 21978
11707 15708 21978
11874 8241 20954
8241 11874 20954
20954 8241 11874
10129 6913 29014
29014 6913 10129
6913 10129 29014
8584 10056 16996
10056 8584 16996
16996 8584 10056
27763 3537 8856
3537 8856 27763
8856 3537 27763
10362 19094 26748
19094 10362 26748
26748 10362 19094
11812 3243 13072
13072 3243 11812
3243 11812 13072
9401 16881 25690
25690 9401 16881
16881 9401 25690
7307 18338 27486
27486 7307 18338
18338 7307 27486
26043 1594 25844
1594 25844 26043
25844 1594 26043
13006 24829 25839
24829 13006 25839
25839 13006 24829
18453 2612 4455
2612 4455 18453
4455 2612 18453
8144 4433 17047
4433 8144 17047
17047 4433 8144
9439 17367 21456
17367 9439 21456
21456 9439 17367
26606 2414 24352
24352 2414 26606
2414 24352 26606
7996 1462 6746
1462 6746 7996
6746 1462 7996
18096 10864 29542
10864 18096 29542
29542 10864 18096
17449 13182 29511
29511 13182 17449
13182 17449 29511
1622 1192 25037
1192 1622 25037
25037 1192 1622
22425 28049 29603
28049 22425 29603
29603 22425 28049
24509 15241 25338
25338 15241 24509
15241 24509 25338
28090 20214 26443
20214 26443 28090
26443 20214 28090
12569 12842 26166
26166 12569 12842
12842 12569 26166
2084 16647 29992
29992 2084 16647
16647 2084 29992
20818 15679 16033
16033 15679 20818
15679 16033 20818
10934 619 22090
619 10934 22090
22090 619 10934
26743 4217 26439
26439 4217 26743
4217 26439 26743
21223 1861 7544
7544 1861 21223
1861 7544 21223
12266 24496 25403
24496 12266 25403
25403 12266 24496
13966 8646 25912
25912 8646 13966
8646 13966 25912
11669 8352 29098
8352 11669 29098
29098 8352 11669
4151 4770 21487
21487 4151 4770
4770 4151 21487
26309 1364 19968
19968 1364 26309
1364 19968 26309
11723 23296 28542
23296 11723 28542
28542 11723 23296
9315 1748 5044
1748 5044 9315
5044 1748 9315
15574 16143 23785
23785 15574 16143
16143 15574 23785
10774 3637 12381
3637 10774 12381
12381 3637 10774
6110 1814 2459
1814 2459 6110
2459 1814 6110
7630 9516 28488
28488 7630 9516
9516 7630 28488
12630 13806 20427
20427 12630 13806
13806 12630 20427
13935 1226 16678
1226 13935 16678
16678 1226 13935
12762 11041 27017
11041 12762 27017
27017 11041 12762
18964 14099 24177
14099 18964 24177
24177 14099 18964
17956 12225 29427
29427 12225 17956
12225 17956 29427
301 14327 18062
18062 301 14327
14327 301 18062
14891 2005 16247
2005 14891 16247
16247 2005 14891
3146 329 16579
16579 329 3146
329 3146 16579
5176 6682 18668
6682 5176 18668
18668 5176 6682
25201 13411 14541
13411 14541 25201
14541 13411 25201
23434 11050 24583
11050 23434 24583
24583 11050 23434
22670 11896 18766
18766 11896 22670
11896 18766 22670
1562 23932 25419
25419 1562 23932
23932 1562 25419
8910 28330 28714
28714 8910 28330
28330 8910 28714
12425 50 27519
27519 50 12425
50 12425 27519
426 3359 21950
21950 426 3359
3359 426 21950
15859 7279 28963
28963 7279 15859
7279 15859 28963
26960 4804 19999
4804 19999 26960
19999 4804 26960
680 5335 8939
5335 680 8939
8939 680 5335
9469 21904 28277
28277 9469 21904
21904 9469 28277
7046 24791 25061
25061 7046 24791
24791 7046 25061
21188 21098 22634
21098 21188 22634
22634 21098 21188
20742 14277 25294
25294 14277 20742
14277 20742 25294
25604 13153 26297
13153 25604 26297
26297 13153 25604
1322 8123 14876
14876 1322 8123
8123 1322 14876
20177 10820 12363
12363 10820 20177
10820 12363 20177
26837 11584 20133
20133 11584 26837
11584 20133 26837
4533 11350 21756
11350 4533 21756
21756 4533 11350
26393 15486 19808
19808 15486 26393
15486 19808 26393
5495 12292 21584
12292 5495 21584
21584 5495 12292
29128 14125 26287
26287 14125 29128
14125 26287 29128
26322 1767 11113
11113 1767 26322
1767 11113 26322
8117 5231 20961
20961 5231 8117
5231 8117 20961
29176 4367 5023
4367 5023 29176
5023 4367 29176
10941 5748 5848
5748 5848 10941
5848 5748 10941
15770 9162 14401
14401 9162 15770
9162 14401 15770
9029 22240 22940
22940 9029 22240
22240 9029 22940
29385 5677 21653
5677 21653 29385
21653 5677 29385
7423 12995 13799
12995 7423 13799
13799 7423 12995
17413 12965 23480
23480 12965 17413
12965 17413 23480
10818 8629 19550
8629 10818 19550
19550 8629 10818
130 4428 24998
24998 130 4428
4428 130 24998
27479 13525 25635
25635 13525 27479
13525 25635 27479
26045 13372 19677
13372 19677 26045
19677 13372 26045
23298 5293 25958
25958 5293 23298
5293 23298 25958
4862 18973 23392
23392 4862 18973
18973 4862 23392
17433 10154 22578
22578 10154 17433
10154 17433 22578
25734 16066 22492
22492 16066 25734
16066 22492 25734
13694 4363 13744
4363 13694 13744
13744 4363 13694
25391 1756 17515
1756 17515 25391
17515 1756 25391
2344 19820 24416
19820 2344 24416
24416 2344 19820
13599 1080 4401
1080 4401 13599
4401 1080 13599
859 2269 15073
15073 859 2269
2269 859 15073
18671 6954 22499
22499 6954 18671
6954 18671 22499
5324 26317 29784
29784 5324 26317
26317 5324 29784
29316 16947 17411
16947 17411 29316
17411 16947 29316
2465 13230 23204
13230 2465 23204
23204 2465 13230
3948 11611 12598
12598 3948 11611
11611 3948 12598
9351 2699 23735
2699 9351 23735
23735 2699 9351
14135 18452 19848
18452 14135 19848
19848 14135 18452
3154 10361 20637
10361 3154 20637
20637 3154 10361
14234 10089 14744
10089 14234 14744
14744 10089 14234
26609 7692 29510
7692 26609 29510
29510 7692 26609
7991 13123 19705
19705 7991 13123
13123 7991 19705
5309 4706 27695
4706 5309 27695
27695 4706 5309
7106 1543 6921
6921 1543 7106
1543 6921 7106
27704 16518 24226
16518 24226 27704
24226 16518 27704
2926 6979 12417
12417 2926 6979
6979 2926 12417
16795 6995 12647
6995 12647 16795
12647 6995 16795
2558 7177 27077
27077 2558 7177
7177 2558 27077
12513 6526 21542
6526 12513 21542
21542 6526 12513
2844 17397 23696
17397 2844 23696
23696 2844 17397
17116 27633 29928
29928 17116 27633
27633 17116 29928
15350 15296 25594
15296 15350 25594
25594 15296 15350
20026 15517 18089
18089 15517 20026
15517 18089 20026
11469 6884 28380
28380 6884 11469
6884 11469 28380
18102 12608 16174
16174 12608 18102
12608 16174 18102
6026 8369 18387
8369 6026 18387
18387 6026 8369
22393 22050 23312
22050 22393 23312
23312 22050 22393
20092 15403 16195
16195 15403 20092
15403 16195 20092
22633 12142 13761
13761 12142 22633
12142 13761 22633
23933 17668 21373
17668 21373 23933
21373 17668 23933
21143 4283 5661
5661 4283 21143
4283 5661 21143
18141 20027 20111
20111 18141 20027
20027 18141 20111
24559 19804 26293
19804 24559 26293
26293 19804 24559
23208 12048 19931
12048 19931 23208
19931 12048 23208
22306 24764 26446
26446 22306 24764
24764 22306 26446
12023 7503 7950
7503 7950 12023
7950 7503 12023
16301 16827 29521
29521 16301 16827
16827 16301 29521
23300 11505 26034
11505 23300 26034
26034 11505 23300
27887 12693 16801
16801 12693 27887
12693 16801 27887
22600 12558 23526
23526 12558 22600
12558 22600 23526
29426 10681 15817
10681 15817 29426
15817 10681 29426
1065 12653 15127
15127 1065 12653
12653 1065 15127
23734 6153 29294
29294 6153 23734
6153 23734 29294
21244 11197 26372
26372 11197 21244
11197 21244 26372
29254 846 1263
846 1263 29254
1263 846 29254
23749 8785 23411
23411 8785 23749
8785 23411 23749
2198 1953 2797
1953 2198 2797
2797 1953 2198
26221 5723 16831
5723 16831 26221
16831 5723 26221
436 3477 27703
27703 436 3477
3477 436 27703
24454 17568 20071
17568 20071 24454
20071 17568 24454
11253 5627 17941
17941 5627 11253
5627 11253 17941
18242 27688 29878
27688 18242 29878
29878 18242 27688
26133 2294 8069
8069 2294 26133
2294 8069 26133
29698 13614 16462
16462 13614 29698
13614 16462 29698
15560 2299 13591
2299 13591 15560
13591 2299 15560
8857 24864 28160
24864 8857 28160
28160 8857 24864
26516 27186 27222
27222 26516 27186
27186 26516 27222
16565 20403 21151
21151 16565 20403
20403 16565 21151
27359 5679 20385
5679 20385 27359
20385 5679 27359
25798 16550 25716
25716 16550 25798
16550 25716 25798
9892 4764 5084
4764 5084 9892
5084 4764 9892
25462 8191 21297
8191 21297 25462
21297 8191 25462
2391 8179 8988
8179 2391 8988
8988 2391 8179
1434 22332 23806
22332 1434 23806
23806 1434 22332
22570 13814 29582
29582 13814 22570
13814 22570 29582
11466 13049 19307
19307 11466 13049
13049 11466 19307
5572 2100 5862
5862 2100 5572
2100 5572 5862
10091 14784 25345
14784 10091 25345
25345 10091 14784
10175 4021 6195
6195 4021 10175
4021 6195 10175
27009 941 18105
18105 941 27009
941 18105 27009
29127 12144 16644
12144 16644 29127
16644 12144 29127
9753 9772 16335
16335 9753 9772
9772 9753 16335
26249 15582 19545
15582 19545 26249
19545 15582 26249
4957 1918 15187
15187 1918 4957
1918 4957 15187
16000 12217 22798
12217 16000 22798
22798 12217 16000
29488 15343 22921
22921 15343 29488
15343 22921 29488
16212 2497 2662
2497 2662 16212
2662 2497 16212
10723 430 13616
13616 430 10723
430 10723 13616
11317 14780 29910
29910 11317 14780
14780 11317 29910
10158 14827 17180
17180 10158 14827
14827 10158 17180
17912 13723 19325
19325 13723 17912
13723 17912 19325
9405 7339 21603
7339 9405 21603
21603 7339 9405
2974 12175 15268
12175 2974 15268
15268 2974 12175
29620 4499 18364
4499 18364 29620
18364 4499 29620
24015 8235 26432
8235 24015 26432
26432 8235 24015
2520 2542 16895
16895 2520 2542
2542 2520 16895
15992 5536 17585
5536 15992 17585
17585 5536 15992
5642 16071 25697
16071 5642 25697
25697 5642 16071
15567 3867 21419
21419 3867 15567
3867 15567 21419
11734 9141 25802
9141 11734 25802
25802 9141 11734
11134 2500 7139
7139 2500 11134
2500 7139 11134
25799 91 2185
91 2185 25799
2185 91 25799
13556 6471 29355
6471 13556 29355
29355 6471 13556
29442 11906 15925
11906 15925 29442
15925 11906 29442
13981 2763 6373
2763 6373 13981
6373 2763 13981
14690 18077 27835
27835 14690 18077
18077 14690 27835
25036 6859 13737
13737 6859 25036
6859 13737 25036
27121 1852 19295
1852 19295 27121
19295 1852 27121
18250 10667 14922
10667 14922 18250
14922 10667 18250
26907 1968 15353
15353 1968 26907
1968 15353 26907
26353 1721 4482
1721 4482 26353
4482 1721 26353
19143 4637 21224
4637 19143 21224
21224 4637 19143
10432 15767 29973
29973 10432 15767
15767 10432 29973
23634 2222 28949
2222 23634 28949
28949 2222 23634
16998 15789 17273
15789 16998 17273
17273 15789 16998
16796 6743 29618
6743 16796 29618
29618 6743 16796
10386 1218 7111
7111 1218 10386
1218 7111 10386
4242 16583 18275
18275 4242 16583
16583 4242 18275
12158 9535 29513
29513 9535 12158
9535 12158 29513
16117 6738 29115
6738 16117 29115
29115 6738 16117
17155 18447 28473
28473 17155 18447
18447 17155 28473
10300 12793 28263
12793 10300 28263
28263 10300 12793
570 24373 29121
29121 570 24373
24373 570 29121
4390 2416 16580
2416 4390 16580
16580 2416 4390
11791 2576 2944
2576 2944 11791
2944 2576 11791
25418 23926 24094
23926 24094 25418
24094 23926 25418
22746 8616 28185
8616 22746 28185
28185 8616 22746
23146 25973 28709
25973 23146 28709
28709 23146 25973
2851 11218 11884
11884 2851 11218
11218 2851 11884
19974 12113 13094
12113 13094 19974
13094 12113 19974
27274 14289 14752
14752 14289 27274
14289 14752 27274
18137 5594 14749
14749 5594 18137
5594 14749 18137
29443 3397 5145
5145 3397 29443
3397 5145 29443
6130 9423 17331
9423 6130 17331
17331 6130 9423
13745 1828 2684
1828 2684 13745
2684 1828 13745
871 3371 23386
3371 871 23386
23386 871 3371
7461 5261 17487
17487 5261 7461
5261 7461 17487
22366 1375 2212
1375 2212 22366
2212 1375 22366
664 12271 12813
12813 664 12271
12271 664 12813
28646 23605 25216
25216 23605 28646
23605 25216 28646
26213 18831 21317
21317 18831 26213
18831 21317 26213
9057 15450 21726
21726 9057 15450
15450 9057 21726
10145 22832 28623
22832 10145 28623
28623 10145 22832
27739 14592 28692
14592 27739 28692
28692 14592 27739
12868 3327 21035
21035 3327 12868
3327 12868 21035
13924 901 4985
901 4985 13924
4985 901 13924
22138 17173 17932
17173 17932 22138
17932 17173 22138
3127 3865 15877
3865 3127 15877
15877 3127 3865
1609 12170 13489
12170 1609 13489
13489 1609 12170
12500 19864 29011
19864 12500 29011
29011 12500 19864
3850 1805 6295
6295 1805 3850
1805 3850 6295
28002 330 12041
12041 330 28002
330 12041 28002
7904 23550 25759
25759 7904 23550
23550 7904 25759
15503 17914 25887
17914 15503 25887
25887 15503 17914
26808 20904 21577
20904 21577 26808
21577 20904 26808
17370 18424 22807
22807 17370 18424
18424 17370 22807
13368 16566 20655
16566 13368 20655
20655 13368 16566
19552 2211 22741
2211 19552 22741
22741 2211 19552
2938 1096 11329
11329 1096 2938
1096 2938 11329
26233 10955 28641
10955 26233 28641
28641 10955 26233
14239 5610 14205
14205 5610 14239
5610 14205 14239
13797 9996 15124
15124 9996 13797
9996 13797 15124
1848 13409 22539
22539 1848 13409
13409 1848 22539
14550 1497 29159
29159 1497 14550
1497 14550 29159
24235 5893 15431
15431 5893 24235
5893 15431 24235
19813 9656 21962
9656 19813 21962
21962 9656 19813
12121 15918 29866
29866 12121 15918
15918 12121 29866
14133 13262 27262
13262 14133 27262
27262 13262 14133
13855 2370 29422
2370 13855 29422
29422 2370 13855
19601 16811 23489
16811 19601 23489
23489 16811 19601
1466 6179 20090
6179 1466 20090
20090 1466 6179
15740 19068 24711
19068 15740 24711
24711 15740 19068
8050 375 25069
375 8050 25069
25069 375 8050
28617 14180 23363
23363 14180 28617
14180 23363 28617
27244 6794 13805
6794 13805 27244
13805 6794 27244
23988 9485 24630
9485 23988 24630
24630 9485 23988
7364 5566 10695
5566 7364 10695
10695 5566 7364
1608 17524 21735
21735 1608 17524
17524 1608 21735
16664 21497 27727
21497 16664 27727
27727 16664 21497
21746 4778 9081
4778 9081 21746
9081 4778 21746
6071 18907 22800
22800 6071 18907
18907 6071 22800
25773 9118 17830
17830 9118 25773
9118 17830 25773
10147 5398 21348
5398 10147 21348
21348 5398 10147
10893 13217 26659
26659 10893 13217
13217 10893 26659
4671 6688 8681
6688 4671 8681
8681 4671 6688
19452 20279 21266
21266 19452 20279
20279 19452 21266
4724 7346 18177
7346 4724 18177
18177 4724 7346
19764 12626 21559
21559 12626 19764
12626 19764 21559
15330 14990 15482
15482 14990 15330
14990 15330 15482
25872 10412 14651
14651 10412 25872
10412 14651 25872
22965 7160 9863
9863 7160 22965
7160 9863 22965
14096 5699 6172
5699 6172 14096
6172 5699 14096
13076 25020 25765
25765 13076 25020
25020 13076 25765
9060 6641 23458
23458 6641 9060
6641 9060 23458
25898 25805 28381
28381 25805 25898
25805 25898 28381
20025 20925 29243
20925 20025 29243
29243 20025 20925
26750 5577 23840
23840 5577 26750
5577 23840 26750
1207 1060 16512
16512 1060 1207
1060 1207 16512
27756 622 21149
622 21149 27756
21149 622 27756
28707 1646 10809
1646 10809 28707
10809 1646 28707
8601 5501 27586
27586 5501 8601
5501 8601 27586
29997 24 1924
24 1924 29997
1924 24 29997
9949 4113 26995
4113 9949 26995
26995 4113 9949
25657 1064 11883
1064 11883 25657
11883 1064 25657
18506 3426 19194
3426 18506 19194
19194 3426 18506
6704 4667 15800
15800 4667 6704
4667 6704 15800
11229 20755 29695
29695 11229 20755
20755 11229 29695
6631 8664 15220
8664 6631 15220
15220 6631 8664
24186 1655 27926
1655 24186 27926
27926 1655 24186
25701 5769 23978
5769 23978 25701
23978 5769 25701
16919 14330 26875
14330 16919 26875
26875 14330 16919
27342 6981 14729
6981 14729 27342
14729 6981 27342
24640 19029 21553
19029 21553 24640
21553 19029 24640
13305 5154 20895
5154 13305 20895
20895 5154 13305
19304 2327 22025
2327 19304 22025
22025 2327 19304
10431 5925 11805
5925 10431 11805
11805 5925 10431
3687 11252 24989
11252 3687 24989
24989 3687 11252
6411 19189 29413
29413 6411 19189
19189 6411 29413
5768 3971 18994
3971 5768 18994
18994 3971 5768
21775 1699 23057
1699 21775 23057
23057 1699 21775
4505 6014 13709
13709 4505 6014
6014 4505 13709
666 12791 16937
16937 666 12791
12791 666 16937
3879 17221 20656
17221 3879 20656
20656 3879 17221
3373 1877 2114
1877 2114 3373
2114 1877 3373
5230 7994 28582
28582 5230 7994
7994 5230 28582
1990 9653 15171
15171 1990 9653
9653 1990 15171
883 3917 21455
21455 883 3917
3917 883 21455
23741 5275 17056
17056 5275 23741
5275 17056 23741
9450 3602 7309
3602 7309 9450
7309 3602 9450
10437 2204 21566
21566 2204 10437
2204 10437 21566
4894 9307 23051
9307 4894 23051
23051 4894 9307
6860 15844 15947
15844 6860 15947
15947 6860 15844
28820 7392 22960
22960 7392 28820
7392 22960 28820
14474 4981 6929
6929 4981 14474
4981 6929 14474
27395 7407 11870
11870 7407 27395
7407 11870 27395
19025 15595 19327
19327 15595 19025
15595 19025 19327
19873 17300 20621
17300 19873 20621
20621 17300 19873
23736 1735 6357
6357 1735 23736
1735 6357 23736
8243 697 9607
9607 697 8243
697 8243 9607
20196 21582 27881
21582 20196 27881
27881 20196 21582
2896 19344 22510
19344 2896 22510
22510 2896 19344
18910 5282 6306
6306 5282 18910
5282 6306 18910
12669 18582 29261
29261 12669 18582
18582 12669 29261
17916 13862 24069
13862 17916 24069
24069 13862 17916
24215 2278 16427
16427 2278 24215
2278 16427 24215
18869 9289 23226
23226 9289 18869
9289 18869 23226
21810 119 2928
119 2928 21810
2928 119 21810
19899 9643 22992
9643 19899 22992
22992 9643 19899
15932 11147 25402
25402 11147 15932
11147 15932 25402
29583 12754 23109
23109 12754 29583
12754 23109 29583
17010 7539 8482
8482 7539 17010
7539 8482 17010
17819 16657 25239
16657 17819 25239
25239 16657 17819
20836 11445 29647
11445 20836 29647
29647 11445 20836
10187 5781 28970
28970 5781 10187
5781 10187 28970
14839 493 6133
6133 493 14839
493 6133 14839
22710 4494 5430
5430 4494 22710
4494 5430 22710
18052 1210 28030
28030 1210 18052
1210 18052 28030
23839 8656 16674
16674 8656 23839
8656 16674 23839
27617 214 1745
214 1745 27617
1745 214 27617
22428 14808 15562
14808 15562 22428
15562 14808 22428
19838 5053 22512
22512 5053 19838
5053 19838 22512
20085 19404 28072
28072 19404 20085
19404 20085 28072
6282 13348 16925
16925 6282 13348
13348 6282 16925
10285 6595 19255
19255 6595 10285
6595 10285 19255
25644 19534 25576
19534 25576 25644
25576 19534 25644
2358 22215 26557
26557 2358 22215
22215 2358 26557
13166 2924 14103
14103 2924 13166
2924 13166 14103
3880 1670 21860
21860 1670 3880
1670 3880 21860
29058 2605 21245
2605 21245 29058
21245 2605 29058
2748 1952 16325
16325 1952 2748
1952 2748 16325
12928 9492 12628
12628 9492 12928
9492 12628 12928
13876 16277 23673
16277 13876 23673
23673 13876 16277
5685 15719 27434
27434 5685 15719
15719 5685 27434
7212 1294 22926
22926 1294 7212
1294 7212 22926
29555 20328 22612
22612 20328 29555
20328 22612 29555
5654 694 28267
694 5654 28267
28267 694 5654
21628 5611 13047
5611 13047 21628
13047 5611 21628
10288 5665 26901
26901 5665 10288
5665 10288 26901
3181 3393 13531
13531 3181 3393
3393 3181 13531
12741 2478 13306
13306 2478 12741
2478 12741 13306
12245 8872 26433
26433 8872 12245
8872 12245 26433
14973 16191 21062
16191 14973 21062
21062 14973 16191
10115 19470 25598
25598 10115 19470
19470 10115 25598
14980 20153 24318
24318 14980 20153
20153 14980 24318
18779 10278 29164
10278 18779 29164
29164 10278 18779
4751 5010 22318
5010 4751 22318
22318 4751 5010
27093 9958 10065
10065 9958 27093
9958 10065 27093
20 17802 24403
17802 20 24403
24403 20 17802
29468 9787 22913
9787 22913 29468
22913 9787 29468
4646 8383 28846
28846 4646 8383
8383 4646 28846
11425 6131 24397
6131 11425 24397
24397 6131 11425
20216 5922 13324
13324 5922 20216
5922 13324 20216
3387 341 8913
341 3387 8913
8913 341 3387
8493 14107 22250
22250 8493 14107
14107 8493 22250
4421 14263 26479
14263 4421 26479
26479 4421 14263
4668 7297 16201
16201 4668 7297
7297 4668 16201
1058 21958 23618
23618 1058 21958
21958 1058 23618
1448 3424 9857
9857 1448 3424
3424 1448 9857
26581 22520 23756
23756 22520 26581
22520 23756 26581
18610 26447 26978
26978 18610 26447
26447 18610 26978
27429 3052 28618
28618 3052 27429
3052 27429 28618
19018 11434 28567
28567 11434 19018
11434 19018 28567
23350 863 22852
863 22852 23350
22852 863 23350
369 9041 19460
19460 369 9041
9041 369 19460
9713 5809 9017
5809 9017 9713
9017 5809 9713
17767 4672 11919
4672 11919 17767
11919 4672 17767
26629 2858 8152
8152 2858 26629
2858 8152 26629
20018 28560 28762
28560 20018 28762
28762 20018 28560
576 1049 20081
20081 576 1049
1049 576 20081
4515 658 22696
22696 658 4515
658 4515 22696
15511 8135 28873
28873 8135 15511
8135 15511 28873
20923 17163 27990
17163 20923 27990
27990 17163 20923
29954 1502 21001
21001 1502 29954
1502 21001 29954
29621 1752 20438
1752 20438 29621
20438 1752 29621
25682 5966 20415
5966 20415 25682
20415 5966 25682
14854 5410 22382
5410 14854 22382
22382 5410 14854
9015 9877 27553
27553 9015 9877
9877 9015 27553
12249 3875 16753
16753 3875 12249
3875 12249 16753
11995 6030 27552
27552 6030 11995
6030 11995 27552
26714 13790 22095
22095 13790 26714
13790 22095 26714
27906 8463 8724
8463 8724 27906
8724 8463 27906
18320 6554 25118
25118 6554 18320
6554 18320 25118
3506 8311 23179
23179 3506 8311
8311 3506 23179
26614 748 23960
23960 748 26614
748 23960 26614
21128 11337 22559
11337 21128 22559
22559 11337 21128
23699 16527 19956
19956 16527 23699
16527 19956 23699
23353 19372 27505
27505 19372 23353
19372 23353 27505
11205 2527 9187
9187 2527 11205
2527 9187 11205
17108 2833 16703
16703 2833 17108
2833 16703 17108
26577 3055 8449
3055 8449 26577
8449 3055 26577
11961 6138 15839
15839 6138 11961
6138 11961 15839
7579 11321 23936
23936 7579 11321
11321 7579 23936
5853 11923 24506
24506 5853 11923
11923 5853 24506
7928 12486 21666
12486 7928 21666
21666 7928 12486
6224 10992 21159
21159 6224 10992
10992 6224 21159
24976 11643 20024
11643 20024 24976
20024 11643 24976
16521 13124 21058
13124 16521 21058
21058 13124 16521
4786 21084 25534
25534 4786 21084
21084 4786 25534
24445 19649 19863
19649 19863 24445
19863 19649 24445
26936 17113 26031
26031 17113 26936
17113 26031 26936
16064 19158 22043
19158 16064 22043
22043 16064 19158
6413 9174 29244
9174 6413 29244
29244 6413 9174
3665 2952 26026
26026 2952 3665
2952 3665 26026
20617 4129 5217
5217 4129 20617
4129 5217 20617
1048 2838 6852
2838 1048 6852
6852 1048 2838
4486 11304 20934
20934 4486 11304
11304 4486 20934
20623 7832 19400
7832 19400 20623
19400 7832 20623
14218 18692 22756
22756 14218 18692
18692 14218 22756
6579 18159 20272
20272 6579 18159
18159 6579 20272
22591 13520 15473
15473 13520 22591
13520 15473 22591
17424 14279 24498
24498 14279 17424
14279 17424 24498
26536 11167 24766
24766 11167 26536
11167 24766 26536
23866 5647 9441
5647 9441 23866
9441 5647 23866
1865 6435 6818
6818 1865 6435
6435 1865 6818
21003 9217 13008
9217 13008 21003
13008 9217 21003
4066 1190 4627
1190 4066 4627
4627 1190 4066
5127 3489 12972
12972 3489 5127
3489 5127 12972
26348 4485 22977
4485 22977 26348
22977 4485 26348
10932 5091 9597
9597 5091 10932
5091 9597 10932
9557 2921 8662
2921 8662 9557
8662 2921 9557
19495 14616 19062
19062 14616 19495
14616 19062 19495
5602 532 8529
532 5602 8529
8529 532 5602
15001 25029 29034
29034 15001 25029
25029 15001 29034
3129 8666 27678
8666 3129 27678
27678 3129 8666
24879 9023 23856
9023 23856 24879
23856 9023 24879
13267 5226 11756
5226 11756 13267
11756 5226 13267
16392 12465 26083
12465 16392 26083
26083 12465 16392
6465 14825 25533
25533 6465 14825
14825 6465 25533
23541 23875 28093
23875 23541 28093
28093 23541 23875
12393 8302 18309
8302 12393 18309
18309 8302 12393
5635 3298 23846
23846 3298 5635
3298 5635 23846
4666 13277 24685
24685 4666 13277
13277 4666 24685
10143 24719 25705
24719 10143 25705
25705 10143 24719
17647 7740 22987
7740 17647 22987
22987 7740 17647
15737 20099 27320
20099 15737 27320
27320 15737 20099
4493 2345 6926
2345 4493 6926
6926 2345 4493
8199 11700 25472
25472 8199 11700
11700 8199 25472
6536 10380 24349
24349 6536 10380
10380 6536 24349
14300 19894 28089
19894 14300 28089
28089 14300 19894
23796 5928 15680
15680 5928 23796
5928 15680 23796
7523 13279 19089
13279 7523 19089
19089 7523 13279
27650 940 13853
13853 940 27650
940 13853 27650
24363 6628 27760
27760 6628 24363
6628 24363 27760
10855 12529 29165
29165 10855 12529
12529 10855 29165
26977 24508 24725
24725 24508 26977
24508 24725 26977
8502 19186 24734
19186 8502 24734
24734 8502 19186
7463 13836 28416
13836 7463 28416
28416 7463 13836
12622 22073 27822
22073 12622 27822
27822 12622 22073
22747 11546 16276
11546 16276 22747
16276 11546 22747
5374 21501 23385
21501 5374 23385
23385 5374 21501
4741 6066 26448
26448 4741 6066
6066 4741 26448
6016 3231 4114
3231 4114 6016
4114 3231 6016
28215 7723 21215
7723 21215 28215
21215 7723 28215
24090 3975 18229
3975 18229 24090
18229 3975 24090
2911 501 19904
501 2911 19904
19904 501 2911
5691 1530 26625
1530 5691 26625
26625 1530 5691
15704 912 13544
13544 912 15704
912 13544 15704
14217 9728 19267
9728 14217 19267
19267 9728 14217
16116 8213 27697
27697 8213 16116
8213 16116 27697
15702 15890 29842
15890 15702 29842
29842 15702 15890
2064 1321 22843
1321 2064 22843
22843 1321 2064
20074 16409 23662
23662 16409 20074
16409 20074 23662
23744 9424 18008
9424 18008 23744
18008 9424 23744
28750 281 4072
4072 281 28750
281 4072 28750
23065 9593 19492
9593 19492 23065
19492 9593 23065
16182 6842 23771
23771 6842 16182
6842 16182 23771
25315 12816 14231
12816 14231 25315
14231 12816 25315
18570 15556 29696
29696 15556 18570
15556 18570 29696
10716 12883 25179
12883 10716 25179
25179 10716 12883
4389 7733 27128
27128 4389 7733
7733 4389 27128
16604 6000 25030
25030 6000 16604
6000 16604 25030
15380 18026 25130
18026 15380 25130
25130 15380 18026
15717 8343 22910
22910 8343 15717
8343 15717 22910
8353 7293 23753
7293 8353 23753
23753 7293 8353
29125 9135 22925
22925 9135 29125
9135 22925 29125
19134 7243 10929
7243 10929 19134
10929 7243 19134
23470 26050 26255
26255 23470 26050
26050 23470 26255
26339 11078 17281
11078 17281 26339
17281 11078 26339
25752 14376 20692
20692 14376 25752
14376 20692 25752
10469 11145 17464
11145 10469 17464
17464 10469 11145
152 3956 6104
3956 152 6104
6104 152 3956
24105 9368 21264
9368 21264 24105
21264 9368 24105
18413 6106 11291
11291 6106 18413
6106 11291 18413
7920 21961 27113
21961 7920 27113
27113 7920 21961
3825 26001 28871
28871 3825 26001
26001 3825 28871
9123 19296 22396
19296 9123 22396
22396 9123 19296
26732 3046 29434
29434 3046 26732
3046 26732 29434
6977 1406 14325
14325 1406 6977
1406 6977 14325
7277 9683 13780
9683 7277 13780
13780 7277 9683
14884 7831 28054
7831 14884 28054
28054 7831 14884
29301 7288 13698
7288 13698 29301
13698 7288 29301
12235 10105 25055
10105 12235 25055
25055 10105 12235
24851 2819 21488
2819 21488 24851
21488 2819 24851
27861 2127 29578
29578 2127 27861
2127 27861 29578
12871 7712 16765
7712 12871 16765
16765 7712 12871
8691 10924 12699
12699 8691 10924
10924 8691 12699
4155 3259 29512
3259 4155 29512
29512 3259 4155
25862 4977 18123
4977 18123 25862
18123 4977 25862
19911 7122 23657
23657 7122 19911
7122 19911 23657
12040 25271 27615
25271 12040 27615
27615 12040 25271
6045 2097 14416
2097 6045 14416
14416 2097 6045
18714 7884 9940
7884 9940 18714
9940 7884 18714
15375 18485 22500
18485 15375 22500
22500 15375 18485
13419 20255 24817
20255 13419 24817
24817 13419 20255
8516 25349 25566
25566 8516 25349
25349 8516 25566
14617 15337 22705
22705 14617 15337
15337 14617 22705
524 18598 29463
29463 524 18598
18598 524 29463
919 3336 9433
3336 919 9433
9433 919 3336
14282 8222 9618
9618 8222 14282
8222 9618 14282
16468 8442 9866
8442 9866 16468
9866 8442 16468
1268 5297 15104
5297 1268 15104
15104 1268 5297
29229 4865 14677
4865 14677 29229
14677 4865 29229
2354 13413 16262
16262 2354 13413
13413 2354 16262
11175 11080 13916
11080 11175 13916
13916 11080 11175
17117 4472 23763
4472 17117 23763
23763 4472 17117
19892 9684 10139
10139 9684 19892
9684 10139 19892
16021 14911 18761
18761 14911 16021
14911 16021 18761
7675 13824 28025
13824 7675 28025
28025 7675 13824
26872 19076 20927
20927 19076 26872
19076 20927 26872
7382 14350 25808
25808 7382 14350
14350 7382 25808
8395 25318 27781
27781 8395 25318
25318 8395 27781
20758 16070 18642
16070 18642 20758
18642 16070 20758
10128 15522 27059
27059 10128 15522
15522 10128 27059
23644 21277 26124
26124 21277 23644
