18025 13837 26876
26876 13837 18025
13837 18025 26876
16539 11637 17001
11637 16539 17001
17001 11637 16539
8408 8643 10755
10755 8408 8643
8643 8408 10755
6005 1457 24802
24802 1457 6005
1457 6005 24802
27696 5919 17811
5919 17811 27696
17811 5919 27696
2968 7095 26762
7095 2968 26762
26762 2968 7095
14689 18021 20272
18021 14689 20272
20272 14689 18021
24113 3782 7220
7220 3782 24113
3782 7220 24113
9430 749 26125
749 9430 26125
26125 749 9430
18380 4353 23950
23950 4353 18380
4353 18380 23950
29290 3014 19349
19349 3014 29290
3014 19349 29290
26497 5866 14863
5866 14863 26497
14863 5866 26497
24339 4056 8404
4056 8404 24339
8404 4056 24339
20200 24124 24993
24124 20200 24993
24993 20200 24124
23797 12696 28699
12696 23797 28699
28699 12696 23797
25864 13605 21365
21365 13605 25864
13605 21365 25864
9395 15798 26680
26680 9395 15798
15798 9395 26680
21238 19414 26749
26749 19414 21238
19414 21238 26749
8224 17030 20613
17030 8224 20613
20613 8224 17030
26326 9609 27325
27325 9609 26326
9609 26326 27325
3113 21816 25975
25975 3113 21816
21816 3113 25975
18988 8361 12962
8361 12962 18988
12962 8361 18988
22660 15031 26247
26247 15031 22660
15031 22660 26247
21775 2856 20317
2856 20317 21775
20317 2856 21775
19291 24058 29518
24058 19291 29518
29518 19291 24058
27437 1886 13755
1886 13755 27437
13755 1886 27437
1316 3920 12099
12099 1316 3920
3920 1316 12099
11509 4175 5572
5572 4175 11509
4175 5572 11509
12980 8612 24639
24639 8612 12980
8612 12980 24639
16406 25859 29044
25859 16406 29044
29044 16406 25859
635 21758 22232
22232 635 21758
21758 635 22232
20294 3492 5788
5788 3492 20294
3492 5788 20294
28748 6511 27341
27341 6511 28748
6511 27341 28748
20802 3867 21437
3867 20802 21437
21437 3867 20802
14221 6380 29420
29420 6380 14221
6380 14221 29420
16939 22202 29678
22202 16939 29678
29678 16939 22202
28990 12122 25257
12122 25257 28990
25257 12122 28990
13304 61 29258
29258 61 13304
61 13304 29258
26034 6195 11828
6195 11828 26034
11828 6195 26034
4612 5107 29759
5107 4612 29759
29759 4612 5107
5894 11271 17856
17856 5894 11271
11271 5894 17856
24222 9726 17038
17038 9726 24222
9726 17038 24222
27419 16662 26738
16662 26738 27419
26738 16662 27419
19839 6041 17984
17984 6041 19839
6041 17984 19839
15594 8114 17901
8114 15594 17901
17901 8114 15594
2459 4978 26198
26198 2459 4978
4978 2459 26198
6322 735 11182
11182 735 6322
735 6322 11182
25881 7628 12269
12269 7628 25881
7628 12269 25881
24378 24591 28216
24591 24378 28216
28216 24378 24591
9753 5305 24588
24588 5305 9753
5305 9753 24588
3160 3559 27396
27396 3160 3559
3559 3160 27396
27872 25504 27010
25504 27010 27872
27010 25504 27872
15750 11281 17046
11281 15750 17046
17046 11281 15750
10827 14308 21393
21393 10827 14308
14308 10827 21393
21725 2267 18730
2267 18730 21725
18730 2267 21725
14923 16955 20223
20223 14923 16955
16955 14923 20223
26520 8980 29273
8980 26520 29273
29273 8980 26520
20607 7904 24857
7904 20607 24857
24857 7904 20607
4499 22767 26086
26086 4499 22767
22767 4499 26086
428 2179 9290
9290 428 2179
2179 428 9290
21876 21788 28973
21788 21876 28973
28973 21788 21876
13762 16224 25874
16224 13762 25874
25874 13762 16224
2773 18712 25164
18712 2773 25164
25164 2773 18712
21010 3519 14641
14641 3519 21010
3519 14641 21010
5050 3464 10820
3464 5050 10820
10820 3464 5050
11832 4660 17236
4660 11832 17236
17236 4660 11832
12713 4549 24915
4549 12713 24915
24915 4549 12713
5920 1833 23583
23583 1833 5920
1833 5920 23583
4155 10590 18612
18612 4155 10590
10590 4155 18612
12918 11806 18291
18291 11806 12918
11806 12918 18291
1524 13956 14653
13956 1524 14653
14653 1524 13956
9801 15518 24752
24752 9801 15518
15518 9801 24752
25797 2649 13626
13626 2649 25797
2649 13626 25797
23905 3180 27168
27168 3180 23905
3180 23905 27168
6286 10660 27518
27518 6286 10660
10660 6286 27518
29029 1047 6020
6020 1047 29029
1047 6020 29029
23479 10678 13978
10678 13978 23479
13978 10678 23479
16561 6175 25750
6175 16561 25750
25750 6175 16561
2538 4855 20419
4855 2538 20419
20419 2538 4855
17329 9554 23386
23386 9554 17329
9554 17329 23386
8930 1624 26970
26970 1624 8930
1624 8930 26970
12596 28893 29130
29130 12596 28893
28893 12596 29130
1239 12426 17137
12426 1239 17137
17137 1239 12426
24703 14215 14868
14215 14868 24703
14868 14215 24703
11147 1385 29233
1385 11147 29233
29233 1385 11147
26794 15440 23335
23335 15440 26794
15440 23335 26794
111 17601 26233
17601 111 26233
26233 111 17601
7321 964 15135
964 7321 15135
15135 964 7321
10895 486 12699
486 10895 12699
12699 486 10895
24860 479 17662
479 17662 24860
17662 479 24860
14705 10877 21110
10877 14705 21110
21110 10877 14705
23922 8515 25013
8515 23922 25013
25013 8515 23922
28909 165 18647
18647 165 28909
165 18647 28909
20251 5038 16072
16072 5038 20251
5038 16072 20251
3298 14123 16612
16612 3298 14123
14123 3298 16612
14820 5078 27044
5078 14820 27044
27044 5078 14820
24112 11422 16566
11422 16566 24112
16566 11422 24112
9920 6922 17504
17504 6922 9920
6922 9920 17504
24303 19347 22734
19347 22734 24303
22734 19347 24303
12555 4011 11240
4011 11240 12555
11240 4011 12555
11126 15215 24298
24298 11126 15215
15215 11126 24298
12738 5425 22216
22216 5425 12738
5425 12738 22216
11312 483 20184
483 11312 20184
20184 483 11312
26268 12217 12934
12934 12217 26268
12217 12934 26268
4187 2318 16057
2318 4187 16057
16057 2318 4187
10144 1429 29761
29761 1429 10144
1429 10144 29761
21228 6464 26733
26733 6464 21228
6464 21228 26733
19214 5717 20370
20370 5717 19214
5717 19214 20370
14439 27900 29828
29828 14439 27900
27900 14439 29828
6902 4993 21975
21975 4993 6902
4993 6902 21975
4609 2018 7010
2018 4609 7010
7010 2018 4609
11882 12432 13784
12432 11882 13784
13784 11882 12432
25903 1783 21169
21169 1783 25903
1783 21169 25903
13070 1546 5613
1546 5613 13070
5613 1546 13070
16987 1919 19616
1919 16987 19616
19616 1919 16987
14260 1491 20966
20966 1491 14260
1491 14260 20966
15639 5013 6343
5013 6343 15639
6343 5013 15639
12257 8807 24911
24911 8807 12257
8807 12257 24911
18462 12471 19215
19215 12471 18462
12471 18462 19215
4837 8694 28806
28806 4837 8694
8694 4837 28806
16455 8939 20248
20248 8939 16455
8939 16455 20248
2196 12978 15342
15342 2196 12978
12978 2196 15342
2683 17237 18411
17237 2683 18411
18411 2683 17237
3429 1062 6114
6114 1062 3429
1062 3429 6114
17841 13862 29451
29451 13862 17841
13862 17841 29451
13284 555 24066
555 13284 24066
24066 555 13284
25522 1158 22205
1158 22205 25522
22205 1158 25522
14278 23661 28157
28157 14278 23661
23661 14278 28157
4880 18075 27062
18075 4880 27062
27062 4880 18075
2138 14295 17858
17858 2138 14295
14295 2138 17858
13900 11698 20338
11698 13900 20338
20338 11698 13900
26187 513 659
513 659 26187
659 513 26187
2577 5395 14044
14044 2577 5395
5395 2577 14044
4238 1848 14256
1848 4238 14256
14256 1848 4238
22174 5857 27065
27065 5857 22174
5857 22174 27065
12577 18260 25838
25838 12577 18260
18260 12577 25838
21455 7502 11965
7502 11965 21455
11965 7502 21455
3201 9890 27694
27694 3201 9890
9890 3201 27694
9510 8832 28407
8832 9510 28407
28407 8832 9510
15338 7476 13104
7476 13104 15338
13104 7476 15338
21175 16369 18706
18706 16369 21175
16369 18706 21175
13502 10699 29816
10699 13502 29816
29816 10699 13502
13440 19733 20735
19733 13440 20735
20735 13440 19733
24198 10988 22419
22419 10988 24198
10988 22419 24198
17623 8157 8757
8757 8157 17623
8157 8757 17623
10013 17480 17963
17963 10013 17480
17480 10013 17963
6618 8295 26071
8295 6618 26071
26071 6618 8295
13694 5821 29426
5821 13694 29426
29426 5821 13694
4060 11921 22027
22027 4060 11921
11921 4060 22027
17124 8936 25642
8936 17124 25642
25642 8936 17124
4767 11153 23327
11153 4767 23327
23327 4767 11153
17186 21156 27452
21156 17186 27452
27452 17186 21156
8306 5446 18392
5446 8306 18392
18392 5446 8306
21999 16600 27496
16600 21999 27496
27496 16600 21999
13730 18506 23639
23639 13730 18506
18506 13730 23639
6732 1887 27330
27330 1887 6732
1887 6732 27330
5057 11598 27686
11598 5057 27686
27686 5057 11598
26305 7625 18512
7625 18512 26305
18512 7625 26305
3554 24216 26049
26049 3554 24216
24216 3554 26049
15887 6944 29526
6944 15887 29526
29526 6944 15887
14033 11704 25571
25571 11704 14033
11704 14033 25571
17658 21045 29912
29912 17658 21045
21045 17658 29912
4524 18294 26002
26002 4524 18294
18294 4524 26002
8657 9375 21553
9375 8657 21553
21553 8657 9375
23237 5242 22255
5242 22255 23237
22255 5242 23237
17538 687 25269
25269 687 17538
687 17538 25269
19031 6006 10369
10369 6006 19031
6006 10369 19031
26835 19714 27845
19714 26835 27845
27845 19714 26835
19212 10724 15684
10724 15684 19212
15684 10724 19212
20226 2695 27828
27828 2695 20226
2695 20226 27828
22529 6423 10823
10823 6423 22529
6423 10823 22529
22121 11954 12272
11954 12272 22121
12272 11954 22121
227 2995 18231
2995 227 18231
18231 227 2995
17937 18320 26504
18320 17937 26504
26504 17937 18320
20291 13856 24411
13856 20291 24411
24411 13856 20291
26147 9719 9742
9742 9719 26147
9719 9742 26147
2200 1061 9982
9982 1061 2200
1061 2200 9982
7089 6817 22557
6817 7089 22557
22557 6817 7089
19267 22013 29425
29425 19267 22013
22013 19267 29425
5468 20917 22853
22853 5468 20917
20917 5468 22853
15899 7511 17593
7511 15899 17593
17593 7511 15899
16159 11549 29063
29063 11549 16159
11549 16159 29063
25141 13362 26069
13362 25141 26069
26069 13362 25141
26012 11724 19857
19857 11724 26012
11724 19857 26012
11808 17557 26163
26163 11808 17557
17557 11808 26163
16008 870 4082
4082 870 16008
870 4082 16008
1311 3798 7774
3798 1311 7774
7774 1311 3798
21526 913 27689
913 21526 27689
27689 913 21526
22314 9100 11112
11112 9100 22314
9100 11112 22314
5330 11483 15097
15097 5330 11483
11483 5330 15097
28671 17086 24611
17086 24611 28671
24611 17086 28671
1412 19634 25810
19634 1412 25810
25810 1412 19634
783 12764 17371
17371 783 12764
12764 783 17371
13577 5381 16351
5381 13577 16351
16351 5381 13577
429 12977 24458
24458 429 12977
12977 429 24458
22893 10703 13147
13147 10703 22893
10703 13147 22893
29992 22131 29491
22131 29491 29992
29491 22131 29992
21976 337 22977
22977 337 21976
337 21976 22977
9799 9731 16959
16959 9731 9799
9731 9799 16959
22998 14499 20776
14499 20776 22998
20776 14499 22998
5916 796 2920
2920 796 5916
796 2920 5916
12659 15460 27962
15460 12659 27962
27962 12659 15460
18164 4550 14827
4550 14827 18164
14827 4550 18164
23102 13056 20614
13056 20614 23102
20614 13056 23102
8067 6347 13747
6347 8067 13747
13747 6347 8067
4037 1647 20374
1647 4037 20374
20374 1647 4037
13348 19263 23105
23105 13348 19263
19263 13348 23105
7297 1165 2009
2009 1165 7297
1165 2009 7297
26670 10325 18103
10325 18103 26670
18103 10325 26670
10234 771 16148
16148 771 10234
771 10234 16148
18412 17394 22773
17394 18412 22773
22773 17394 18412
19250 19161 22506
22506 19161 19250
19161 19250 22506
12748 7583 21800
21800 7583 12748
7583 12748 21800
7907 15144 25384
25384 7907 15144
15144 7907 25384
27020 21286 28956
28956 21286 27020
21286 27020 28956
14554 15063 24748
24748 14554 15063
15063 14554 24748
20127 1684 6562
6562 1684 20127
1684 6562 20127
15205 12515 16350
16350 12515 15205
12515 15205 16350
12901 26579 27064
27064 12901 26579
26579 12901 27064
13299 22215 23435
22215 13299 23435
23435 13299 22215
7936 13420 20487
13420 7936 20487
20487 7936 13420
7211 3212 5973
5973 3212 7211
3212 5973 7211
24108 15860 21921
21921 15860 24108
15860 21921 24108
24769 14009 29070
29070 14009 24769
14009 24769 29070
7457 5865 6609
6609 5865 7457
5865 6609 7457
17633 15694 23007
15694 17633 23007
23007 15694 17633
7042 7449 24318
7449 7042 24318
24318 7042 7449
12165 8036 9743
9743 8036 12165
8036 9743 12165
9380 18486 23859
23859 9380 18486
18486 9380 23859
19242 23574 29178
23574 19242 29178
29178 19242 23574
17075 21852 23982
23982 17075 21852
21852 17075 23982
22155 6224 27821
27821 6224 22155
6224 22155 27821
26619 13007 18242
18242 13007 26619
13007 18242 26619
20632 12680 19969
12680 19969 20632
19969 12680 20632
27766 4944 13351
4944 13351 27766
13351 4944 27766
18875 6101 15885
6101 15885 18875
15885 6101 18875
28757 17049 26258
17049 26258 28757
26258 17049 28757
5800 3349 16032
16032 3349 5800
3349 5800 16032
12151 9913 12777
12777 9913 12151
9913 12151 12777
21164 4179 8213
4179 8213 21164
8213 4179 21164
2584 3701 16091
16091 2584 3701
3701 2584 16091
20707 22887 29569
22887 20707 29569
29569 20707 22887
14811 13609 17265
17265 13609 14811
13609 14811 17265
1003 1335 23625
1335 1003 23625
23625 1003 1335
2506 15379 26294
26294 2506 15379
15379 2506 26294
20887 4534 28728
4534 20887 28728
28728 4534 20887
16717 1548 23279
1548 16717 23279
23279 1548 16717
28077 14336 16829
14336 16829 28077
16829 14336 28077
19819 5900 12134
12134 5900 19819
5900 12134 19819
11029 572 15978
572 11029 15978
15978 572 11029
11732 10588 24755
10588 11732 24755
24755 10588 11732
22727 188 21720
188 21720 22727
21720 188 22727
24062 1732 5122
5122 1732 24062
1732 5122 24062
29308 24429 25891
24429 25891 29308
25891 24429 29308
4423 11457 21744
11457 4423 21744
21744 4423 11457
29689 370 20031
370 20031 29689
20031 370 29689
14546 2125 11539
2125 11539 14546
11539 2125 14546
2866 3318 25085
3318 2866 25085
25085 2866 3318
9321 14743 20392
14743 9321 20392
20392 9321 14743
15111 8872 11546
8872 11546 15111
11546 8872 15111
1845 17991 18885
17991 1845 18885
18885 1845 17991
2889 15708 27460
27460 2889 15708
15708 2889 27460
19768 6150 6393
6150 6393 19768
6393 6150 19768
18721 16146 19550
19550 16146 18721
16146 18721 19550
24729 12017 28099
28099 12017 24729
12017 24729 28099
28602 8861 23593
8861 23593 28602
23593 8861 28602
13059 26162 27008
27008 13059 26162
26162 13059 27008
969 12941 23708
12941 969 23708
23708 969 12941
29174 26643 29191
29191 26643 29174
26643 29174 29191
4822 3115 13233
13233 3115 4822
3115 4822 13233
23660 4995 21741
21741 4995 23660
4995 21741 23660
2164 1798 19958
1798 2164 19958
19958 1798 2164
26917 2581 15864
15864 2581 26917
2581 15864 26917
806 1193 5763
5763 806 1193
1193 806 5763
29096 19282 22913
22913 19282 29096
19282 22913 29096
22209 12050 20318
12050 20318 22209
20318 12050 22209
2622 17656 22556
22556 2622 17656
17656 2622 22556
22964 3927 7082
3927 7082 22964
7082 3927 22964
20019 15153 28409
28409 15153 20019
15153 20019 28409
5648 726 6768
6768 726 5648
726 5648 6768
6748 23786 25429
25429 6748 23786
23786 6748 25429
12125 2171 20935
20935 2171 12125
2171 12125 20935
10696 2324 12163
12163 2324 10696
2324 10696 12163
2513 5464 27682
5464 2513 27682
27682 2513 5464
26448 2118 9294
2118 9294 26448
9294 2118 26448
8772 9568 20253
9568 8772 20253
20253 8772 9568
29366 12332 25143
25143 12332 29366
12332 25143 29366
22081 1078 14027
14027 1078 22081
1078 14027 22081
24026 9582 15873
9582 15873 24026
15873 9582 24026
18287 11995 29928
29928 11995 18287
11995 18287 29928
12487 23702 29581
29581 12487 23702
23702 12487 29581
13812 3292 11842
3292 11842 13812
11842 3292 13812
4385 18634 20202
20202 4385 18634
18634 4385 20202
21579 6536 13424
6536 13424 21579
13424 6536 21579
20398 8865 21239
21239 8865 20398
8865 20398 21239
25423 23410 28680
23410 25423 28680
28680 23410 25423
28074 23207 26848
26848 23207 28074
23207 26848 28074
12843 12449 26207
12449 12843 26207
26207 12449 12843
7317 6831 8433
8433 6831 7317
6831 7317 8433
6983 9177 18518
9177 6983 18518
18518 6983 9177
4118 18116 27579
27579 4118 18116
18116 4118 27579
3649 5002 10172
5002 3649 10172
10172 3649 5002
23547 22546 25717
25717 22546 23547
22546 23547 25717
25353 1808 2051
1808 2051 25353
2051 1808 25353
18724 20651 23264
20651 18724 23264
23264 18724 20651
11304 212 5181
5181 212 11304
212 5181 11304
11013 14441 29049
29049 11013 14441
14441 11013 29049
19622 4753 14977
14977 4753 19622
4753 14977 19622
25815 8112 17719
8112 17719 25815
17719 8112 25815
19341 3959 5972
3959 5972 19341
5972 3959 19341
4332 1351 19379
19379 1351 4332
1351 4332 19379
26422 22538 26104
26104 22538 26422
22538 26104 26422
8317 5750 8833
5750 8317 8833
8833 5750 8317
11844 28332 28609
28609 11844 28332
28332 11844 28609
22127 17289 23138
17289 22127 23138
23138 17289 22127
23384 7062 18597
18597 7062 23384
7062 18597 23384
6783 7966 19107
19107 6783 7966
7966 6783 19107
7133 5779 12520
5779 7133 12520
12520 5779 7133
25205 2690 5116
5116 2690 25205
2690 5116 25205
16658 3505 20330
3505 16658 20330
20330 3505 16658
4794 20719 21500
21500 4794 20719
20719 4794 21500
26478 841 17473
841 17473 26478
17473 841 26478
3033 1221 3745
1221 3033 3745
3745 1221 3033
27862 12389 18814
18814 12389 27862
12389 18814 27862
8735 7412 25263
7412 8735 25263
25263 7412 8735
8673 3352 21361
21361 3352 8673
3352 8673 21361
28201 1823 29145
29145 1823 28201
1823 28201 29145
21004 13791 28685
13791 21004 28685
28685 13791 21004
10451 10523 16419
16419 10451 10523
10523 10451 16419
25934 13043 18752
18752 13043 25934
13043 18752 25934
29987 1627 14654
14654 1627 29987
1627 14654 29987
8000 14874 18526
18526 8000 14874
14874 8000 18526
10797 7188 25841
25841 7188 10797
7188 10797 25841
24903 25831 29302
25831 24903 29302
29302 24903 25831
11792 7585 24828
7585 11792 24828
24828 7585 11792
7841 3238 22681
3238 7841 22681
22681 3238 7841
9271 16366 18350
16366 9271 18350
18350 9271 16366
14137 7293 25576
7293 14137 25576
25576 7293 14137
20910 16490 26208
26208 16490 20910
16490 20910 26208
18839 19442 29301
29301 18839 19442
19442 18839 29301
19140 11729 25865
25865 11729 19140
11729 19140 25865
10878 3697 17396
17396 3697 10878
3697 10878 17396
2285 6643 23311
23311 2285 6643
6643 2285 23311
14088 6741 20874
6741 14088 20874
20874 6741 14088
16453 9 14519
14519 9 16453
9 14519 16453
23735 4579 11054
11054 4579 23735
4579 11054 23735
15402 2161 12338
2161 12338 15402
12338 2161 15402
13619 20039 25111
25111 13619 20039
20039 13619 25111
5213 3021 13806
3021 5213 13806
13806 3021 5213
16779 1927 21746
1927 16779 21746
21746 1927 16779
24725 1405 2604
2604 1405 24725
1405 2604 24725
25714 7119 23933
7119 23933 25714
23933 7119 25714
4985 14273 27281
14273 4985 27281
27281 4985 14273
25991 15731 24917
24917 15731 25991
15731 24917 25991
8436 14087 24776
14087 8436 24776
24776 8436 14087
10843 3123 15343
3123 10843 15343
15343 3123 10843
22292 17337 28462
17337 22292 28462
28462 17337 22292
24434 14120 16187
14120 16187 24434
16187 14120 24434
29489 9939 21730
21730 9939 29489
9939 21730 29489
11635 1036 4251
1036 4251 11635
4251 1036 11635
27146 5982 17816
17816 5982 27146
5982 17816 27146
16345 5249 25641
5249 16345 25641
25641 5249 16345
27616 778 4613
778 4613 27616
4613 778 27616
11873 11100 23141
11100 11873 23141
23141 11100 11873
4245 2700 6991
6991 2700 4245
2700 4245 6991
15508 17268 19960
19960 15508 17268
17268 15508 19960
2831 5206 11587
5206 2831 11587
11587 2831 5206
8323 4125 17242
17242 4125 8323
4125 8323 17242
19376 25945 28183
28183 19376 25945
25945 19376 28183
14998 9744 23584
9744 14998 23584
23584 9744 14998
2470 24633 24853
24633 2470 24853
24853 2470 24633
11453 9860 18058
18058 9860 11453
9860 11453 18058
14841 12321 29906
29906 12321 14841
12321 14841 29906
2828 2775 6569
6569 2775 2828
2775 2828 6569
5236 3568 19392
19392 3568 5236
3568 5236 19392
10535 1455 21733
21733 1455 10535
1455 10535 21733
10429 101 22827
22827 101 10429
101 10429 22827
10621 14517 19142
19142 10621 14517
14517 10621 19142
7855 14696 15461
15461 7855 14696
14696 7855 15461
18461 21106 23440
23440 18461 21106
21106 18461 23440
15132 189 10335
189 10335 15132
10335 189 15132
17584 14717 26382
14717 17584 26382
26382 14717 17584
2167 2676 29838
2676 2167 29838
29838 2167 2676
16416 1788 26433
26433 1788 16416
1788 16416 26433
21081 8209 25235
8209 21081 25235
25235 8209 21081
26842 12946 15574
15574 12946 26842
12946 15574 26842
27335 2511 19294
2511 19294 27335
19294 2511 27335
19338 11018 11537
11018 11537 19338
11537 11018 19338
22005 6685 28919
6685 22005 28919
28919 6685 22005
10329 2049 25795
25795 2049 10329
2049 10329 25795
28198 24180 25542
25542 24180 28198
24180 25542 28198
7260 2223 19757
19757 2223 7260
2223 7260 19757
23322 25742 27789
25742 23322 27789
27789 23322 25742
25713 6185 20231
20231 6185 25713
6185 20231 25713
11060 9323 24251
9323 11060 24251
24251 9323 11060
3127 19377 26281
19377 3127 26281
26281 3127 19377
5417 4787 5946
4787 5417 5946
5946 4787 5417
700 10741 15597
15597 700 10741
10741 700 15597
4419 5649 12170
12170 4419 5649
5649 4419 12170
19239 7753 15003
15003 7753 19239
7753 15003 19239
15776 7739 16839
7739 15776 16839
16839 7739 15776
11773 17737 25822
17737 11773 25822
25822 11773 17737
24617 13254 24891
24891 13254 24617
13254 24617 24891
10690 24735 28931
24735 10690 28931
28931 10690 24735
7375 15043 28511
15043 7375 28511
28511 7375 15043
13707 7956 21962
21962 7956 13707
7956 13707 21962
6 5565 9495
9495 6 5565
5565 6 9495
17079 17756 19633
17756 17079 19633
19633 17079 17756
4898 10351 18410
10351 4898 18410
18410 4898 10351
4032 22467 24468
22467 4032 24468
24468 4032 22467
19972 12 15819
12 15819 19972
15819 12 19972
13214 7000 8469
7000 8469 13214
8469 7000 13214
25150 1951 8154
1951 8154 25150
8154 1951 25150
23771 3626 16202
16202 3626 23771
3626 16202 23771
23316 16900 19663
19663 16900 23316
16900 19663 23316
22376 16045 19268
16045 19268 22376
19268 16045 22376
2344 16010 23381
16010 2344 23381
23381 2344 16010
4875 12670 20166
20166 4875 12670
12670 4875 20166
28180 4510 29908
4510 28180 29908
29908 4510 28180
11576 6483 6974
6483 6974 11576
6974 6483 11576
1293 23551 26654
26654 1293 23551
23551 1293 26654
4277 18027 24822
24822 4277 18027
18027 4277 24822
14917 611 29730
611 14917 29730
29730 611 14917
16529 5009 27794
5009 16529 27794
27794 5009 16529
28613 9770 22965
9770 22965 28613
22965 9770 28613
13395 8407 11830
11830 8407 13395
8407 11830 13395
12010 13220 14774
14774 12010 13220
13220 12010 14774
29814 17377 25268
17377 25268 29814
25268 17377 29814
2346 3831 20063
3831 2346 20063
20063 2346 3831
2058 8593 23474
8593 2058 23474
23474 2058 8593
8867 10237 23535
10237 8867 23535
23535 8867 10237
12145 17798 23146
17798 12145 23146
23146 12145 17798
26674 3299 17002
17002 3299 26674
3299 17002 26674
14326 6103 18509
18509 6103 14326
6103 14326 18509
18443 3531 16656
3531 16656 18443
16656 3531 18443
4322 5628 14271
5628 4322 14271
14271 4322 5628
27901 18823 21694
21694 18823 27901
18823 21694 27901
10990 2430 9076
2430 9076 10990
9076 2430 10990
29890 20974 24831
24831 20974 29890
20974 24831 29890
27576 8271 27185
8271 27185 27576
27185 8271 27576
27755 20228 26191
20228 26191 27755
26191 20228 27755
1933 4200 20694
4200 1933 20694
20694 1933 4200
24047 9740 18498
18498 9740 24047
9740 18498 24047
1527 9990 12719
12719 1527 9990
9990 1527 12719
28177 4369 26494
26494 4369 28177
4369 26494 28177
19586 22921 23493
22921 19586 23493
23493 19586 22921
25083 1843 19722
19722 1843 25083
1843 19722 25083
1450 2549 14046
2549 1450 14046
14046 1450 2549
20136 20278 27593
20278 20136 27593
27593 20136 20278
7824 7422 10424
7422 7824 10424
10424 7422 7824
27890 8108 27985
27985 8108 27890
8108 27890 27985
7914 7556 26522
7556 7914 26522
26522 7556 7914
20295 10349 12053
10349 12053 20295
12053 10349 20295
23017 9729 23191
9729 23017 23191
23191 9729 23017
17423 5350 14396
14396 5350 17423
5350 14396 17423
6796 2552 13653
13653 2552 6796
2552 6796 13653
21099 14292 21098
14292 21098 21099
21098 14292 21099
9217 6054 23693
6054 9217 23693
23693 6054 9217
24666 8240 15492
15492 8240 24666
8240 15492 24666
2978 5515 22726
22726 2978 5515
5515 2978 22726
17731 642 27026
27026 642 17731
642 17731 27026
8841 9724 18831
9724 8841 18831
18831 8841 9724
14846 13752 24431
24431 13752 14846
13752 14846 24431
25572 15886 19346
15886 19346 25572
19346 15886 25572
24672 9158 12731
9158 12731 24672
12731 9158 24672
24215 559 6128
559 6128 24215
6128 559 24215
27068 3542 3772
3772 3542 27068
3542 3772 27068
5846 3012 8278
8278 3012 5846
3012 5846 8278
23283 11021 18440
18440 11021 23283
11021 18440 23283
22122 2131 11881
11881 2131 22122
2131 11881 22122
23409 10634 26789
10634 23409 26789
26789 10634 23409
29709 14013 21047
14013 21047 29709
21047 14013 29709
13405 1241 22177
1241 13405 22177
22177 1241 13405
23112 18398 27836
18398 23112 27836
27836 18398 23112
19831 1777 16992
1777 16992 19831
16992 1777 19831
29303 2108 11184
2108 11184 29303
11184 2108 29303
10521 1610 6255
6255 1610 10521
1610 6255 10521
170 3771 23645
3771 170 23645
23645 170 3771
20402 20615 27917
27917 20402 20615
20615 20402 27917
24057 10715 11131
10715 11131 24057
11131 10715 24057
25399 19931 21903
19931 21903 25399
21903 19931 25399
15256 2562 2681
2681 2562 15256
2562 2681 15256
28234 20649 25961
25961 20649 28234
20649 25961 28234
18621 107 23046
107 18621 23046
23046 107 18621
7384 4370 22717
22717 4370 7384
4370 7384 22717
22371 1679 4021
1679 4021 22371
4021 1679 22371
842 22345 29990
22345 842 29990
29990 842 22345
28241 12550 22298
12550 22298 28241
22298 12550 28241
24603 16368 27930
27930 16368 24603
16368 24603 27930
8022 24650 26330
24650 8022 26330
26330 8022 24650
8048 1877 17301
1877 8048 17301
17301 1877 8048
2206 792 1776
792 1776 2206
1776 792 2206
23426 5804 24906
24906 5804 23426
5804 23426 24906
7098 8066 25663
8066 7098 25663
25663 7098 8066
8594 21291 21817
21817 8594 21291
21291 8594 21817
26666 14053 25584
14053 25584 26666
25584 14053 26666
13042 6503 17099
17099 6503 13042
6503 13042 17099
20175 7077 9766
9766 7077 20175
7077 9766 20175
12382 20505 29861
29861 12382 20505
20505 12382 29861
296 15272 29132
15272 296 29132
29132 296 15272
6440 16762 27286
16762 6440 27286
27286 6440 16762
11185 3669 19983
19983 3669 11185
3669 11185 19983
26197 9818 15394
9818 15394 26197
15394 9818 26197
22102 90 17990
90 17990 22102
17990 90 22102
5578 10399 16162
10399 5578 16162
16162 5578 10399
4716 13008 19068
13008 4716 19068
19068 4716 13008
7398 128 16462
128 7398 16462
16462 128 7398
9141 11862 16924
11862 9141 16924
16924 9141 11862
5676 747 6751
6751 747 5676
747 5676 6751
27887 15596 28846
28846 15596 27887
15596 27887 28846
17309 2354 18401
18401 2354 17309
2354 17309 18401
21241 6148 28434
28434 6148 21241
6148 21241 28434
3692 4131 19503
4131 3692 19503
19503 3692 4131
13296 20142 28552
20142 13296 28552
28552 13296 20142
23525 3984 21655
3984 21655 23525
21655 3984 23525
24268 16214 24477
16214 24268 24477
24477 16214 24268
3295 10440 25956
25956 3295 10440
10440 3295 25956
3914 15712 25719
25719 3914 15712
15712 3914 25719
23051 6377 15539
15539 6377 23051
6377 15539 23051
24397 444 20238
20238 444 24397
444 20238 24397
15857 5080 15758
15758 5080 15857
5080 15758 15857
2016 12725 23282
23282 2016 12725
12725 2016 23282
19512 13069 22531
22531 13069 19512
13069 19512 22531
11683 2902 13695
2902 11683 13695
13695 2902 11683
14028 15548 23303
23303 14028 15548
15548 14028 23303
16042 18835 28463
28463 16042 18835
18835 16042 28463
25390 3680 28687
3680 25390 28687
28687 3680 25390
15207 13099 14252
13099 14252 15207
14252 13099 15207
6110 8029 28240
28240 6110 8029
8029 6110 28240
22161 1747 16904
16904 1747 22161
1747 16904 22161
3892 6813 17934
17934 3892 6813
6813 3892 17934
8165 15615 20740
20740 8165 15615
15615 8165 20740
4757 14621 19145
19145 4757 14621
14621 4757 19145
22642 20427 23170
23170 20427 22642
20427 22642 23170
20683 12135 18458
12135 18458 20683
18458 12135 20683
12161 7086 8242
8242 7086 12161
7086 8242 12161
25031 12386 29680
12386 25031 29680
29680 12386 25031
11897 1240 23167
1240 11897 23167
23167 1240 11897
25300 11783 12720
12720 11783 25300
11783 12720 25300
29413 19200 26799
19200 26799 29413
26799 19200 29413
18192 14612 25563
25563 14612 18192
14612 18192 25563
8859 12603 27468
12603 8859 27468
27468 8859 12603
18610 4832 14131
14131 4832 18610
4832 14131 18610
1198 3234 20534
20534 1198 3234
3234 1198 20534
3849 1708 28593
28593 1708 3849
1708 3849 28593
19055 18719 28975
18719 19055 28975
28975 18719 19055
29884 9494 29522
9494 29522 29884
29522 9494 29884
25216 24035 24308
24035 24308 25216
24308 24035 25216
8590 27076 27110
27110 8590 27076
27076 8590 27110
8137 10272 11610
11610 8137 10272
10272 8137 11610
11058 8661 11275
8661 11058 11275
11275 8661 11058
7105 2647 25228
2647 7105 25228
25228 2647 7105
9835 9712 19781
19781 9712 9835
9712 9835 19781
1424 4067 8990
4067 1424 8990
8990 1424 4067
12790 2023 21995
2023 12790 21995
21995 2023 12790
15924 21301 22662
22662 15924 21301
21301 15924 22662
21488 382 29898
29898 382 21488
382 21488 29898
29470 3370 17793
3370 17793 29470
17793 3370 29470
15406 5284 17894
5284 15406 17894
17894 5284 15406
18533 1111 16988
1111 16988 18533
16988 1111 18533
23357 10098 19577
10098 19577 23357
19577 10098 23357
24472 9847 26065
26065 9847 24472
9847 24472 26065
8187 12004 19175
12004 8187 19175
19175 8187 12004
5095 11953 22385
11953 5095 22385
22385 5095 11953
2712 19808 29520
19808 2712 29520
29520 2712 19808
13102 1854 26701
26701 1854 13102
1854 13102 26701
1210 26858 28852
28852 1210 26858
26858 1210 28852
3550 9000 9272
9000 3550 9272
9272 3550 9000
18452 18178 28754
18178 18452 28754
28754 18178 18452
7930 14794 24002
14794 7930 24002
24002 7930 14794
16673 4925 10812
4925 10812 16673
10812 4925 16673
13540 22082 24471
24471 13540 22082
22082 13540 24471
21773 16530 28638
28638 16530 21773
16530 21773 28638
15903 2858 4167
4167 2858 15903
2858 4167 15903
7857 3953 25273
25273 3953 7857
3953 7857 25273
11244 7507 17753
17753 7507 11244
7507 11244 17753
13171 4972 29051
4972 13171 29051
29051 4972 13171
21039 10281 23562
23562 10281 21039
10281 21039 23562
11516 27585 29053
27585 11516 29053
29053 11516 27585
14189 7254 25411
7254 14189 25411
25411 7254 14189
23996 11303 14111
14111 11303 23996
11303 14111 23996
20816 16528 23835
23835 16528 20816
16528 20816 23835
8950 17219 17904
17904 8950 17219
17219 8950 17904
15765 7436 11902
7436 11902 15765
11902 7436 15765
13943 5601 10769
10769 5601 13943
5601 10769 13943
9267 1737 19470
19470 1737 9267
1737 9267 19470
2119 14471 16805
14471 2119 16805
16805 2119 14471
27243 1202 15962
1202 15962 27243
15962 1202 27243
3760 10776 27314
10776 3760 27314
27314 3760 10776
9691 6061 10980
10980 6061 9691
6061 9691 10980
25048 4964 17588
4964 17588 25048
17588 4964 25048
26101 3022 26389
26389 3022 26101
3022 26101 26389
3679 7848 21115
7848 3679 21115
21115 3679 7848
2308 3738 17317
3738 2308 17317
17317 2308 3738
1825 10593 11899
10593 1825 11899
11899 1825 10593
8151 11143 29245
29245 8151 11143
11143 8151 29245
5822 2260 28926
28926 2260 5822
2260 5822 28926
22234 24072 26252
24072 22234 26252
26252 22234 24072
26822 15121 15701
15701 15121 26822
15121 15701 26822
23537 8458 16648
8458 16648 23537
16648 8458 23537
5140 3356 15061
3356 5140 15061
15061 3356 5140
10929 8577 8829
8829 8577 10929
8577 8829 10929
13451 17138 18124
18124 13451 17138
17138 13451 18124
27238 3734 12828
3734 12828 27238
12828 3734 27238
11521 966 26681
966 11521 26681
26681 966 11521
1727 10118 10948
10118 1727 10948
10948 1727 10118
13264 21181 21623
21181 13264 21623
21623 13264 21181
11634 2795 22987
22987 2795 11634
2795 11634 22987
26055 16394 27438
27438 16394 26055
16394 26055 27438
6873 9829 25645
9829 6873 25645
25645 6873 9829
13341 24620 29790
24620 13341 29790
29790 13341 24620
4935 2361 25196
25196 2361 4935
2361 4935 25196
3768 9789 14352
9789 3768 14352
14352 3768 9789
8536 990 16062
16062 990 8536
990 8536 16062
19459 9903 25152
25152 9903 19459
9903 19459 25152
597 3915 17429
3915 597 17429
17429 597 3915
3828 22505 23736
22505 3828 23736
23736 3828 22505
9412 25609 29943
29943 9412 25609
25609 9412 29943
2043 1846 10501
1846 2043 10501
10501 1846 2043
26292 3054 29629
29629 3054 26292
3054 26292 29629
17022 24856 29552
29552 17022 24856
24856 17022 29552
9549 577 4596
4596 577 9549
577 4596 9549
3003 3825 5356
5356 3003 3825
3825 3003 5356
9492 3708 22057
22057 3708 9492
3708 9492 22057
22668 20849 23567
20849 22668 23567
23567 20849 22668
28109 8039 26593
26593 8039 28109
8039 26593 28109
18129 7795 19280
7795 18129 19280
19280 7795 18129
1023 7660 27321
27321 1023 7660
7660 1023 27321
7854 5721 15587
15587 5721 7854
5721 7854 15587
6277 6230 8439
8439 6230 6277
6230 6277 8439
28418 9610 26540
9610 26540 28418
26540 9610 28418
17546 6259 19363
6259 17546 19363
19363 6259 17546
14913 8082 29115
29115 8082 14913
8082 14913 29115
4489 12236 28344
12236 4489 28344
28344 4489 12236
19764 8402 25402
8402 19764 25402
25402 8402 19764
17844 25963 27359
25963 17844 27359
27359 17844 25963
16964 2487 25106
2487 16964 25106
25106 2487 16964
26763 14286 17852
14286 17852 26763
17852 14286 26763
20154 11771 13835
13835 11771 20154
11771 13835 20154
16084 10305 23337
10305 16084 23337
23337 10305 16084
17291 15060 26092
26092 15060 17291
15060 17291 26092
2818 292 10041
10041 292 2818
292 2818 10041
18859 14140 24371
24371 14140 18859
14140 18859 24371
20907 10966 15479
15479 10966 20907
10966 15479 20907
16877 11958 23549
23549 11958 16877
11958 16877 23549
5989 762 14995
762 5989 14995
14995 762 5989
1646 4316 23437
23437 1646 4316
4316 1646 23437
11651 4732 23884
4732 11651 23884
23884 4732 11651
663 16119 22265
16119 663 22265
22265 663 16119
8997 20012 24689
24689 8997 20012
20012 8997 24689
6862 21061 25580
21061 6862 25580
25580 6862 21061
16816 10537 16335
16335 10537 16816
10537 16335 16816
5114 18656 20296
18656 5114 20296
20296 5114 18656
6420 11008 21763
21763 6420 11008
11008 6420 21763
13629 3802 23522
23522 3802 13629
3802 13629 23522
18403 12232 17212
17212 12232 18403
12232 17212 18403
22794 11321 20552
20552 11321 22794
11321 20552 22794
6534 4485 20908
4485 6534 20908
20908 4485 6534
6291 4950 16812
4950 6291 16812
16812 4950 6291
6785 15185 17189
17189 6785 15185
15185 6785 17189
4383 472 23513
23513 472 4383
472 4383 23513
20198 3964 26973
26973 3964 20198
3964 20198 26973
6365 1046 11591
11591 1046 6365
1046 6365 11591
21328 761 22162
761 21328 22162
22162 761 21328
4754 1329 24500
24500 1329 4754
1329 4754 24500
23011 1011 29190
29190 1011 23011
1011 23011 29190
6449 4689 24893
4689 6449 24893
24893 4689 6449
20578 12349 26107
12349 20578 26107
26107 12349 20578
26748 6878 27893
6878 26748 27893
27893 6878 26748
26246 17890 29988
29988 17890 26246
17890 26246 29988
27938 4766 19251
19251 4766 27938
4766 19251 27938
14779 17520 19356
19356 14779 17520
17520 14779 19356
10606 10887 26533
26533 10606 10887
10887 10606 26533
1909 3866 19792
19792 1909 3866
3866 1909 19792
11221 19474 19664
19664 11221 19474
19474 11221 19664
21231 4394 6400
4394 6400 21231
6400 4394 21231
28659 2458 4437
2458 4437 28659
4437 2458 28659
23341 16617 22389
22389 16617 23341
16617 22389 23341
27255 9674 17706
9674 17706 27255
17706 9674 27255
20453 7953 12024
7953 12024 20453
12024 7953 20453
29611 5146 25097
5146 25097 29611
25097 5146 29611
22828 10267 28419
28419 10267 22828
10267 22828 28419
4034 8462 22220
22220 4034 8462
8462 4034 22220
7101 1418 18899
1418 7101 18899
18899 1418 7101
12672 12112 20388
20388 12112 12672
12112 12672 20388
25588 12369 21215
12369 21215 25588
21215 12369 25588
567 12333 28947
28947 567 12333
12333 567 28947
13733 24934 26743
24934 13733 26743
26743 13733 24934
11740 8488 11835
8488 11740 11835
11835 8488 11740
468 18912 22839
22839 468 18912
18912 468 22839
16589 13533 16515
13533 16515 16589
16515 13533 16589
24144 6457 24529
6457 24144 24529
24529 6457 24144
24488 9737 23603
9737 23603 24488
23603 9737 24488
15911 11474 23846
11474 15911 23846
23846 11474 15911
6651 18690 20135
18690 6651 20135
20135 6651 18690
7203 5858 24943
5858 7203 24943
24943 5858 7203
28585 3257 18020
3257 18020 28585
18020 3257 28585
29222 12736 28203
12736 28203 29222
28203 12736 29222
14455 11963 21776
21776 11963 14455
11963 14455 21776
28525 24530 28252
24530 28252 28525
28252 24530 28525
5708 6650 20190
20190 5708 6650
6650 5708 20190
9199 1656 27810
27810 1656 9199
1656 9199 27810
25536 11222 24114
24114 11222 25536
11222 24114 25536
18631 7603 11134
11134 7603 18631
7603 11134 18631
3540 13353 29778
13353 3540 29778
29778 3540 13353
17650 11370 20199
11370 17650 20199
20199 11370 17650
12246 13521 28169
28169 12246 13521
13521 12246 28169
18448 1923 19848
1923 18448 19848
19848 1923 18448
15919 15239 18484
15239 15919 18484
18484 15239 15919
9259 27735 28707
28707 9259 27735
27735 9259 28707
9018 9002 23815
23815 9002 9018
9002 9018 23815
23305 14211 26604
14211 23305 26604
26604 14211 23305
8148 860 19110
19110 860 8148
860 8148 19110
12602 12422 21650
21650 12422 12602
12422 12602 21650
18296 2247 26644
2247 18296 26644
26644 2247 18296
24519 21374 27699
27699 21374 24519
21374 24519 27699
8825 3877 19260
3877 8825 19260
19260 3877 8825
5552 1250 14734
14734 1250 5552
1250 5552 14734
767 12107 15251
12107 767 15251
15251 767 12107
13459 9445 19023
9445 13459 19023
19023 9445 13459
15066 7521 16764
16764 7521 15066
7521 15066 16764
22956 10491 27089
10491 22956 27089
27089 10491 22956
7793 11319 23434
11319 7793 23434
23434 7793 11319
20592 186 27275
186 20592 27275
27275 186 20592
9993 8566 11942
8566 9993 11942
11942 8566 9993
14803 960 20919
960 14803 20919
20919 960 14803
6438 8597 14661
8597 6438 14661
14661 6438 8597
29613 15357 25541
25541 15357 29613
15357 25541 29613
2360 16036 24961
16036 2360 24961
24961 2360 16036
13986 10767 14869
14869 10767 13986
10767 13986 14869
19423 16378 26245
26245 16378 19423
16378 19423 26245
11607 1726 19276
1726 11607 19276
19276 1726 11607
26405 1182 7045
7045 1182 26405
1182 7045 26405
13063 26140 27015
26140 13063 27015
27015 13063 26140
7657 1254 26688
1254 7657 26688
26688 1254 7657
11456 21486 29687
29687 11456 21486
21486 11456 29687
4777 647 17433
647 4777 17433
17433 647 4777
18662 5898 19631
5898 18662 19631
19631 5898 18662
4659 13234 21414
21414 4659 13234
13234 4659 21414
5901 20676 22349
20676 5901 22349
22349 5901 20676
1325 12964 17112
17112 1325 12964
12964 1325 17112
21589 9378 17188
9378 17188 21589
17188 9378 21589
18672 4908 11123
11123 4908 18672
4908 11123 18672
27801 5358 29817
5358 27801 29817
29817 5358 27801
14721 26224 27517
26224 14721 27517
27517 14721 26224
17558 7743 7764
7764 7743 17558
7743 7764 17558
1678 16236 27670
27670 1678 16236
16236 1678 27670
13663 9858 23714
23714 9858 13663
9858 13663 23714
23443 6238 7835
6238 7835 23443
7835 6238 23443
17102 7110 23499
7110 17102 23499
23499 7110 17102
21432 7102 9013
9013 7102 21432
7102 9013 21432
11390 11994 26725
11994 11390 26725
26725 11390 11994
3764 10411 28616
28616 3764 10411
10411 3764 28616
23285 13164 14744
14744 13164 23285
13164 14744 23285
29642 17708 28251
28251 17708 29642
17708 28251 29642
21993 9155 27467
9155 21993 27467
27467 9155 21993
24302 15246 19164
19164 15246 24302
15246 19164 24302
25492 1547 28021
1547 25492 28021
28021 1547 25492
11311 11601 26496
26496 11311 11601
11601 11311 26496
26272 3997 7601
3997 7601 26272
7601 3997 26272
15206 24562 25045
25045 15206 24562
24562 15206 25045
2059 10492 18118
18118 2059 10492
10492 2059 18118
18976 7041 15089
15089 7041 18976
7041 15089 18976
6696 9237 16909
16909 6696 9237
9237 6696 16909
11454 22957 27327
27327 11454 22957
22957 11454 27327
17971 9325 21294
21294 9325 17971
9325 17971 21294
4482 22882 26929
26929 4482 22882
22882 4482 26929
25925 23248 26661
23248 25925 26661
26661 23248 25925
27323 7099 15179
7099 15179 27323
15179 7099 27323
22940 14393 23585
14393 22940 23585
23585 14393 22940
27604 2096 7880
7880 2096 27604
2096 7880 27604
28823 11258 22949
11258 22949 28823
22949 11258 28823
20177 23862 28957
28957 20177 23862
23862 20177 28957
21154 718 12241
718 12241 21154
12241 718 21154
11448 7958 8551
8551 7958 11448
7958 8551 11448
12248 1991 7814
7814 1991 12248
1991 7814 12248
7305 3173 6323
6323 3173 7305
3173 6323 7305
11344 12385 12893
12385 11344 12893
12893 11344 12385
18339 13887 29066
13887 18339 29066
29066 13887 18339
14965 169 17970
17970 169 14965
169 14965 17970
21375 15267 20073
20073 15267 21375
15267 20073 21375
8624 282 14552
14552 282 8624
282 8624 14552
2277 6421 15429
6421 2277 15429
15429 2277 6421
17983 10278 17676
17676 10278 17983
10278 17676 17983
24126 11632 22362
22362 11632 24126
11632 22362 24126
28261 105 29705
105 28261 29705
29705 105 28261
2903 2085 23267
2085 2903 23267
23267 2085 2903
15662 6467 17564
6467 15662 17564
