10500 44303 90824
44303 10500 90824
90824 10500 44303
29191 56007 74020
56007 29191 74020
74020 29191 56007
30357 8388 92662
8388 30357 92662
92662 8388 30357
79901 67116 135114
135114 67116 79901
67116 79901 135114
99333 44675 59324
59324 44675 99333
44675 59324 99333
8060 75511 137146
137146 8060 75511
75511 8060 137146
18684 8435 93599
93599 8435 18684
8435 18684 93599
15525 11689 55789
11689 15525 55789
55789 11689 15525
141138 49440 76756
76756 49440 141138
49440 76756 141138
32053 11068 131910
131910 11068 32053
11068 32053 131910
93594 95054 140093
140093 93594 95054
95054 93594 140093
110661 54330 137822
137822 54330 110661
54330 110661 137822
51475 2083 56845
56845 2083 51475
2083 51475 56845
118742 2426 97980
2426 97980 118742
97980 2426 118742
132176 118314 123798
118314 123798 132176
123798 118314 132176
106709 96848 149770
96848 106709 149770
149770 96848 106709
148759 51551 141199
141199 51551 148759
51551 141199 148759
53682 98319 108041
108041 53682 98319
98319 53682 108041
35990 83477 145143
145143 35990 83477
83477 35990 145143
108596 62037 128328
62037 108596 128328
128328 62037 108596
49578 14148 99065
99065 14148 49578
14148 49578 99065
20722 67831 139253
67831 20722 139253
139253 20722 67831
103214 38631 111252
38631 103214 111252
111252 38631 103214
25582 34538 76056
34538 25582 76056
76056 25582 34538
130850 109163 116670
116670 109163 130850
109163 116670 130850
99083 45134 103955
103955 45134 99083
45134 99083 103955
9711 94750 97588
97588 9711 94750
94750 9711 97588
5515 111173 115519
115519 5515 111173
111173 5515 115519
105364 9444 52090
52090 9444 105364
9444 52090 105364
44762 59224 113744
59224 44762 113744
113744 44762 59224
104633 45399 86952
86952 45399 104633
45399 86952 104633
75816 16487 137171
16487 75816 137171
137171 16487 75816
39656 36700 40235
36700 39656 40235
40235 36700 39656
48304 31384 99879
99879 31384 48304
31384 48304 99879
48682 76477 97240
76477 48682 97240
97240 48682 76477
144663 28827 55975
55975 28827 144663
28827 55975 144663
58787 128281 147952
147952 58787 128281
128281 58787 147952
118642 91767 123789
123789 91767 118642
91767 118642 123789
84519 105374 122859
105374 84519 122859
122859 84519 105374
44488 116649 135256
116649 44488 135256
135256 44488 116649
146800 132546 147163
147163 132546 146800
132546 146800 147163
125735 3594 148622
148622 3594 125735
3594 125735 148622
21294 58688 94624
94624 21294 58688
58688 21294 94624
36079 33172 41287
41287 33172 36079
33172 36079 41287
127253 66340 121602
66340 121602 127253
121602 66340 127253
117803 93425 129880
129880 93425 117803
93425 117803 129880
70011 84086 84463
84086 70011 84463
84463 70011 84086
61696 123344 130787
130787 61696 123344
123344 61696 130787
30282 5467 70078
5467 30282 70078
70078 5467 30282
88568 102425 130656
130656 88568 102425
102425 88568 130656
93995 54390 145176
145176 54390 93995
54390 93995 145176
2015 11968 136027
136027 2015 11968
11968 2015 136027
7916 89281 97819
97819 7916 89281
89281 7916 97819
24866 90948 141103
141103 24866 90948
90948 24866 141103
26925 69148 100770
100770 26925 69148
69148 26925 100770
2347 29297 32920
29297 2347 32920
32920 2347 29297
106776 46633 69811
69811 46633 106776
46633 69811 106776
124994 59024 140419
59024 124994 140419
140419 59024 124994
78650 45297 109916
109916 45297 78650
45297 78650 109916
22147 14872 46255
46255 14872 22147
14872 22147 46255
19926 70289 132852
132852 19926 70289
70289 19926 132852
48217 52763 62757
52763 48217 62757
62757 48217 52763
129449 36178 146695
36178 129449 146695
146695 36178 129449
59445 19138 46541
19138 46541 59445
46541 19138 59445
104847 21877 78763
78763 21877 104847
21877 78763 104847
15452 48271 124579
48271 15452 124579
124579 15452 48271
471 56184 97374
97374 471 56184
56184 471 97374
79929 74489 87534
87534 74489 79929
74489 79929 87534
86320 78748 86075
78748 86075 86320
86075 78748 86320
59157 29534 88880
29534 59157 88880
88880 29534 59157
39729 97745 106262
97745 39729 106262
106262 39729 97745
97184 58312 79905
79905 58312 97184
58312 79905 97184
114079 2278 62564
2278 62564 114079
62564 2278 114079
11516 20908 147192
147192 11516 20908
20908 11516 147192
102417 6700 57788
6700 57788 102417
57788 6700 102417
1042 8330 35657
35657 1042 8330
8330 1042 35657
105066 17812 75775
17812 75775 105066
75775 17812 105066
49665 24680 25290
24680 25290 49665
25290 24680 49665
43089 114729 134337
134337 43089 114729
114729 43089 134337
54062 130132 142423
130132 54062 142423
142423 54062 130132
3590 43763 65640
43763 3590 65640
65640 3590 43763
139191 23035 117639
23035 117639 139191
117639 23035 139191
27211 66100 123488
123488 27211 66100
66100 27211 123488
141699 33129 81484
33129 81484 141699
81484 33129 141699
129856 16450 124323
16450 124323 129856
124323 16450 129856
70134 49764 79740
49764 70134 79740
79740 49764 70134
135068 53700 142099
53700 135068 142099
142099 53700 135068
68221 76676 78637
78637 68221 76676
76676 68221 78637
75133 138519 139737
138519 75133 139737
139737 75133 138519
51299 6938 41249
6938 41249 51299
41249 6938 51299
134686 4036 146646
4036 134686 146646
146646 4036 134686
123051 22191 126843
22191 123051 126843
126843 22191 123051
9343 7421 103515
103515 7421 9343
7421 9343 103515
79875 79916 87853
79916 79875 87853
87853 79875 79916
60213 88727 125488
125488 60213 88727
88727 60213 125488
84512 46008 123013
123013 46008 84512
46008 84512 123013
11001 38677 115001
38677 11001 115001
115001 11001 38677
117958 61642 74699
74699 61642 117958
61642 74699 117958
6962 63187 67410
67410 6962 63187
63187 6962 67410
53578 27584 65764
27584 53578 65764
65764 27584 53578
59126 32097 80222
80222 32097 59126
32097 59126 80222
6046 15369 114256
15369 6046 114256
114256 6046 15369
18488 48551 75713
75713 18488 48551
48551 18488 75713
21782 78016 103155
78016 21782 103155
103155 21782 78016
58332 116604 141633
141633 58332 116604
116604 58332 141633
48528 92298 130687
130687 48528 92298
92298 48528 130687
55479 43902 71424
43902 55479 71424
71424 43902 55479
64726 82721 94875
94875 64726 82721
82721 64726 94875
10454 12515 45604
12515 10454 45604
45604 10454 12515
47915 3259 110466
110466 3259 47915
3259 47915 110466
97048 23828 144171
144171 23828 97048
23828 97048 144171
52958 1875 106462
106462 1875 52958
1875 52958 106462
66573 33874 40466
33874 40466 66573
40466 33874 66573
54915 124021 127875
127875 54915 124021
124021 54915 127875
16745 95196 133118
133118 16745 95196
95196 16745 133118
55078 34846 140864
34846 55078 140864
140864 34846 55078
132262 38173 58890
58890 38173 132262
38173 58890 132262
101856 74976 138283
74976 101856 138283
138283 74976 101856
91715 65641 68299
68299 65641 91715
65641 68299 91715
134072 77733 107008
107008 77733 134072
77733 107008 134072
62959 86108 106979
86108 62959 106979
106979 62959 86108
105674 41651 48844
41651 48844 105674
48844 41651 105674
16679 119732 132320
119732 16679 132320
132320 16679 119732
26811 63392 140778
63392 26811 140778
140778 26811 63392
148458 132767 149813
132767 148458 149813
149813 132767 148458
115640 40866 109404
40866 109404 115640
109404 40866 115640
50064 12933 87159
87159 12933 50064
12933 50064 87159
70647 6853 32404
6853 32404 70647
32404 6853 70647
114053 76579 107510
107510 76579 114053
76579 107510 114053
16698 5613 6511
6511 5613 16698
5613 6511 16698
40627 131051 146131
146131 40627 131051
131051 40627 146131
67073 933 145368
145368 933 67073
933 67073 145368
5644 18328 87574
18328 5644 87574
87574 5644 18328
26195 40927 94051
40927 26195 94051
94051 26195 40927
97891 26747 74889
26747 74889 97891
74889 26747 97891
87036 41647 81713
81713 41647 87036
41647 81713 87036
133921 82409 124978
82409 124978 133921
124978 82409 133921
140383 11900 133993
133993 11900 140383
11900 133993 140383
43963 93853 132185
93853 43963 132185
132185 43963 93853
90943 34899 62521
62521 34899 90943
34899 62521 90943
20434 121178 126584
121178 20434 126584
126584 20434 121178
111047 6988 35062
35062 6988 111047
6988 35062 111047
83835 21197 141717
141717 21197 83835
21197 83835 141717
122389 29796 49457
49457 29796 122389
29796 49457 122389
18031 15859 75370
75370 15859 18031
15859 18031 75370
55590 118538 136124
118538 55590 136124
136124 55590 118538
90353 60756 138961
138961 60756 90353
60756 90353 138961
113536 21454 106983
106983 21454 113536
21454 106983 113536
70413 74496 85292
85292 70413 74496
74496 70413 85292
90989 130175 139664
139664 90989 130175
130175 90989 139664
120227 6455 109874
6455 109874 120227
109874 6455 120227
46106 47967 63393
47967 46106 63393
63393 46106 47967
76216 14580 125920
125920 14580 76216
14580 76216 125920
19480 32149 80292
80292 19480 32149
32149 19480 80292
46147 116463 138941
138941 46147 116463
116463 46147 138941
12204 12562 23091
23091 12204 12562
12562 12204 23091
3780 29713 90377
29713 3780 90377
90377 3780 29713
56433 115000 120613
115000 56433 120613
120613 56433 115000
63522 94579 109436
109436 63522 94579
94579 63522 109436
112827 57243 71159
57243 71159 112827
71159 57243 112827
18839 45248 92758
45248 18839 92758
92758 18839 45248
108119 60139 136371
60139 108119 136371
136371 60139 108119
96666 30312 133844
133844 30312 96666
30312 96666 133844
142021 84731 89994
84731 89994 142021
89994 84731 142021
127716 75961 96338
96338 75961 127716
75961 96338 127716
108666 32288 107106
107106 32288 108666
32288 107106 108666
55259 12226 82012
82012 12226 55259
12226 55259 82012
92283 13898 73968
73968 13898 92283
13898 73968 92283
14429 16827 77392
77392 14429 16827
16827 14429 77392
48105 45050 149861
45050 48105 149861
149861 45050 48105
68351 79087 94850
94850 68351 79087
79087 68351 94850
49816 119451 138747
138747 49816 119451
119451 49816 138747
126995 38126 84130
84130 38126 126995
38126 84130 126995
104282 9317 96546
96546 9317 104282
9317 96546 104282
6304 68898 98471
98471 6304 68898
68898 6304 98471
32580 35694 77583
35694 32580 77583
77583 32580 35694
21484 28534 134721
28534 21484 134721
134721 21484 28534
128446 91911 144809
91911 128446 144809
144809 91911 128446
60458 69918 114876
69918 60458 114876
114876 60458 69918
73400 25776 144540
25776 73400 144540
144540 25776 73400
76310 5004 126086
5004 76310 126086
126086 5004 76310
138593 86252 145919
145919 86252 138593
86252 138593 145919
37659 5830 86125
5830 37659 86125
86125 5830 37659
97356 23880 50348
50348 23880 97356
23880 50348 97356
45316 67875 140186
67875 45316 140186
140186 45316 67875
123553 106865 123273
123273 106865 123553
106865 123273 123553
74419 36520 65570
36520 65570 74419
65570 36520 74419
18301 43884 64940
64940 18301 43884
43884 18301 64940
58599 41988 58545
41988 58545 58599
58545 41988 58599
118429 107109 143615
143615 107109 118429
107109 118429 143615
9129 12115 13752
12115 9129 13752
13752 9129 12115
58475 36329 63804
63804 36329 58475
36329 58475 63804
128812 35059 55060
55060 35059 128812
35059 55060 128812
40330 9883 105447
105447 9883 40330
9883 40330 105447
106032 78945 149496
149496 78945 106032
78945 106032 149496
12892 92599 144117
144117 12892 92599
92599 12892 144117
20254 71679 102060
102060 20254 71679
71679 20254 102060
55339 10165 128778
128778 10165 55339
10165 55339 128778
38477 56991 144517
144517 38477 56991
56991 38477 144517
45105 78242 79358
79358 45105 78242
78242 45105 79358
113040 82138 100180
100180 82138 113040
82138 100180 113040
60455 13994 126409
13994 60455 126409
126409 13994 60455
109107 75639 113391
75639 109107 113391
113391 75639 109107
86532 48206 87178
48206 86532 87178
87178 48206 86532
111335 101218 107407
101218 107407 111335
107407 101218 111335
82074 72181 110206
110206 72181 82074
72181 82074 110206
88529 16496 93129
93129 16496 88529
16496 88529 93129
34297 13418 15368
13418 15368 34297
15368 13418 34297
19247 23118 87342
87342 19247 23118
23118 19247 87342
63711 83922 132197
132197 63711 83922
83922 63711 132197
50011 1386 97432
1386 50011 97432
97432 1386 50011
66196 78196 80596
80596 66196 78196
78196 66196 80596
135024 1063 111546
1063 111546 135024
111546 1063 135024
90179 25271 71761
25271 71761 90179
71761 25271 90179
77533 1658 60054
60054 1658 77533
1658 60054 77533
30977 14251 147677
147677 14251 30977
14251 30977 147677
71869 67103 102078
102078 67103 71869
67103 71869 102078
16343 66870 112611
112611 16343 66870
66870 16343 112611
12894 142586 145332
142586 12894 145332
145332 12894 142586
46276 52114 90501
90501 46276 52114
52114 46276 90501
25513 66774 111543
111543 25513 66774
66774 25513 111543
106744 70908 91329
70908 91329 106744
91329 70908 106744
96184 37955 76646
37955 76646 96184
76646 37955 96184
112519 87028 122632
87028 112519 122632
122632 87028 112519
149819 6419 144686
6419 144686 149819
144686 6419 149819
113058 92253 99386
99386 92253 113058
92253 99386 113058
149711 126093 126225
126093 126225 149711
126225 126093 149711
44335 52452 141844
52452 44335 141844
141844 44335 52452
123848 38748 77495
77495 38748 123848
38748 77495 123848
118928 38524 114410
38524 114410 118928
114410 38524 118928
2835 22247 66234
66234 2835 22247
22247 2835 66234
82656 19499 96329
96329 19499 82656
19499 82656 96329
129742 18865 76328
18865 76328 129742
76328 18865 129742
137969 68257 112355
112355 68257 137969
68257 112355 137969
28709 104841 149670
149670 28709 104841
104841 28709 149670
65934 60565 70542
70542 60565 65934
60565 65934 70542
136943 40348 92433
40348 92433 136943
92433 40348 136943
99939 7142 104025
7142 99939 104025
104025 7142 99939
24065 15979 124773
15979 24065 124773
124773 15979 24065
121967 200 4295
4295 200 121967
200 4295 121967
88208 116615 143248
116615 88208 143248
143248 88208 116615
145689 120003 131507
120003 131507 145689
131507 120003 145689
77562 85492 141670
85492 77562 141670
141670 77562 85492
128518 128352 142635
142635 128352 128518
128352 128518 142635
105837 42251 107654
42251 105837 107654
107654 42251 105837
96662 104755 139486
139486 96662 104755
104755 96662 139486
120648 87730 97947
87730 97947 120648
97947 87730 120648
95986 86201 106552
86201 95986 106552
106552 86201 95986
36063 69317 126212
69317 36063 126212
126212 36063 69317
11482 24742 121751
121751 11482 24742
24742 11482 121751
104787 47959 111262
111262 47959 104787
47959 104787 111262
92871 145328 149257
149257 92871 145328
145328 92871 149257
82226 38509 44438
38509 44438 82226
44438 38509 82226
105149 7650 112179
7650 105149 112179
112179 7650 105149
135501 59226 141263
141263 59226 135501
59226 135501 141263
62878 11971 19163
19163 11971 62878
11971 19163 62878
78892 78767 99404
99404 78767 78892
78767 78892 99404
107639 22129 44021
22129 44021 107639
44021 22129 107639
138599 47239 129725
129725 47239 138599
47239 129725 138599
8917 78073 149625
78073 8917 149625
149625 8917 78073
134320 28449 33145
33145 28449 134320
28449 33145 134320
26480 31984 76697
76697 26480 31984
31984 26480 76697
88076 57496 149688
149688 57496 88076
57496 88076 149688
73057 87578 133708
87578 73057 133708
133708 73057 87578
73572 67563 100601
100601 67563 73572
67563 73572 100601
133945 110583 147886
147886 110583 133945
110583 133945 147886
54215 82600 90258
90258 54215 82600
82600 54215 90258
90202 29699 70504
70504 29699 90202
29699 70504 90202
59830 23914 146696
146696 23914 59830
23914 59830 146696
18713 34748 52332
52332 18713 34748
34748 18713 52332
122230 79945 120861
79945 120861 122230
120861 79945 122230
76383 118627 138526
138526 76383 118627
118627 76383 138526
82082 35850 72043
72043 35850 82082
35850 72043 82082
94600 17941 94578
94578 17941 94600
17941 94578 94600
145207 79993 117899
117899 79993 145207
79993 117899 145207
110662 92590 93497
92590 93497 110662
93497 92590 110662
141636 72672 119478
72672 119478 141636
119478 72672 141636
9708 22208 148308
22208 9708 148308
148308 9708 22208
149902 12813 31795
12813 31795 149902
31795 12813 149902
49106 58411 81456
58411 49106 81456
81456 49106 58411
111707 31983 66443
66443 31983 111707
31983 66443 111707
74107 15133 27315
15133 27315 74107
27315 15133 74107
96311 7487 140193
140193 7487 96311
7487 96311 140193
106873 18542 69339
18542 69339 106873
69339 18542 106873
76397 119352 138672
119352 76397 138672
138672 76397 119352
6330 68213 114491
68213 6330 114491
114491 6330 68213
27116 39213 134820
134820 27116 39213
39213 27116 134820
22589 68450 114180
114180 22589 68450
68450 22589 114180
80541 18054 54033
18054 54033 80541
54033 18054 80541
97702 35468 46059
35468 46059 97702
46059 35468 97702
137821 25726 40698
25726 40698 137821
40698 25726 137821
145288 12875 44086
44086 12875 145288
12875 44086 145288
66530 137138 138189
138189 66530 137138
137138 66530 138189
82856 39358 106476
39358 82856 106476
106476 39358 82856
139199 727 100306
100306 727 139199
727 100306 139199
86182 10510 98074
10510 86182 98074
98074 10510 86182
26397 46022 116769
116769 26397 46022
46022 26397 116769
52265 33732 114712
33732 52265 114712
114712 33732 52265
18228 33508 77379
77379 18228 33508
33508 18228 77379
136888 21839 41167
21839 41167 136888
41167 21839 136888
81172 82849 133970
82849 81172 133970
133970 81172 82849
130123 21462 69808
21462 69808 130123
69808 21462 130123
55955 50318 94592
50318 55955 94592
94592 50318 55955
113300 68369 119338
119338 68369 113300
68369 113300 119338
93192 64675 68952
64675 68952 93192
68952 64675 93192
92672 39947 149643
149643 39947 92672
39947 92672 149643
92060 9221 23177
23177 9221 92060
9221 23177 92060
135942 9456 93713
9456 93713 135942
93713 9456 135942
133813 31078 89812
89812 31078 133813
31078 89812 133813
98227 86299 115054
86299 98227 115054
115054 86299 98227
114043 31204 98752
98752 31204 114043
31204 98752 114043
83384 91953 131974
91953 83384 131974
131974 83384 91953
49677 13026 75425
75425 13026 49677
13026 49677 75425
37314 44979 148811
148811 37314 44979
44979 37314 148811
35898 47667 56828
56828 35898 47667
47667 35898 56828
25176 11703 90873
90873 11703 25176
11703 25176 90873
117312 19610 130402
19610 117312 130402
130402 19610 117312
81247 52560 54044
54044 52560 81247
52560 54044 81247
49916 8380 128400
8380 49916 128400
128400 8380 49916
110771 15451 19850
19850 15451 110771
15451 19850 110771
141842 17282 42798
17282 42798 141842
42798 17282 141842
36554 3944 80299
80299 3944 36554
3944 36554 80299
53736 86073 131465
131465 53736 86073
86073 53736 131465
35656 112685 125247
125247 35656 112685
112685 35656 125247
147603 61292 104776
104776 61292 147603
61292 104776 147603
45533 63904 74812
74812 45533 63904
63904 45533 74812
53626 11891 32397
32397 11891 53626
11891 32397 53626
129547 11349 112035
11349 112035 129547
112035 11349 129547
111662 45464 97242
45464 97242 111662
97242 45464 111662
75451 110479 115962
115962 75451 110479
110479 75451 115962
26435 24801 60186
24801 26435 60186
60186 24801 26435
62549 4923 129739
129739 4923 62549
4923 62549 129739
143287 56531 75701
75701 56531 143287
56531 75701 143287
89541 40859 77812
40859 77812 89541
77812 40859 89541
125422 55260 124850
55260 124850 125422
124850 55260 125422
114086 69320 136499
136499 69320 114086
69320 114086 136499
98502 47732 133883
47732 98502 133883
133883 47732 98502
63700 75447 137365
75447 63700 137365
137365 63700 75447
149112 10336 75936
75936 10336 149112
10336 75936 149112
36870 63199 111535
63199 36870 111535
111535 36870 63199
54189 13724 65843
65843 13724 54189
13724 54189 65843
132787 30427 54331
30427 54331 132787
54331 30427 132787
21619 107264 118255
118255 21619 107264
107264 21619 118255
53538 16558 30083
16558 30083 53538
30083 16558 53538
143096 57149 81946
57149 81946 143096
81946 57149 143096
83675 88911 142846
88911 83675 142846
142846 83675 88911
90007 42401 57032
57032 42401 90007
42401 57032 90007
98443 323 3546
3546 323 98443
323 3546 98443
118700 4399 55737
4399 55737 118700
55737 4399 118700
48442 38376 79631
79631 38376 48442
38376 48442 79631
145060 15806 147675
147675 15806 145060
15806 145060 147675
43409 80548 122156
80548 43409 122156
122156 43409 80548
13758 27046 32750
32750 13758 27046
27046 13758 32750
7248 79279 130127
130127 7248 79279
79279 7248 130127
132925 23235 23453
23235 23453 132925
23453 23235 132925
74109 67395 78305
67395 74109 78305
78305 67395 74109
77880 5384 25310
25310 5384 77880
5384 25310 77880
34832 62988 142010
62988 34832 142010
142010 34832 62988
92109 54230 109346
109346 54230 92109
54230 92109 109346
37456 81850 87133
87133 37456 81850
81850 37456 87133
30518 47851 53307
53307 30518 47851
47851 30518 53307
6212 7913 109146
109146 6212 7913
7913 6212 109146
72576 645 50109
645 50109 72576
50109 645 72576
117438 41947 101891
41947 101891 117438
101891 41947 117438
50636 51186 91588
51186 50636 91588
91588 50636 51186
112473 35266 112479
112479 35266 112473
35266 112473 112479
48166 98107 114353
114353 48166 98107
98107 48166 114353
75868 132460 143332
143332 75868 132460
132460 75868 143332
109508 35629 110474
110474 35629 109508
35629 109508 110474
129441 34017 64230
34017 64230 129441
64230 34017 129441
109528 44985 118105
118105 44985 109528
44985 109528 118105
138050 8031 37764
37764 8031 138050
8031 37764 138050
85511 48453 51984
48453 51984 85511
51984 48453 85511
18521 28151 40432
28151 18521 40432
40432 18521 28151
86398 19935 121865
19935 86398 121865
121865 19935 86398
37437 53480 98116
98116 37437 53480
53480 37437 98116
62031 79780 103679
79780 62031 103679
103679 62031 79780
112273 44362 129001
44362 112273 129001
129001 44362 112273
17465 96175 137295
96175 17465 137295
137295 17465 96175
132765 78907 96216
96216 78907 132765
78907 96216 132765
140281 100408 130536
100408 130536 140281
130536 100408 140281
108759 11334 44073
44073 11334 108759
11334 44073 108759
25878 118005 125775
125775 25878 118005
118005 25878 125775
138459 61730 142311
142311 61730 138459
61730 138459 142311
124657 1872 135595
135595 1872 124657
1872 124657 135595
104168 80945 89500
80945 89500 104168
89500 80945 104168
60844 21256 113121
21256 60844 113121
113121 21256 60844
49927 52208 122837
122837 49927 52208
52208 49927 122837
11757 15565 19463
15565 11757 19463
19463 11757 15565
110465 53597 148418
53597 110465 148418
148418 53597 110465
79646 36321 127434
36321 79646 127434
127434 36321 79646
29754 29677 75572
29677 29754 75572
75572 29677 29754
36997 6852 143495
143495 6852 36997
6852 36997 143495
82702 97805 121427
97805 82702 121427
121427 82702 97805
75246 20175 95600
95600 20175 75246
20175 75246 95600
36227 97606 124621
124621 36227 97606
97606 36227 124621
22312 89167 110883
110883 22312 89167
89167 22312 110883
42417 4647 70811
4647 42417 70811
70811 4647 42417
140210 28924 71418
28924 71418 140210
71418 28924 140210
112541 78111 138220
138220 78111 112541
78111 112541 138220
81237 31551 111641
31551 81237 111641
111641 31551 81237
139577 2639 101203
2639 101203 139577
101203 2639 139577
115406 121089 131512
121089 115406 131512
131512 115406 121089
93440 31381 108988
108988 31381 93440
31381 93440 108988
136407 83649 122002
83649 122002 136407
122002 83649 136407
62803 48486 121166
48486 62803 121166
121166 48486 62803
87788 35713 144550
35713 87788 144550
144550 35713 87788
24493 8818 89625
8818 24493 89625
89625 8818 24493
131235 50320 58113
50320 58113 131235
58113 50320 131235
106454 16327 113729
16327 106454 113729
113729 16327 106454
43084 78672 94958
78672 43084 94958
94958 43084 78672
120300 35325 135360
35325 120300 135360
135360 35325 120300
45092 40840 43590
40840 43590 45092
43590 40840 45092
110098 1610 21665
1610 21665 110098
21665 1610 110098
83870 68779 97425
68779 83870 97425
97425 68779 83870
135624 53600 114926
53600 114926 135624
114926 53600 135624
16157 89579 94333
94333 16157 89579
89579 16157 94333
10986 54892 79871
54892 10986 79871
79871 10986 54892
62253 108411 138078
108411 62253 138078
138078 62253 108411
87420 6394 107845
107845 6394 87420
6394 87420 107845
6077 205 37172
205 6077 37172
37172 205 6077
76522 13310 67265
13310 67265 76522
67265 13310 76522
24607 43732 84040
43732 24607 84040
84040 24607 43732
43824 29555 81176
29555 43824 81176
81176 29555 43824
78671 113111 139687
113111 78671 139687
139687 78671 113111
33281 98131 145901
145901 33281 98131
98131 33281 145901
72476 20806 65612
65612 20806 72476
20806 65612 72476
12965 37268 103922
37268 12965 103922
103922 12965 37268
45369 87516 147594
87516 45369 147594
147594 45369 87516
93263 4608 27562
4608 27562 93263
27562 4608 93263
101761 10365 28792
28792 10365 101761
10365 28792 101761
60814 15633 145256
145256 15633 60814
15633 60814 145256
69366 98420 106315
106315 69366 98420
98420 69366 106315
20206 24011 56948
24011 20206 56948
56948 20206 24011
103882 27787 54382
54382 27787 103882
27787 54382 103882
50453 3322 115351
3322 50453 115351
115351 3322 50453
6540 6741 51203
51203 6540 6741
6741 6540 51203
89598 31492 110757
31492 89598 110757
110757 31492 89598
25654 59725 76133
76133 25654 59725
59725 25654 76133
137040 56790 84735
56790 84735 137040
84735 56790 137040
98348 55917 147881
55917 98348 147881
147881 55917 98348
21310 26694 78862
26694 21310 78862
78862 21310 26694
19829 29355 130290
130290 19829 29355
29355 19829 130290
30272 26840 52309
26840 30272 52309
52309 26840 30272
14852 41048 70170
70170 14852 41048
41048 14852 70170
46707 64558 139644
64558 46707 139644
139644 46707 64558
128022 30540 30640
30640 30540 128022
30540 30640 128022
92063 79709 106481
79709 92063 106481
106481 79709 92063
114689 16122 61887
16122 61887 114689
61887 16122 114689
63125 46614 105110
46614 63125 105110
105110 46614 63125
140367 69727 108476
69727 108476 140367
108476 69727 140367
109786 34961 58079
34961 58079 109786
58079 34961 109786
34253 16151 21047
16151 21047 34253
21047 16151 34253
46270 3629 74509
74509 3629 46270
3629 46270 74509
92685 48980 148281
148281 48980 92685
48980 92685 148281
54197 38420 82978
82978 38420 54197
38420 54197 82978
3754 102603 119085
102603 3754 119085
119085 3754 102603
18250 83674 127001
83674 18250 127001
127001 18250 83674
106512 1522 126486
126486 1522 106512
1522 106512 126486
110921 45950 63123
45950 63123 110921
63123 45950 110921
67016 51163 66956
66956 51163 67016
51163 66956 67016
128043 101896 124181
124181 101896 128043
101896 124181 128043
27719 4572 72351
72351 4572 27719
4572 27719 72351
49857 24141 137739
137739 24141 49857
24141 49857 137739
55004 92366 132112
132112 55004 92366
92366 55004 132112
137491 25423 75177
75177 25423 137491
25423 75177 137491
119077 114591 116507
116507 114591 119077
114591 116507 119077
105076 73978 130374
130374 73978 105076
73978 105076 130374
42381 35498 140375
140375 35498 42381
35498 42381 140375
81899 107037 139068
107037 81899 139068
139068 81899 107037
131112 8238 72529
72529 8238 131112
8238 72529 131112
56349 77841 95137
95137 56349 77841
77841 56349 95137
128068 130700 139694
130700 128068 139694
139694 128068 130700
99782 96425 143163
96425 99782 143163
143163 96425 99782
20630 75428 138826
138826 20630 75428
75428 20630 138826
48208 31008 123888
31008 48208 123888
123888 31008 48208
64934 54180 127128
127128 54180 64934
54180 64934 127128
51295 72028 149814
149814 51295 72028
72028 51295 149814
119955 55843 125023
55843 119955 125023
125023 55843 119955
98496 64582 136006
64582 98496 136006
136006 64582 98496
99387 1584 120437
1584 99387 120437
120437 1584 99387
149038 28073 125579
125579 28073 149038
28073 125579 149038
38349 47811 53837
53837 38349 47811
47811 38349 53837
26808 35517 56495
56495 26808 35517
35517 26808 56495
32062 76345 147350
147350 32062 76345
76345 32062 147350
126833 16991 127187
127187 16991 126833
16991 126833 127187
21318 43870 100661
43870 21318 100661
100661 21318 43870
128764 26331 49571
26331 49571 128764
49571 26331 128764
49375 12497 81898
81898 12497 49375
12497 49375 81898
34062 96929 123563
123563 34062 96929
96929 34062 123563
80318 76199 119942
76199 80318 119942
119942 76199 80318
93978 13290 82116
82116 13290 93978
13290 82116 93978
8329 36324 47628
47628 8329 36324
36324 8329 47628
34097 1791 137361
137361 1791 34097
1791 34097 137361
45141 48686 131357
131357 45141 48686
48686 45141 131357
85402 6872 143882
6872 85402 143882
143882 6872 85402
27366 18393 52820
52820 18393 27366
18393 27366 52820
149021 18492 40892
18492 40892 149021
40892 18492 149021
40979 77764 145087
77764 40979 145087
145087 40979 77764
129886 64719 97344
97344 64719 129886
64719 97344 129886
74572 16378 50250
50250 16378 74572
16378 50250 74572
27654 35018 68172
35018 27654 68172
68172 27654 35018
26218 82287 107412
107412 26218 82287
82287 26218 107412
84317 124837 127940
124837 84317 127940
127940 84317 124837
82262 21333 109113
109113 21333 82262
21333 82262 109113
74445 59823 89744
59823 74445 89744
89744 59823 74445
109554 95663 145054
95663 109554 145054
145054 95663 109554
88350 49274 73357
73357 49274 88350
49274 73357 88350
126261 32368 65025
65025 32368 126261
32368 65025 126261
114349 26002 107538
107538 26002 114349
26002 107538 114349
25160 102015 111208
111208 25160 102015
102015 25160 111208
61139 77129 82567
77129 61139 82567
82567 61139 77129
87654 47645 112024
112024 47645 87654
47645 87654 112024
50532 102259 141960
141960 50532 102259
102259 50532 141960
16335 59042 114193
114193 16335 59042
59042 16335 114193
39427 3335 25647
3335 25647 39427
25647 3335 39427
38148 76851 102211
76851 38148 102211
102211 38148 76851
61103 7333 90232
90232 7333 61103
7333 61103 90232
41620 48043 109058
109058 41620 48043
48043 41620 109058
106511 33095 58267
33095 58267 106511
58267 33095 106511
138362 92301 145196
145196 92301 138362
92301 138362 145196
94357 5098 10748
10748 5098 94357
5098 10748 94357
7687 58445 70594
58445 7687 70594
70594 7687 58445
51244 108529 124900
124900 51244 108529
108529 51244 124900
45126 1521 149561
1521 45126 149561
149561 1521 45126
70599 7322 80315
80315 7322 70599
7322 70599 80315
93613 62682 72511
72511 62682 93613
62682 72511 93613
39187 58704 74394
74394 39187 58704
58704 39187 74394
5933 29720 142964
142964 5933 29720
29720 5933 142964
120667 529 41724
41724 529 120667
529 41724 120667
37127 24476 75272
24476 37127 75272
75272 24476 37127
76308 58152 81434
81434 58152 76308
58152 76308 81434
131140 56166 97128
97128 56166 131140
56166 97128 131140
17872 83383 112267
112267 17872 83383
83383 17872 112267
13037 64016 69892
64016 13037 69892
69892 13037 64016
107879 10170 39529
39529 10170 107879
10170 39529 107879
73793 121421 132023
121421 73793 132023
132023 73793 121421
99519 60509 85407
85407 60509 99519
60509 85407 99519
37154 10809 64026
10809 37154 64026
64026 10809 37154
8725 1536 124107
1536 8725 124107
124107 1536 8725
16101 4069 138760
4069 16101 138760
138760 4069 16101
992 95440 116466
95440 992 116466
116466 992 95440
125800 59955 76152
76152 59955 125800
59955 76152 125800
42694 133068 136529
136529 42694 133068
133068 42694 136529
135743 77267 92546
92546 77267 135743
77267 92546 135743
16588 78394 135351
78394 16588 135351
135351 16588 78394
87568 23249 136713
136713 23249 87568
23249 87568 136713
144174 49697 80813
49697 80813 144174
80813 49697 144174
1787 22077 60298
60298 1787 22077
22077 1787 60298
50388 77748 83400
83400 50388 77748
77748 50388 83400
126317 75287 114992
114992 75287 126317
75287 114992 126317
110170 79497 94361
79497 94361 110170
94361 79497 110170
75053 45743 61809
45743 61809 75053
61809 45743 75053
1839 63346 85949
63346 1839 85949
85949 1839 63346
72962 19017 48192
19017 48192 72962
48192 19017 72962
5917 26765 122714
26765 5917 122714
122714 5917 26765
30481 81404 134204
134204 30481 81404
81404 30481 134204
62358 71034 88789
88789 62358 71034
71034 62358 88789
77059 20242 122876
20242 77059 122876
122876 20242 77059
49496 24652 48085
24652 48085 49496
48085 24652 49496
113419 46890 64323
46890 64323 113419
64323 46890 113419
26117 42691 82207
42691 26117 82207
82207 26117 42691
142351 13654 78552
13654 78552 142351
78552 13654 142351
10961 215 47705
215 10961 47705
47705 215 10961
86486 5512 94485
5512 86486 94485
94485 5512 86486
17585 53847 70182
53847 17585 70182
70182 17585 53847
47132 16556 34224
16556 34224 47132
34224 16556 47132
72886 22014 128249
22014 72886 128249
128249 22014 72886
86460 49639 133166
133166 49639 86460
49639 86460 133166
103851 79523 82931
82931 79523 103851
79523 82931 103851
102500 84671 144369
144369 84671 102500
84671 102500 144369
288 29725 122157
122157 288 29725
29725 288 122157
78462 481 142446
481 78462 142446
142446 481 78462
84584 107678 110288
110288 84584 107678
107678 84584 110288
112527 43117 89160
89160 43117 112527
43117 89160 112527
33193 23067 118982
118982 23067 33193
23067 33193 118982
110532 14256 24332
14256 24332 110532
24332 14256 110532
81393 96006 120887
96006 81393 120887
120887 81393 96006
101930 11627 40651
11627 40651 101930
40651 11627 101930
98191 85210 147725
147725 85210 98191
85210 98191 147725
116964 32614 36768
36768 32614 116964
32614 36768 116964
91267 81611 88018
81611 88018 91267
88018 81611 91267
58973 66364 78673
66364 58973 78673
78673 58973 66364
94360 48535 128976
128976 48535 94360
48535 94360 128976
35424 2528 114541
2528 35424 114541
114541 2528 35424
142918 58815 98627
98627 58815 142918
58815 98627 142918
62425 34402 142075
34402 62425 142075
142075 34402 62425
17335 7429 24967
7429 17335 24967
24967 7429 17335
18774 13682 128476
13682 18774 128476
128476 13682 18774
23711 33082 143407
33082 23711 143407
143407 23711 33082
14266 57958 133121
133121 14266 57958
57958 14266 133121
73508 16153 132166
16153 73508 132166
132166 16153 73508
71268 7590 21471
21471 7590 71268
7590 21471 71268
127342 30520 87857
30520 87857 127342
87857 30520 127342
143195 98588 109903
109903 98588 143195
98588 109903 143195
33781 4354 31438
4354 31438 33781
31438 4354 33781
11290 92447 126696
92447 11290 126696
126696 11290 92447
122255 56884 90318
56884 90318 122255
90318 56884 122255
59346 11425 113664
113664 11425 59346
11425 59346 113664
119592 38813 122718
122718 38813 119592
38813 119592 122718
135837 89534 136678
136678 89534 135837
89534 135837 136678
66067 14186 106637
14186 66067 106637
106637 14186 66067
33337 125066 127290
127290 33337 125066
125066 33337 127290
24966 2673 93282
93282 2673 24966
2673 24966 93282
109535 10842 106615
10842 106615 109535
106615 10842 109535
34836 126182 143188
126182 34836 143188
143188 34836 126182
49062 110132 145694
110132 49062 145694
145694 49062 110132
123125 4280 114759
114759 4280 123125
4280 114759 123125
54063 47804 80507
47804 54063 80507
80507 47804 54063
107631 6600 109286
109286 6600 107631
6600 107631 109286
87186 83961 122977
83961 87186 122977
122977 83961 87186
113076 31456 131837
31456 113076 131837
131837 31456 113076
82599 14564 138106
14564 82599 138106
138106 14564 82599
782 61871 129191
61871 782 129191
129191 782 61871
16322 1578 77203
77203 1578 16322
1578 16322 77203
103645 93066 127095
93066 103645 127095
127095 93066 103645
4641 12604 92342
12604 4641 92342
92342 4641 12604
17216 17789 33978
33978 17216 17789
17789 17216 33978
69725 42364 59035
59035 42364 69725
42364 59035 69725
132569 43168 80736
80736 43168 132569
43168 80736 132569
40073 84509 142681
142681 40073 84509
84509 40073 142681
57087 95491 144932
144932 57087 95491
95491 57087 144932
130826 9359 18201
9359 18201 130826
18201 9359 130826
8082 46905 65109
65109 8082 46905
46905 8082 65109
101023 87071 142709
87071 101023 142709
142709 87071 101023
70813 142680 142914
142680 70813 142914
142914 70813 142680
17625 99655 114436
114436 17625 99655
99655 17625 114436
13970 2237 107323
107323 2237 13970
2237 13970 107323
95272 119250 133871
133871 95272 119250
119250 95272 133871
29824 95673 111585
111585 29824 95673
95673 29824 111585
131194 71821 73323
73323 71821 131194
71821 73323 131194
59787 57246 58982
58982 57246 59787
57246 58982 59787
47856 18519 27799
27799 18519 47856
18519 27799 47856
42776 49463 101842
49463 42776 101842
101842 42776 49463
27524 104916 140978
104916 27524 140978
140978 27524 104916
137980 65794 106324
65794 106324 137980
106324 65794 137980
76528 24852 83515
24852 76528 83515
83515 24852 76528
135566 33779 136817
33779 135566 136817
136817 33779 135566
103893 13851 71516
13851 71516 103893
71516 13851 103893
8823 102218 127769
127769 8823 102218
102218 8823 127769
22529 31267 48441
31267 22529 48441
48441 22529 31267
38441 5860 81922
81922 5860 38441
5860 38441 81922
28651 94108 123439
94108 28651 123439
123439 28651 94108
7256 19338 86275
86275 7256 19338
19338 7256 86275
5626 11956 20540
20540 5626 11956
11956 5626 20540
125463 44431 110845
110845 44431 125463
44431 110845 125463
51284 98114 124259
98114 51284 124259
124259 51284 98114
43960 7408 119757
7408 43960 119757
119757 7408 43960
114274 38730 88141
38730 88141 114274
88141 38730 114274
8546 26896 120732
120732 8546 26896
26896 8546 120732
141500 86401 88468
88468 86401 141500
86401 88468 141500
102197 1086 53030
53030 1086 102197
1086 53030 102197
58700 11460 75853
11460 58700 75853
75853 11460 58700
13457 3890 82369
82369 3890 13457
3890 13457 82369
145262 50708 125666
125666 50708 145262
50708 125666 145262
28948 93625 94761
94761 28948 93625
93625 28948 94761
101978 34316 71400
71400 34316 101978
34316 71400 101978
95937 117922 132725
132725 95937 117922
117922 95937 132725
132629 14877 26646
14877 26646 132629
26646 14877 132629
14026 2079 63739
63739 2079 14026
2079 14026 63739
18238 67705 142525
142525 18238 67705
67705 18238 142525
83793 40794 144149
144149 40794 83793
40794 83793 144149
62778 69493 77760
77760 62778 69493
69493 62778 77760
96390 35768 107350
107350 35768 96390
35768 96390 107350
15430 1205 37815
1205 15430 37815
37815 1205 15430
27672 96607 146752
96607 27672 146752
146752 27672 96607
33025 18422 99226
18422 33025 99226
99226 18422 33025
127163 49935 93948
49935 93948 127163
93948 49935 127163
35949 125555 138203
138203 35949 125555
125555 35949 138203
127447 22504 60928
60928 22504 127447
22504 60928 127447
52464 75228 149924
149924 52464 75228
75228 52464 149924
5405 66955 121282
66955 5405 121282
121282 5405 66955
31429 101595 102783
101595 31429 102783
102783 31429 101595
92924 16946 38484
38484 16946 92924
16946 38484 92924
4559 66139 118494
66139 4559 118494
118494 4559 66139
5624 101392 134817
101392 5624 134817
134817 5624 101392
135599 97827 132418
97827 132418 135599
132418 97827 135599
46833 31209 56218
56218 31209 46833
31209 46833 56218
126786 103564 137391
137391 103564 126786
103564 126786 137391
57281 8256 61856
8256 57281 61856
61856 8256 57281
38454 35242 36817
35242 36817 38454
36817 35242 38454
54072 31293 111809
111809 31293 54072
31293 54072 111809
28652 2693 96554
2693 28652 96554
96554 2693 28652
146600 42804 109127
42804 109127 146600
109127 42804 146600
139412 59199 119483
119483 59199 139412
59199 119483 139412
39753 67124 113389
113389 39753 67124
67124 39753 113389
145985 17629 18089
18089 17629 145985
17629 18089 145985
18479 83227 90859
83227 18479 90859
90859 18479 83227
143304 86621 125069
86621 125069 143304
125069 86621 143304
22842 49198 135831
49198 22842 135831
135831 22842 49198
26273 45914 136724
45914 26273 136724
136724 26273 45914
57922 23073 127548
127548 23073 57922
23073 57922 127548
29137 53818 113276
113276 29137 53818
53818 29137 113276
52599 104951 124422
104951 52599 124422
124422 52599 104951
77425 6504 36613
6504 36613 77425
36613 6504 77425
49925 32405 60902
60902 32405 49925
32405 49925 60902
56423 46924 101240
46924 56423 101240
101240 46924 56423
147746 94078 142260
142260 94078 147746
94078 142260 147746
84617 41054 88953
88953 41054 84617
41054 84617 88953
33595 38377 126567
38377 33595 126567
126567 33595 38377
137464 56102 71834
56102 71834 137464
71834 56102 137464
123474 27352 99436
99436 27352 123474
27352 99436 123474
7603 116637 128117
128117 7603 116637
116637 7603 128117
101455 72030 102356
72030 101455 102356
102356 72030 101455
146706 25808 128679
128679 25808 146706
25808 128679 146706
147636 5646 106135
5646 106135 147636
106135 5646 147636
108993 73883 130520
73883 108993 130520
130520 73883 108993
92099 72363 114303
114303 72363 92099
72363 92099 114303
107374 80987 106616
106616 80987 107374
80987 106616 107374
38767 44350 62135
62135 38767 44350
44350 38767 62135
18831 97170 112177
112177 18831 97170
97170 18831 112177
79306 3310 107585
107585 3310 79306
