140738 32278 119887
119887 32278 140738
32278 119887 140738
123705 60010 124910
124910 60010 123705
60010 123705 124910
36191 6649 40455
40455 6649 36191
6649 36191 40455
143659 23984 104013
104013 23984 143659
23984 104013 143659
39994 75821 79806
79806 39994 75821
75821 39994 79806
132373 25112 46603
46603 25112 132373
25112 46603 132373
76565 101094 134585
134585 76565 101094
101094 76565 134585
5601 10840 36813
10840 5601 36813
36813 5601 10840
44361 69003 121390
121390 44361 69003
69003 44361 121390
96544 21052 103502
21052 96544 103502
103502 21052 96544
71111 23521 61801
23521 61801 71111
61801 23521 71111
77376 3832 25331
25331 3832 77376
3832 25331 77376
31488 6574 73611
6574 31488 73611
73611 6574 31488
74494 20348 36923
20348 36923 74494
36923 20348 74494
78254 133743 148788
133743 78254 148788
148788 78254 133743
145940 52320 58240
52320 58240 145940
58240 52320 145940
88430 20916 98003
98003 20916 88430
20916 88430 98003
8427 80838 83908
83908 8427 80838
80838 8427 83908
75308 23307 131324
23307 75308 131324
131324 23307 75308
95113 81661 138218
81661 95113 138218
138218 81661 95113
34443 79984 80446
79984 34443 80446
80446 34443 79984
30051 17006 40472
40472 17006 30051
17006 30051 40472
143813 124997 126513
124997 126513 143813
126513 124997 143813
35187 30450 66668
66668 30450 35187
30450 35187 66668
58899 18946 83336
18946 58899 83336
83336 18946 58899
79909 56147 119103
119103 56147 79909
56147 79909 119103
110794 71299 71710
71299 71710 110794
71710 71299 110794
76968 44409 70845
44409 70845 76968
70845 44409 76968
5852 66296 119873
119873 5852 66296
66296 5852 119873
40743 9566 78013
78013 9566 40743
9566 40743 78013
40188 78663 125523
125523 40188 78663
78663 40188 125523
64284 87849 130242
130242 64284 87849
87849 64284 130242
71607 40482 101467
101467 40482 71607
40482 71607 101467
63394 88342 122390
122390 63394 88342
88342 63394 122390
18461 23670 54175
54175 18461 23670
23670 18461 54175
146314 69956 104222
104222 69956 146314
69956 104222 146314
18333 59436 144226
59436 18333 144226
144226 18333 59436
58025 20914 91110
91110 20914 58025
20914 58025 91110
149579 39570 134347
39570 134347 149579
134347 39570 149579
134081 2532 86091
2532 86091 134081
86091 2532 134081
23767 63485 76072
63485 23767 76072
76072 23767 63485
44813 113620 143536
113620 44813 143536
143536 44813 113620
134436 104968 105064
104968 105064 134436
105064 104968 134436
13586 9983 95344
9983 13586 95344
95344 9983 13586
140039 74458 100680
100680 74458 140039
74458 100680 140039
106620 84844 91991
91991 84844 106620
84844 91991 106620
79577 73793 80754
80754 73793 79577
73793 79577 80754
38036 15887 98510
15887 38036 98510
98510 15887 38036
27220 56339 103269
103269 27220 56339
56339 27220 103269
664 96237 120437
96237 664 120437
120437 664 96237
32570 90744 137193
90744 32570 137193
137193 32570 90744
59392 3757 64925
64925 3757 59392
3757 59392 64925
49019 61910 72449
72449 49019 61910
61910 49019 72449
46954 73363 78111
78111 46954 73363
73363 46954 78111
70936 117013 139271
139271 70936 117013
117013 70936 139271
145175 83095 88181
83095 88181 145175
88181 83095 145175
148434 70127 130315
70127 130315 148434
130315 70127 148434
131941 22586 104134
22586 104134 131941
104134 22586 131941
140297 63997 93525
93525 63997 140297
63997 93525 140297
136211 1991 82411
82411 1991 136211
1991 82411 136211
15678 51385 112382
112382 15678 51385
51385 15678 112382
106884 15014 82762
15014 82762 106884
82762 15014 106884
133276 38075 110706
38075 110706 133276
110706 38075 133276
73117 101470 116300
101470 73117 116300
116300 73117 101470
12370 21262 107567
107567 12370 21262
21262 12370 107567
25203 46382 128846
128846 25203 46382
46382 25203 128846
90816 161 5037
161 5037 90816
5037 161 90816
41331 28540 121855
28540 41331 121855
121855 28540 41331
11758 63695 132358
132358 11758 63695
63695 11758 132358
51900 29222 59827
59827 29222 51900
29222 51900 59827
21165 18722 49335
49335 18722 21165
18722 21165 49335
128395 32350 87559
87559 32350 128395
32350 87559 128395
97960 27662 149926
27662 97960 149926
149926 27662 97960
43327 60046 84965
60046 43327 84965
84965 43327 60046
80345 86722 103356
103356 80345 86722
86722 80345 103356
18903 18326 21584
21584 18326 18903
18326 18903 21584
13393 130791 148123
130791 13393 148123
148123 13393 130791
79372 3326 130479
3326 79372 130479
130479 3326 79372
25028 20459 106990
106990 20459 25028
20459 25028 106990
135056 104680 139076
104680 135056 139076
139076 104680 135056
95962 17518 129076
129076 17518 95962
17518 95962 129076
60931 27982 37746
37746 27982 60931
27982 37746 60931
78284 56790 122462
122462 56790 78284
56790 78284 122462
54846 44801 49881
49881 44801 54846
44801 49881 54846
94145 62675 129090
62675 94145 129090
129090 62675 94145
119484 1106 33367
1106 33367 119484
33367 1106 119484
92330 20192 81303
20192 81303 92330
81303 20192 92330
2661 24130 66093
24130 2661 66093
66093 2661 24130
112505 71834 133543
133543 71834 112505
71834 112505 133543
6678 19669 115070
19669 6678 115070
115070 6678 19669
61934 106979 119303
119303 61934 106979
106979 61934 119303
87087 118606 120412
118606 87087 120412
120412 87087 118606
112277 20233 144490
144490 20233 112277
20233 112277 144490
132199 31829 133910
31829 132199 133910
133910 31829 132199
139623 5916 23890
23890 5916 139623
5916 23890 139623
137585 75465 115267
115267 75465 137585
75465 115267 137585
109141 15895 113542
15895 109141 113542
113542 15895 109141
48588 73750 76274
73750 48588 76274
76274 48588 73750
60461 45849 147973
45849 60461 147973
147973 45849 60461
70807 83489 93605
93605 70807 83489
83489 70807 93605
38178 32659 131449
131449 32659 38178
32659 38178 131449
127291 116408 129687
116408 127291 129687
129687 116408 127291
92485 10627 127562
10627 92485 127562
127562 10627 92485
135672 86330 92061
86330 92061 135672
92061 86330 135672
122560 83038 99192
83038 99192 122560
99192 83038 122560
5384 33564 85659
33564 5384 85659
85659 5384 33564
36582 131018 132831
132831 36582 131018
131018 36582 132831
21191 2814 47401
47401 2814 21191
2814 21191 47401
38826 82132 118317
82132 38826 118317
118317 38826 82132
13705 53024 102184
102184 13705 53024
53024 13705 102184
117815 77025 91997
77025 91997 117815
91997 77025 117815
100653 22348 82472
22348 82472 100653
82472 22348 100653
79431 40384 74046
74046 40384 79431
40384 74046 79431
27399 34166 60867
34166 27399 60867
60867 27399 34166
2848 33163 137513
137513 2848 33163
33163 2848 137513
98854 92010 121149
92010 98854 121149
121149 92010 98854
18390 15006 48693
15006 18390 48693
48693 15006 18390
52608 54992 101337
54992 52608 101337
101337 52608 54992
20908 5815 25707
5815 20908 25707
25707 5815 20908
48604 54320 86255
54320 48604 86255
86255 48604 54320
64451 62298 70075
70075 62298 64451
62298 64451 70075
114756 12006 123889
123889 12006 114756
12006 114756 123889
46170 50954 56886
56886 46170 50954
50954 46170 56886
127918 77844 120079
77844 120079 127918
120079 77844 127918
101752 48999 137534
48999 101752 137534
137534 48999 101752
38723 35840 98650
98650 35840 38723
35840 38723 98650
15562 83538 132355
83538 15562 132355
132355 15562 83538
121161 14977 85892
14977 85892 121161
85892 14977 121161
108154 26883 114688
114688 26883 108154
26883 108154 114688
22025 7533 138756
7533 22025 138756
138756 7533 22025
129011 38914 42263
42263 38914 129011
38914 42263 129011
36522 128588 133535
133535 36522 128588
128588 36522 133535
20717 7021 138291
138291 7021 20717
7021 20717 138291
55529 92680 116204
116204 55529 92680
92680 55529 116204
64763 13525 62578
13525 62578 64763
62578 13525 64763
47612 4367 75915
75915 4367 47612
4367 47612 75915
60902 35663 64109
35663 60902 64109
64109 35663 60902
27190 42397 63479
63479 27190 42397
42397 27190 63479
19862 75380 97944
75380 19862 97944
97944 19862 75380
121030 42606 126535
126535 42606 121030
42606 121030 126535
111620 2696 29012
2696 29012 111620
29012 2696 111620
89593 11842 93873
93873 11842 89593
11842 89593 93873
30966 6977 60247
60247 6977 30966
6977 30966 60247
104764 19 28149
19 28149 104764
28149 19 104764
35580 1257 58246
1257 35580 58246
58246 1257 35580
112925 67682 69256
69256 67682 112925
67682 69256 112925
22252 46753 90431
90431 22252 46753
46753 22252 90431
130053 55766 119552
119552 55766 130053
55766 119552 130053
136566 49399 116551
49399 116551 136566
116551 49399 136566
62275 71233 148939
148939 62275 71233
71233 62275 148939
123602 72657 114065
72657 114065 123602
114065 72657 123602
73421 16879 111512
16879 73421 111512
111512 16879 73421
26013 3608 29538
29538 3608 26013
3608 26013 29538
118927 137765 146462
137765 118927 146462
146462 118927 137765
34763 41387 117403
117403 34763 41387
41387 34763 117403
116964 1102 115197
115197 1102 116964
1102 115197 116964
22959 77436 83806
77436 22959 83806
83806 22959 77436
33939 1644 25376
25376 1644 33939
1644 25376 33939
148749 44866 125856
44866 125856 148749
125856 44866 148749
49464 53583 119406
119406 49464 53583
53583 49464 119406
116752 67173 89459
89459 67173 116752
67173 89459 116752
80094 25473 82656
82656 25473 80094
25473 80094 82656
149526 5693 30408
30408 5693 149526
5693 30408 149526
16456 21003 111615
21003 16456 111615
111615 16456 21003
107280 11592 85445
85445 11592 107280
11592 85445 107280
54673 92309 135246
92309 54673 135246
135246 54673 92309
80869 13501 147458
147458 13501 80869
13501 80869 147458
146832 107290 128607
107290 128607 146832
128607 107290 146832
58071 55440 87381
55440 58071 87381
87381 55440 58071
71205 88509 116879
88509 71205 116879
116879 71205 88509
30275 7408 23978
23978 7408 30275
7408 23978 30275
136358 60029 112630
60029 112630 136358
112630 60029 136358
137099 2018 119593
119593 2018 137099
2018 119593 137099
49223 18982 62602
18982 49223 62602
62602 18982 49223
23536 119645 121146
119645 23536 121146
121146 23536 119645
72863 80405 102178
102178 72863 80405
80405 72863 102178
32286 78307 131440
78307 32286 131440
131440 32286 78307
143511 74718 106534
106534 74718 143511
74718 106534 143511
73007 41110 131080
131080 41110 73007
41110 73007 131080
481 42163 117404
117404 481 42163
42163 481 117404
84467 6550 99701
6550 84467 99701
99701 6550 84467
148805 96498 102293
102293 96498 148805
96498 102293 148805
103011 3236 115118
3236 103011 115118
115118 3236 103011
14117 57084 115492
57084 14117 115492
115492 14117 57084
5530 111483 137143
111483 5530 137143
137143 5530 111483
65195 23571 106885
106885 23571 65195
23571 65195 106885
101469 30878 59719
59719 30878 101469
30878 59719 101469
137635 99427 101731
99427 101731 137635
101731 99427 137635
144199 133789 139136
139136 133789 144199
133789 139136 144199
13293 65966 109658
109658 13293 65966
65966 13293 109658
79397 32812 101557
32812 79397 101557
101557 32812 79397
42343 18585 119987
18585 42343 119987
119987 18585 42343
117045 65232 83122
83122 65232 117045
65232 83122 117045
127525 27194 111387
111387 27194 127525
27194 111387 127525
95574 136123 144489
136123 95574 144489
144489 95574 136123
34112 52405 76252
52405 34112 76252
76252 34112 52405
113567 113474 140523
113474 113567 140523
140523 113474 113567
63151 52806 116453
116453 52806 63151
52806 63151 116453
21029 19995 127849
127849 19995 21029
19995 21029 127849
72997 35603 114254
114254 35603 72997
35603 72997 114254
125507 55662 73937
55662 73937 125507
73937 55662 125507
104552 90793 147171
90793 104552 147171
147171 90793 104552
12104 37999 57857
57857 12104 37999
37999 12104 57857
145899 19553 34849
34849 19553 145899
19553 34849 145899
75072 9361 70862
70862 9361 75072
9361 70862 75072
32770 50447 69643
50447 32770 69643
69643 32770 50447
50891 81752 93416
81752 50891 93416
93416 50891 81752
100322 46532 147327
46532 100322 147327
147327 46532 100322
97749 76984 77795
77795 76984 97749
76984 77795 97749
98843 36696 69119
69119 36696 98843
36696 69119 98843
123177 9832 63405
63405 9832 123177
9832 63405 123177
2887 2663 61372
2663 2887 61372
61372 2663 2887
97896 72104 83151
72104 83151 97896
83151 72104 97896
124996 78618 80657
80657 78618 124996
78618 80657 124996
5768 17361 84625
17361 5768 84625
84625 5768 17361
6064 62825 109019
109019 6064 62825
62825 6064 109019
3389 9493 149129
9493 3389 149129
149129 3389 9493
103943 38532 114573
38532 103943 114573
114573 38532 103943
48114 113024 129561
129561 48114 113024
113024 48114 129561
56883 3787 61893
3787 56883 61893
61893 3787 56883
128521 28325 34336
34336 28325 128521
28325 34336 128521
143184 141074 148705
141074 143184 148705
148705 141074 143184
32665 86846 90256
86846 32665 90256
90256 32665 86846
145201 5063 13438
13438 5063 145201
5063 13438 145201
118607 84507 108028
108028 84507 118607
84507 108028 118607
109339 119752 120531
120531 109339 119752
119752 109339 120531
75222 60249 73848
73848 60249 75222
60249 73848 75222
149893 63937 144656
144656 63937 149893
63937 144656 149893
123907 100351 109571
109571 100351 123907
100351 109571 123907
57415 27007 148423
27007 57415 148423
148423 27007 57415
52250 43900 88093
43900 52250 88093
88093 43900 52250
59084 87732 90161
87732 59084 90161
90161 59084 87732
63437 25422 142271
25422 63437 142271
142271 25422 63437
60941 57434 117402
117402 57434 60941
57434 60941 117402
118159 1329 145687
1329 118159 145687
145687 1329 118159
133720 36873 39941
39941 36873 133720
36873 39941 133720
74194 87511 123073
87511 74194 123073
123073 74194 87511
104148 46911 54021
54021 46911 104148
46911 54021 104148
2749 90020 127103
127103 2749 90020
90020 2749 127103
70654 114612 130828
130828 70654 114612
114612 70654 130828
66127 7457 96550
96550 7457 66127
7457 66127 96550
114905 25977 133331
133331 25977 114905
25977 114905 133331
93447 3814 93195
93195 3814 93447
3814 93195 93447
60123 24024 100563
100563 24024 60123
24024 60123 100563
60044 139302 149413
149413 60044 139302
139302 60044 149413
8884 8458 107565
8458 8884 107565
107565 8458 8884
54513 43249 52203
43249 52203 54513
52203 43249 54513
102590 74804 90651
74804 90651 102590
90651 74804 102590
35741 56181 62113
62113 35741 56181
56181 35741 62113
114081 100567 130222
130222 100567 114081
100567 114081 130222
8712 23357 73135
73135 8712 23357
23357 8712 73135
69548 21767 144759
144759 21767 69548
21767 69548 144759
103843 99354 115236
115236 99354 103843
99354 103843 115236
28329 31153 42715
31153 28329 42715
42715 28329 31153
138204 116103 141707
141707 116103 138204
116103 138204 141707
53403 86399 87043
87043 53403 86399
86399 53403 87043
129182 23826 104787
23826 104787 129182
104787 23826 129182
133570 55253 108527
108527 55253 133570
55253 108527 133570
107555 20754 94925
20754 94925 107555
94925 20754 107555
4209 102209 130225
130225 4209 102209
102209 4209 130225
106360 79858 99243
99243 79858 106360
79858 99243 106360
139538 50476 137036
50476 137036 139538
137036 50476 139538
131032 28983 64152
28983 64152 131032
64152 28983 131032
106046 66418 73161
66418 73161 106046
73161 66418 106046
42544 44155 44671
44671 42544 44155
44155 42544 44671
117191 71206 118682
71206 117191 118682
118682 71206 117191
11680 41072 121585
41072 11680 121585
121585 11680 41072
69056 45121 93882
93882 45121 69056
45121 69056 93882
14114 16584 55749
55749 14114 16584
16584 14114 55749
59694 5083 11207
5083 11207 59694
11207 5083 59694
73752 73313 122648
122648 73313 73752
73313 73752 122648
21895 54792 118995
118995 21895 54792
54792 21895 118995
90865 38308 110202
38308 90865 110202
110202 38308 90865
107809 39616 61254
61254 39616 107809
39616 61254 107809
76893 66653 140580
66653 76893 140580
140580 66653 76893
78326 84771 102901
84771 78326 102901
102901 78326 84771
87694 25305 66830
66830 25305 87694
25305 66830 87694
4292 13175 50409
13175 4292 50409
50409 4292 13175
115824 45918 91048
91048 45918 115824
45918 91048 115824
9905 3610 72003
3610 9905 72003
72003 3610 9905
31710 115174 149664
115174 31710 149664
149664 31710 115174
139148 111678 148385
148385 111678 139148
111678 139148 148385
41390 73791 95996
73791 41390 95996
95996 41390 73791
50268 131698 133216
131698 50268 133216
133216 50268 131698
68627 27925 132042
132042 27925 68627
27925 68627 132042
126981 44500 87489
44500 87489 126981
87489 44500 126981
82629 417 19548
19548 417 82629
417 19548 82629
103019 100273 141217
141217 100273 103019
100273 103019 141217
22472 110361 132154
110361 22472 132154
132154 22472 110361
33218 21927 38384
38384 21927 33218
21927 33218 38384
130999 4977 108769
4977 108769 130999
108769 4977 130999
105354 130742 142474
142474 105354 130742
130742 105354 142474
130036 38803 143941
38803 130036 143941
143941 38803 130036
136898 65956 132894
65956 132894 136898
132894 65956 136898
36026 113138 134960
134960 36026 113138
113138 36026 134960
73924 104701 122427
104701 73924 122427
122427 73924 104701
27170 848 133993
848 27170 133993
133993 848 27170
13984 23004 137406
23004 13984 137406
137406 13984 23004
45109 109113 137615
109113 45109 137615
137615 45109 109113
131380 12893 76352
76352 12893 131380
12893 76352 131380
48863 100880 128937
100880 48863 128937
128937 48863 100880
113380 79065 110647
110647 79065 113380
79065 110647 113380
70239 58037 60954
60954 58037 70239
58037 60954 70239
7895 32511 101116
101116 7895 32511
32511 7895 101116
102217 26156 108364
108364 26156 102217
26156 102217 108364
125551 122533 124825
122533 124825 125551
124825 122533 125551
45354 22698 146300
22698 45354 146300
146300 22698 45354
142735 20137 30576
30576 20137 142735
20137 30576 142735
14929 23016 65297
23016 14929 65297
65297 14929 23016
104627 52501 71246
52501 71246 104627
71246 52501 104627
124252 17812 74537
74537 17812 124252
17812 74537 124252
11335 11177 77776
11177 11335 77776
77776 11177 11335
116981 16604 60659
60659 16604 116981
16604 60659 116981
62809 94986 138320
94986 62809 138320
138320 62809 94986
131275 30849 142399
30849 131275 142399
142399 30849 131275
877 5544 112024
112024 877 5544
5544 877 112024
63766 133762 139238
133762 63766 139238
139238 63766 133762
120744 26855 43758
26855 43758 120744
43758 26855 120744
96891 6030 120304
120304 6030 96891
6030 96891 120304
24798 14221 76451
76451 14221 24798
14221 24798 76451
76842 127013 141430
141430 76842 127013
127013 76842 141430
43567 80416 114645
80416 43567 114645
114645 43567 80416
72837 592 135344
592 72837 135344
135344 592 72837
58819 64882 81872
81872 58819 64882
64882 58819 81872
33507 101153 115508
115508 33507 101153
101153 33507 115508
13167 124510 133015
133015 13167 124510
124510 13167 133015
13666 79788 127587
127587 13666 79788
79788 13666 127587
144018 50413 106451
106451 50413 144018
50413 106451 144018
62587 87688 110945
87688 62587 110945
110945 62587 87688
148437 93214 118786
118786 93214 148437
93214 118786 148437
116419 41402 54770
54770 41402 116419
41402 54770 116419
125591 65728 137273
65728 125591 137273
137273 65728 125591
137016 57124 110630
57124 110630 137016
110630 57124 137016
30497 41023 64119
41023 30497 64119
64119 30497 41023
3659 8219 51908
8219 3659 51908
51908 3659 8219
34213 79847 81801
81801 34213 79847
79847 34213 81801
61563 136790 140405
140405 61563 136790
136790 61563 140405
113989 99058 139251
99058 113989 139251
139251 99058 113989
38983 43766 53705
43766 38983 53705
53705 38983 43766
21769 11767 139485
11767 21769 139485
139485 11767 21769
144823 72916 149432
149432 72916 144823
72916 144823 149432
82838 28636 117296
117296 28636 82838
28636 82838 117296
114187 7194 70836
7194 70836 114187
70836 7194 114187
43316 87154 101032
87154 43316 101032
101032 43316 87154
93006 107580 139713
107580 93006 139713
139713 93006 107580
120701 42059 64775
42059 64775 120701
64775 42059 120701
99181 5026 90444
90444 5026 99181
5026 90444 99181
68222 12225 62844
12225 62844 68222
62844 12225 68222
68061 16411 66889
66889 16411 68061
16411 66889 68061
66064 13301 29794
29794 13301 66064
13301 29794 66064
7501 41921 100555
100555 7501 41921
41921 7501 100555
10246 53669 69238
69238 10246 53669
53669 10246 69238
132707 28487 119642
28487 119642 132707
119642 28487 132707
40252 59874 123266
123266 40252 59874
59874 40252 123266
41425 22642 94512
94512 22642 41425
22642 41425 94512
54993 110288 149541
149541 54993 110288
110288 54993 149541
87160 66532 70719
70719 66532 87160
66532 70719 87160
58346 64738 134741
134741 58346 64738
64738 58346 134741
92626 64136 97237
97237 64136 92626
64136 92626 97237
42050 17321 59714
59714 17321 42050
17321 42050 59714
5588 47058 88264
47058 5588 88264
88264 5588 47058
2878 2611 94648
94648 2611 2878
2611 2878 94648
35268 37059 104998
104998 35268 37059
37059 35268 104998
80315 131451 149677
149677 80315 131451
131451 80315 149677
53970 5627 59753
5627 53970 59753
59753 5627 53970
94117 64624 113677
64624 94117 113677
113677 64624 94117
101918 5845 123048
5845 101918 123048
123048 5845 101918
72844 5672 11474
11474 5672 72844
5672 11474 72844
92331 69377 92782
69377 92331 92782
92782 69377 92331
13498 46006 58070
58070 13498 46006
46006 13498 58070
146334 35597 82633
82633 35597 146334
35597 82633 146334
83668 74100 75838
74100 75838 83668
75838 74100 83668
124566 24200 136953
136953 24200 124566
24200 124566 136953
27908 114262 131608
114262 27908 131608
131608 27908 114262
59344 92921 114091
92921 59344 114091
114091 59344 92921
133474 25065 26966
25065 26966 133474
26966 25065 133474
94599 75170 127244
75170 94599 127244
127244 75170 94599
148585 16683 115967
115967 16683 148585
16683 115967 148585
147203 16972 135853
16972 135853 147203
135853 16972 147203
136550 36468 54739
54739 36468 136550
36468 54739 136550
114628 83332 135173
83332 114628 135173
135173 83332 114628
87222 58452 136395
136395 58452 87222
58452 87222 136395
13275 30346 128296
30346 13275 128296
128296 13275 30346
38987 19017 87707
87707 19017 38987
19017 38987 87707
42382 97778 149375
149375 42382 97778
97778 42382 149375
47402 10991 122059
122059 10991 47402
10991 47402 122059
84232 145853 146749
146749 84232 145853
145853 84232 146749
112260 2854 36321
36321 2854 112260
2854 36321 112260
13564 113035 145809
113035 13564 145809
145809 13564 113035
63428 7694 98516
98516 7694 63428
7694 63428 98516
7360 136828 148281
136828 7360 148281
148281 7360 136828
60137 37248 134184
37248 60137 134184
134184 37248 60137
24711 45902 84157
84157 24711 45902
45902 24711 84157
39347 29049 141265
29049 39347 141265
141265 29049 39347
110976 29776 43269
29776 43269 110976
43269 29776 110976
120747 28195 88328
88328 28195 120747
28195 88328 120747
3581 8390 31441
31441 3581 8390
8390 3581 31441
102039 58590 76234
58590 76234 102039
76234 58590 102039
7633 19719 149602
19719 7633 149602
149602 7633 19719
114488 137084 143007
143007 114488 137084
137084 114488 143007
118516 36870 109417
36870 109417 118516
109417 36870 118516
64191 6401 67796
67796 6401 64191
6401 64191 67796
20131 44512 147880
147880 20131 44512
44512 20131 147880
113411 51632 66158
51632 66158 113411
66158 51632 113411
94817 888 85055
85055 888 94817
888 85055 94817
124561 45196 97946
45196 97946 124561
97946 45196 124561
116581 65154 114318
65154 114318 116581
114318 65154 116581
18925 70464 114714
114714 18925 70464
70464 18925 114714
135095 57985 144080
144080 57985 135095
57985 135095 144080
69605 117654 135405
135405 69605 117654
117654 69605 135405
30970 44195 123666
44195 30970 123666
123666 30970 44195
16686 25363 61065
61065 16686 25363
25363 16686 61065
40620 90052 120157
120157 40620 90052
90052 40620 120157
45040 104049 106393
106393 45040 104049
104049 45040 106393
25416 52463 56065
56065 25416 52463
52463 25416 56065
105268 34819 39241
39241 34819 105268
34819 39241 105268
87108 17700 132159
17700 87108 132159
132159 17700 87108
2177 17504 39481
39481 2177 17504
17504 2177 39481
33388 19283 36847
36847 19283 33388
19283 33388 36847
131347 29457 118576
118576 29457 131347
29457 118576 131347
29905 60278 136028
136028 29905 60278
60278 29905 136028
13269 49874 128856
128856 13269 49874
49874 13269 128856
86308 4017 46804
4017 46804 86308
46804 4017 86308
84550 30738 143528
30738 84550 143528
143528 30738 84550
86847 124296 136070
124296 86847 136070
136070 86847 124296
8418 78408 101893
78408 8418 101893
101893 8418 78408
84281 16197 48053
16197 48053 84281
48053 16197 84281
61552 95498 142089
95498 61552 142089
142089 61552 95498
73439 40382 107198
107198 40382 73439
40382 73439 107198
113378 44205 63974
63974 44205 113378
44205 63974 113378
13332 49028 94785
49028 13332 94785
94785 13332 49028
87047 101765 109219
101765 87047 109219
109219 87047 101765
114700 36259 99962
99962 36259 114700
36259 99962 114700
57722 25404 106220
25404 57722 106220
106220 25404 57722
124061 66937 122177
66937 122177 124061
122177 66937 124061
31561 68844 139208
68844 31561 139208
139208 31561 68844
3145 6954 44466
6954 3145 44466
44466 3145 6954
5835 28174 31133
28174 5835 31133
31133 5835 28174
23339 114704 137627
114704 23339 137627
137627 23339 114704
6436 70838 87997
70838 6436 87997
87997 6436 70838
39053 5564 34211
34211 5564 39053
5564 34211 39053
51469 6444 83890
83890 6444 51469
6444 51469 83890
95033 120582 125261
125261 95033 120582
120582 95033 125261
106678 35039 122891
35039 106678 122891
122891 35039 106678
81429 61426 88916
88916 61426 81429
61426 81429 88916
52358 54558 126065
126065 52358 54558
54558 52358 126065
6002 22123 131581
22123 6002 131581
131581 6002 22123
96829 3423 86218
86218 3423 96829
3423 86218 96829
71865 51747 137735
137735 51747 71865
51747 71865 137735
120620 22519 22646
22646 22519 120620
22519 22646 120620
118282 127852 128530
128530 118282 127852
127852 118282 128530
98816 22631 123751
123751 22631 98816
22631 98816 123751
105774 128289 136088
136088 105774 128289
128289 105774 136088
81636 6834 41530
41530 6834 81636
6834 41530 81636
78379 21318 109446
109446 21318 78379
21318 78379 109446
25669 28513 79081
79081 25669 28513
28513 25669 79081
24506 76467 77986
77986 24506 76467
76467 24506 77986
2558 33108 54601
33108 2558 54601
54601 2558 33108
131353 39716 133167
133167 39716 131353
39716 131353 133167
115676 24601 94071
94071 24601 115676
24601 94071 115676
36692 66299 80479
66299 36692 80479
80479 36692 66299
117268 13647 27900
27900 13647 117268
13647 27900 117268
116570 76340 85380
85380 76340 116570
76340 85380 116570
112110 115152 142495
142495 112110 115152
115152 112110 142495
102955 22905 30883
22905 30883 102955
30883 22905 102955
73260 24280 63673
24280 63673 73260
63673 24280 73260
26570 58288 97561
58288 26570 97561
97561 26570 58288
86724 133949 139121
133949 86724 139121
139121 86724 133949
59537 60763 85029
60763 59537 85029
85029 59537 60763
63772 94053 135889
94053 63772 135889
135889 63772 94053
42433 31064 109211
31064 42433 109211
109211 31064 42433
147093 13202 15351
13202 15351 147093
15351 13202 147093
114506 22932 96989
96989 22932 114506
22932 96989 114506
105693 23117 100619
23117 100619 105693
100619 23117 105693
42817 23225 97193
97193 23225 42817
23225 42817 97193
2525 47649 125479
47649 2525 125479
125479 2525 47649
93742 45678 72726
72726 45678 93742
45678 72726 93742
105258 35594 46296
35594 46296 105258
46296 35594 105258
112062 34628 96156
96156 34628 112062
34628 96156 112062
144384 100771 118899
118899 100771 144384
100771 118899 144384
49379 109583 134804
109583 49379 134804
134804 49379 109583
56570 22923 66103
66103 22923 56570
22923 56570 66103
60560 10933 128244
10933 60560 128244
128244 10933 60560
137306 59779 82964
59779 82964 137306
82964 59779 137306
66226 105487 130987
105487 66226 130987
130987 66226 105487
79413 11989 99979
99979 11989 79413
11989 79413 99979
118108 114284 140664
140664 114284 118108
114284 118108 140664
144488 28552 89520
28552 89520 144488
89520 28552 144488
69317 53390 97786
97786 53390 69317
53390 69317 97786
32470 98930 128984
128984 32470 98930
98930 32470 128984
96703 300 106113
106113 300 96703
300 96703 106113
1535 140060 141338
141338 1535 140060
140060 1535 141338
33455 63028 110744
63028 33455 110744
110744 33455 63028
143692 530 97336
97336 530 143692
530 97336 143692
82485 60208 66869
66869 60208 82485
60208 66869 82485
87196 31706 54425
54425 31706 87196
31706 54425 87196
140716 108942 134374
134374 108942 140716
108942 134374 140716
144457 47307 92177
47307 92177 144457
92177 47307 144457
113492 86213 113841
113841 86213 113492
86213 113492 113841
73107 16573 52409
52409 16573 73107
16573 52409 73107
94948 35006 58455
35006 58455 94948
58455 35006 94948
16563 47761 144675
47761 16563 144675
144675 16563 47761
31191 145798 149141
149141 31191 145798
145798 31191 149141
29458 77431 139008
77431 29458 139008
139008 29458 77431
98999 46158 103810
46158 98999 103810
103810 46158 98999
20294 80675 88623
88623 20294 80675
80675 20294 88623
133076 139438 147522
139438 133076 147522
147522 133076 139438
87981 42255 149506
42255 87981 149506
149506 42255 87981
116025 1775 93558
1775 93558 116025
93558 1775 116025
38893 488 94762
94762 488 38893
488 38893 94762
102554 48925 77417
77417 48925 102554
48925 77417 102554
51867 28549 78229
28549 51867 78229
78229 28549 51867
126628 77782 80498
77782 80498 126628
80498 77782 126628
54476 8540 77101
8540 54476 77101
77101 8540 54476
95370 8862 86942
86942 8862 95370
8862 86942 95370
125799 13226 59437
59437 13226 125799
13226 59437 125799
58285 9530 114619
114619 9530 58285
9530 58285 114619
81919 52193 90936
52193 81919 90936
90936 52193 81919
136867 7409 13146
13146 7409 136867
7409 13146 136867
89914 52136 73710
52136 73710 89914
73710 52136 89914
26432 67307 114653
67307 26432 114653
114653 26432 67307
53781 9406 84599
9406 53781 84599
84599 9406 53781
86046 17081 80814
17081 80814 86046
80814 17081 86046
9989 56957 79767
79767 9989 56957
56957 9989 79767
138680 17546 147805
147805 17546 138680
17546 138680 147805
105719 7729 86164
7729 86164 105719
86164 7729 105719
121050 3329 136549
136549 3329 121050
3329 121050 136549
23154 41930 91860
91860 23154 41930
41930 23154 91860
53270 23136 68040
68040 23136 53270
23136 53270 68040
52371 134968 141943
141943 52371 134968
134968 52371 141943
37947 55660 61879
55660 37947 61879
61879 37947 55660
28914 7290 49804
7290 28914 49804
49804 7290 28914
40969 12350 97312
12350 40969 97312
97312 12350 40969
520 28972 73906
28972 520 73906
73906 520 28972
136746 91208 96072
91208 96072 136746
96072 91208 136746
124364 1460 9030
1460 9030 124364
9030 1460 124364
1857 16941 84300
84300 1857 16941
16941 1857 84300
107102 35847 56440
56440 35847 107102
35847 56440 107102
16073 11797 52564
11797 16073 52564
52564 11797 16073
10871 51148 110640
110640 10871 51148
51148 10871 110640
17975 38122 76820
38122 17975 76820
76820 17975 38122
51770 9858 118527
9858 51770 118527
118527 9858 51770
42533 74349 121589
121589 42533 74349
74349 42533 121589
95833 13747 47895
13747 47895 95833
47895 13747 95833
77347 47567 131492
131492 47567 77347
47567 77347 131492
102951 18157 59839
59839 18157 102951
18157 59839 102951
62529 7094 8907
8907 7094 62529
7094 8907 62529
95173 110004 149755
149755 95173 110004
110004 95173 149755
17423 94981 139062
94981 17423 139062
139062 17423 94981
67539 452 28769
28769 452 67539
452 28769 67539
35329 5236 53950
53950 5236 35329
5236 35329 53950
24065 11456 79588
11456 24065 79588
79588 11456 24065
123252 37523 43460
43460 37523 123252
37523 43460 123252
60980 118839 141438
141438 60980 118839
118839 60980 141438
19986 62495 71827
71827 19986 62495
62495 19986 71827
105125 96351 102471
102471 96351 105125
96351 102471 105125
127716 61062 93661
61062 93661 127716
93661 61062 127716
97150 15723 73998
15723 73998 97150
73998 15723 97150
108330 90994 122120
90994 108330 122120
122120 90994 108330
146721 24769 52532
52532 24769 146721
24769 52532 146721
122669 65208 139908
139908 65208 122669
65208 122669 139908
107518 31334 142957
142957 31334 107518
31334 107518 142957
25155 41066 66913
66913 25155 41066
41066 25155 66913
101319 55710 143576
143576 55710 101319
55710 101319 143576
111640 37413 103697
37413 103697 111640
103697 37413 111640
27185 2303 115930
2303 27185 115930
115930 2303 27185
60868 11887 113613
11887 60868 113613
113613 11887 60868
147970 70013 92042
70013 92042 147970
92042 70013 147970
142330 9460 112227
9460 112227 142330
112227 9460 142330
1501 79263 127261
127261 1501 79263
79263 1501 127261
52771 5023 141080
141080 5023 52771
5023 52771 141080
87371 12773 56589
56589 12773 87371
12773 56589 87371
143047 43919 95705
43919 95705 143047
95705 43919 143047
1133 56043 86424
56043 1133 86424
86424 1133 56043
122671 7119 142779
7119 122671 142779
142779 7119 122671
78354 32169 118441
32169 78354 118441
118441 32169 78354
47983 95421 107273
95421 47983 107273
107273 47983 95421
129411 59567 94930
59567 94930 129411
94930 59567 129411
6560 3831 6674
6674 3831 6560
3831 6560 6674
7275 109916 114405
109916 7275 114405
114405 7275 109916
24356 22889 98111
22889 24356 98111
98111 22889 24356
139167 77785 95946
77785 95946 139167
95946 77785 139167
61465 82308 98057
82308 61465 98057
98057 61465 82308
117744 8214 16723
16723 8214 117744
8214 16723 117744
108380 31011 51427
51427 31011 108380
31011 51427 108380
95152 11948 132367
132367 11948 95152
11948 95152 132367
40897 88261 136608
88261 40897 136608
136608 40897 88261
114768 57367 89902
57367 89902 114768
89902 57367 114768
13783 71220 97504
97504 13783 71220
71220 13783 97504
25475 44605 73431
44605 25475 73431
73431 25475 44605
32933 79722 134908
134908 32933 79722
79722 32933 134908
141535 122167 131037
122167 131037 141535
131037 122167 141535
92933 56711 68679
68679 56711 92933
56711 68679 92933
134218 2853 22535
22535 2853 134218
2853 22535 134218
135055 63751 84566
84566 63751 135055
63751 84566 135055
22772 86427 139914
139914 22772 86427
86427 22772 139914
142711 22863 27728
27728 22863 142711
22863 27728 142711
149694 15118 15738
15118 15738 149694
15738 15118 149694
144352 27765 82726
27765 82726 144352
82726 27765 144352
143381 2314 22266
22266 2314 143381
2314 22266 143381
74825 17995 84235
17995 74825 84235
84235 17995 74825
56513 50038 108842
108842 50038 56513
50038 56513 108842
9617 115628 125402
115628 9617 125402
125402 9617 115628
88414 123124 140428
140428 88414 123124
123124 88414 140428
79305 20609 134927
20609 79305 134927
134927 20609 79305
31413 28138 118326
118326 28138 31413
28138 31413 118326
137472 1669 88440
1669 88440 137472
88440 1669 137472
14862 13855 95593
13855 14862 95593
95593 13855 14862
102206 65663 68740
65663 68740 102206
68740 65663 102206
54551 136066 141069
136066 54551 141069
141069 54551 136066
62660 10611 78739
78739 10611 62660
10611 62660 78739
124949 41710 64237
64237 41710 124949
41710 64237 124949
106485 49525 64700
49525 64700 106485
64700 49525 106485
128323 13872 132132
132132 13872 128323
13872 128323 132132
49866 20215 111174
111174 20215 49866
20215 49866 111174
133728 7759 114043
114043 7759 133728
7759 114043 133728
34994 115004 144074
144074 34994 115004
115004 34994 144074
71079 63342 81330
81330 63342 71079
63342 71079 81330
72279 24759 72693
24759 72279 72693
72693 24759 72279
68994 23636 76622
76622 23636 68994
23636 68994 76622
112089 107233 131946
107233 112089 131946
131946 107233 112089
43693 42300 119973
42300 43693 119973
119973 42300 43693
97750 25693 37753
25693 37753 97750
37753 25693 97750
140275 75325 81524
81524 75325 140275
75325 81524 140275
1770 62038 137783
137783 1770 62038
62038 1770 137783
130148 49890 125076
49890 125076 130148
125076 49890 130148
92129 42230 149655
149655 42230 92129
42230 92129 149655
26495 57769 113128
113128 26495 57769
57769 26495 113128
77216 13738 107021
13738 77216 107021
107021 13738 77216
120803 73867 88222
88222 73867 120803
73867 88222 120803
120912 111059 118348
118348 111059 120912
111059 118348 120912
119941 139428 149224
139428 119941 149224
149224 119941 139428
107887 77837 93360
93360 77837 107887
77837 93360 107887
46150 4467 33732
33732 4467 46150
4467 33732 46150
37150 102205 145463
145463 37150 102205
102205 37150 145463
17125 45210 108945
108945 17125 45210
45210 17125 108945
17182 8858 103803
103803 8858 17182
8858 17182 103803
88680 59687 81568
59687 81568 88680
81568 59687 88680
46739 66493 83749
66493 46739 83749
83749 46739 66493
11569 6268 77017
77017 6268 11569
6268 11569 77017
74466 83975 84313
84313 74466 83975
83975 74466 84313
51512 141752 143681
141752 51512 143681
143681 51512 141752
108980 3294 4349
3294 4349 108980
4349 3294 108980
104442 82909 93304
82909 93304 104442
93304 82909 104442
51806 54873 133981
133981 51806 54873
54873 51806 133981
79189 80136 124965
124965 79189 80136
80136 79189 124965
1952 102155 109017
102155 1952 109017
109017 1952 102155
53293 119183 129314
119183 53293 129314
129314 53293 119183
59337 27359 134996
134996 27359 59337
27359 59337 134996
101175 49219 51827
49219 51827 101175
51827 49219 101175
50478 53108 68972
68972 50478 53108
53108 50478 68972
69223 21388 31512
31512 21388 69223
21388 31512 69223
40035 92103 132378
132378 40035 92103
92103 40035 132378
59059 103817 126165
103817 59059 126165
126165 59059 103817
94593 79939 102835
79939 94593 102835
102835 79939 94593
147185 57461 133920
57461 133920 147185
133920 57461 147185
36298 75580 145044
145044 36298 75580
75580 36298 145044
124412 29443 126767
126767 29443 124412
29443 124412 126767
98559 31295 148611
148611 31295 98559
31295 98559 148611
71419 14649 93129
14649 71419 93129
93129 14649 71419
34812 92470 112555
112555 34812 92470
92470 34812 112555
111485 63687 149875
63687 111485 149875
149875 63687 111485
106328 69765 82715
82715 69765 106328
69765 82715 106328
17839 49039 51159
51159 17839 49039
49039 17839 51159
37170 37379 76900
37379 37170 76900
76900 37170 37379
44930 10510 104247
10510 44930 104247
104247 10510 44930
55111 87982 104987
87982 55111 104987
104987 55111 87982
148978 35464 121346
35464 121346 148978
121346 35464 148978
107123 99742 128849
99742 107123 128849
128849 99742 107123
108009 63959 85105
85105 63959 108009
63959 85105 108009
46541 10504 68031
10504 46541 68031
68031 10504 46541
32247 48031 122429
122429 32247 48031
48031 32247 122429
62069 73560 81002
73560 62069 81002
81002 62069 73560
30161 104945 142298
104945 30161 142298
142298 30161 104945
108424 15426 19389
15426 19389 108424
19389 15426 108424
75642 8457 110604
110604 8457 75642
8457 75642 110604
120472 54887 86910
86910 54887 120472
54887 86910 120472
82333 71730 122293
71730 82333 122293
122293 71730 82333
36563 34741 56031
56031 34741 36563
34741 36563 56031
19701 56639 97644
97644 19701 56639
56639 19701 97644
41965 53333 63711
53333 41965 63711
63711 41965 53333
117796 22075 109230
22075 109230 117796
109230 22075 117796
5328 14152 98475
14152 5328 98475
98475 5328 14152
3144 2072 88101
88101 2072 3144
2072 3144 88101
12176 16500 40219
40219 12176 16500
16500 12176 40219
113917 54655 56610
54655 56610 113917
56610 54655 113917
138516 86017 121110
86017 121110 138516
121110 86017 138516
83562 2415 3908
3908 2415 83562
2415 3908 83562
149871 48972 68564
48972 68564 149871
68564 48972 149871
33712 42850 149482
42850 33712 149482
149482 33712 42850
38419 38851 123588
123588 38419 38851
38851 38419 123588
95553 28608 140898
140898 28608 95553
28608 95553 140898
148161 32945 74623
74623 32945 148161
32945 74623 148161
75723 46425 83385
46425 75723 83385
83385 46425 75723
69389 31497 132450
132450 31497 69389
31497 69389 132450
109371 68459 145366
68459 109371 145366
145366 68459 109371
81500 88523 125626
125626 81500 88523
88523 81500 125626
97980 3771 46127
3771 46127 97980
46127 3771 97980
74755 4565 54563
54563 4565 74755
4565 54563 74755
42972 46015 47012
46015 42972 47012
47012 42972 46015
97769 112101 130634
130634 97769 112101
112101 97769 130634
41544 52590 75196
75196 41544 52590
52590 41544 75196
4779 101360 124046
124046 4779 101360
101360 4779 124046
131872 41261 102837
102837 41261 131872
41261 102837 131872
50690 129169 142189
142189 50690 129169
129169 50690 142189
37978 78696 83552
78696 37978 83552
83552 37978 78696
72642 23875 120805
23875 72642 120805
120805 23875 72642
3327 41553 43609
43609 3327 41553
41553 3327 43609
43643 41433 48225
48225 41433 43643
41433 43643 48225
47731 10513 10848
10513 10848 47731
10848 10513 47731
137788 129186 148458
148458 129186 137788
129186 137788 148458
55988 143099 146455
