113814 24275 66424
24275 66424 113814
66424 24275 113814
19395 8092 19543
8092 19395 19543
19543 8092 19395
51813 46384 99794
46384 51813 99794
99794 46384 51813
83144 14765 54720
14765 54720 83144
54720 14765 83144
98712 20119 57043
20119 57043 98712
57043 20119 98712
4682 24543 143461
143461 4682 24543
24543 4682 143461
9736 97128 103881
103881 9736 97128
97128 9736 103881
46041 90770 132604
132604 46041 90770
90770 46041 132604
142148 30331 57315
57315 30331 142148
30331 57315 142148
46601 61848 100514
100514 46601 61848
61848 46601 100514
123344 5627 145319
145319 5627 123344
5627 123344 145319
53489 16741 20613
16741 20613 53489
20613 16741 53489
54476 829 102502
102502 829 54476
829 54476 102502
11113 50602 149321
149321 11113 50602
50602 11113 149321
103494 23646 76265
76265 23646 103494
23646 76265 103494
52819 66187 123992
123992 52819 66187
66187 52819 123992
66754 77953 113336
77953 66754 113336
113336 66754 77953
12522 31948 122670
31948 12522 122670
122670 12522 31948
31190 48704 127702
48704 31190 127702
127702 31190 48704
14746 10002 49722
10002 14746 49722
49722 10002 14746
106800 8117 57682
57682 8117 106800
8117 57682 106800
35193 30367 67792
30367 35193 67792
67792 30367 35193
62536 11486 132110
11486 62536 132110
132110 11486 62536
147765 77929 116776
116776 77929 147765
77929 116776 147765
21374 3829 122490
3829 21374 122490
122490 3829 21374
36959 65840 76219
65840 36959 76219
76219 36959 65840
87019 16605 62233
16605 62233 87019
62233 16605 87019
128954 3905 4506
4506 3905 128954
3905 4506 128954
108564 28881 103579
103579 28881 108564
28881 103579 108564
138390 99188 103122
99188 103122 138390
103122 99188 138390
105102 95873 108277
108277 95873 105102
95873 105102 108277
73773 41348 57088
41348 57088 73773
57088 41348 73773
66440 39385 95778
39385 66440 95778
95778 39385 66440
29163 69202 72603
72603 29163 69202
69202 29163 72603
43757 61023 87901
87901 43757 61023
61023 43757 87901
30045 103520 112711
103520 30045 112711
112711 30045 103520
4640 12847 36194
36194 4640 12847
12847 4640 36194
88503 13932 133292
13932 88503 133292
133292 13932 88503
105408 1330 67602
67602 1330 105408
1330 67602 105408
117556 992 93412
992 93412 117556
93412 992 117556
59444 32067 34801
32067 34801 59444
34801 32067 59444
43182 46070 106498
106498 43182 46070
46070 43182 106498
5436 74228 94610
74228 5436 94610
94610 5436 74228
8583 30001 143107
30001 8583 143107
143107 8583 30001
115758 42023 125637
125637 42023 115758
42023 115758 125637
134819 90873 113573
90873 113573 134819
113573 90873 134819
32555 88623 146281
88623 32555 146281
146281 32555 88623
115340 8504 145152
145152 8504 115340
8504 115340 145152
34793 87929 144816
144816 34793 87929
87929 34793 144816
116971 14799 148797
148797 14799 116971
14799 116971 148797
144492 54808 93776
54808 93776 144492
93776 54808 144492
134261 135269 141472
141472 134261 135269
135269 134261 141472
7841 74231 92063
92063 7841 74231
74231 7841 92063
100911 41783 113281
41783 100911 113281
113281 41783 100911
41838 62116 145286
62116 41838 145286
145286 41838 62116
128036 60437 133494
133494 60437 128036
60437 128036 133494
117278 6021 139199
139199 6021 117278
6021 117278 139199
65634 53481 148838
148838 53481 65634
53481 65634 148838
15271 114968 120615
114968 15271 120615
120615 15271 114968
47118 72526 139757
72526 47118 139757
139757 47118 72526
48198 80949 105212
105212 48198 80949
80949 48198 105212
48324 18295 73321
73321 18295 48324
18295 48324 73321
65653 11924 32291
32291 11924 65653
11924 32291 65653
27082 17518 109911
17518 27082 109911
109911 17518 27082
73284 9851 148969
148969 9851 73284
9851 73284 148969
72468 79594 130752
130752 72468 79594
79594 72468 130752
38904 26098 82452
82452 26098 38904
26098 38904 82452
108671 29129 46152
46152 29129 108671
29129 46152 108671
123225 13680 128222
13680 123225 128222
128222 13680 123225
88959 64937 115242
115242 64937 88959
64937 88959 115242
120246 13198 128372
13198 120246 128372
128372 13198 120246
10255 5269 101763
5269 10255 101763
101763 5269 10255
1579 10160 79194
79194 1579 10160
10160 1579 79194
14315 50296 144886
144886 14315 50296
50296 14315 144886
136089 43511 130600
43511 130600 136089
130600 43511 136089
60564 55859 103563
103563 55859 60564
55859 60564 103563
78037 90600 101226
90600 78037 101226
101226 78037 90600
138935 47685 98548
98548 47685 138935
47685 98548 138935
42858 64156 119369
64156 42858 119369
119369 42858 64156
95346 82092 85179
85179 82092 95346
82092 85179 95346
55882 58183 128420
128420 55882 58183
58183 55882 128420
128323 117956 135234
135234 117956 128323
117956 128323 135234
114142 9558 40915
9558 40915 114142
40915 9558 114142
80137 27646 106080
27646 80137 106080
106080 27646 80137
52073 46606 96116
96116 46606 52073
46606 52073 96116
108723 70024 139448
139448 70024 108723
70024 108723 139448
58164 77920 145263
145263 58164 77920
77920 58164 145263
118394 10582 11853
11853 10582 118394
10582 11853 118394
71940 50889 64265
64265 50889 71940
50889 64265 71940
125948 47654 72886
47654 72886 125948
72886 47654 125948
94008 46454 110657
110657 46454 94008
46454 94008 110657
30323 39560 126245
39560 30323 126245
126245 30323 39560
133187 99731 126656
99731 126656 133187
126656 99731 133187
111397 78818 93276
93276 78818 111397
78818 93276 111397
111779 118543 137417
118543 111779 137417
137417 111779 118543
73554 117503 133576
133576 73554 117503
117503 73554 133576
6001 39540 45273
45273 6001 39540
39540 6001 45273
50830 60102 74654
74654 50830 60102
60102 50830 74654
23903 2748 58029
58029 2748 23903
2748 23903 58029
82417 53962 79168
53962 79168 82417
79168 53962 82417
107875 24458 71109
24458 71109 107875
71109 24458 107875
115191 121842 128231
128231 115191 121842
121842 115191 128231
88875 23418 82557
82557 23418 88875
23418 82557 88875
128610 31699 85416
85416 31699 128610
31699 85416 128610
22809 20641 85687
20641 22809 85687
85687 20641 22809
110130 25866 120440
120440 25866 110130
25866 110130 120440
144976 2493 98637
98637 2493 144976
2493 98637 144976
114996 18431 81636
81636 18431 114996
18431 81636 114996
69959 26391 96667
26391 69959 96667
96667 26391 69959
129311 45625 112713
112713 45625 129311
45625 112713 129311
60349 29375 38963
38963 29375 60349
29375 38963 60349
86424 43388 46298
43388 46298 86424
46298 43388 86424
20057 60679 146378
60679 20057 146378
146378 20057 60679
124905 39556 100813
39556 100813 124905
100813 39556 124905
128039 79341 86954
79341 86954 128039
86954 79341 128039
127390 59121 87306
59121 87306 127390
87306 59121 127390
36555 83974 113817
113817 36555 83974
83974 36555 113817
121021 82372 109688
82372 109688 121021
109688 82372 121021
110227 6387 24747
6387 24747 110227
24747 6387 110227
78674 79247 104196
104196 78674 79247
79247 78674 104196
24359 6668 109002
6668 24359 109002
109002 6668 24359
33604 71345 104273
71345 33604 104273
104273 33604 71345
48095 72541 104785
104785 48095 72541
72541 48095 104785
98527 75493 118897
118897 75493 98527
75493 98527 118897
29741 4227 85191
85191 4227 29741
4227 29741 85191
98056 22665 79459
79459 22665 98056
22665 79459 98056
92813 5898 36676
36676 5898 92813
5898 36676 92813
98070 76362 97191
76362 97191 98070
97191 76362 98070
64849 10460 65475
65475 10460 64849
10460 64849 65475
81669 37975 137447
137447 37975 81669
37975 81669 137447
29746 9453 12722
12722 9453 29746
9453 12722 29746
35057 32675 39682
32675 35057 39682
39682 32675 35057
102031 17406 59676
59676 17406 102031
17406 59676 102031
125455 48348 122939
48348 122939 125455
122939 48348 125455
75941 32602 99195
32602 75941 99195
99195 32602 75941
34727 54317 144940
54317 34727 144940
144940 34727 54317
102587 7870 82797
82797 7870 102587
7870 82797 102587
102161 3363 132752
132752 3363 102161
3363 102161 132752
53941 85303 111131
111131 53941 85303
85303 53941 111131
51799 54543 85983
54543 51799 85983
85983 51799 54543
6011 89704 130531
89704 6011 130531
130531 6011 89704
122791 29309 113131
113131 29309 122791
29309 113131 122791
6922 65645 134208
65645 6922 134208
134208 6922 65645
114947 119561 130949
119561 114947 130949
130949 114947 119561
92876 72576 75822
72576 75822 92876
75822 72576 92876
58834 51819 101375
51819 58834 101375
101375 51819 58834
124740 37738 41051
37738 41051 124740
41051 37738 124740
99507 98786 106890
106890 98786 99507
98786 99507 106890
72505 70635 80868
80868 70635 72505
70635 72505 80868
95033 95726 147036
147036 95033 95726
95726 95033 147036
111109 15466 48005
15466 48005 111109
48005 15466 111109
97262 77837 124509
77837 97262 124509
124509 77837 97262
128485 21449 56359
56359 21449 128485
21449 56359 128485
23164 42902 51365
42902 23164 51365
51365 23164 42902
11436 52036 139890
52036 11436 139890
139890 11436 52036
112586 31105 108682
31105 108682 112586
108682 31105 112586
117333 71207 144750
144750 71207 117333
71207 117333 144750
65820 25352 141190
141190 25352 65820
25352 65820 141190
18719 44242 109347
44242 18719 109347
109347 18719 44242
78921 31747 139667
31747 78921 139667
139667 31747 78921
143663 114450 116189
116189 114450 143663
114450 116189 143663
44507 30909 133947
30909 44507 133947
133947 30909 44507
24843 8417 118944
8417 24843 118944
118944 8417 24843
108747 66249 122465
122465 66249 108747
66249 108747 122465
104715 92047 144507
92047 104715 144507
144507 92047 104715
58583 78349 104495
78349 58583 104495
104495 58583 78349
85229 2405 21519
2405 21519 85229
21519 2405 85229
100027 87381 136468
136468 87381 100027
87381 100027 136468
70021 25321 86394
25321 70021 86394
86394 25321 70021
12367 99512 104922
99512 12367 104922
104922 12367 99512
62887 73180 85200
73180 62887 85200
85200 62887 73180
149593 65181 142614
65181 142614 149593
142614 65181 149593
62873 52829 135797
52829 62873 135797
135797 52829 62873
60975 70232 148783
148783 60975 70232
70232 60975 148783
7562 18076 55253
55253 7562 18076
18076 7562 55253
9372 32674 147535
147535 9372 32674
32674 9372 147535
134546 34589 46644
34589 46644 134546
46644 34589 134546
67321 8194 62773
62773 8194 67321
8194 62773 67321
139750 12586 51632
12586 51632 139750
51632 12586 139750
104357 92432 143057
143057 92432 104357
92432 104357 143057
98620 14831 66951
14831 66951 98620
66951 14831 98620
124315 28926 138689
138689 28926 124315
28926 124315 138689
136048 9106 31752
31752 9106 136048
9106 31752 136048
126758 14462 111782
14462 111782 126758
111782 14462 126758
82765 130415 132992
130415 82765 132992
132992 82765 130415
98549 66358 112937
112937 66358 98549
66358 98549 112937
48499 4844 98715
4844 48499 98715
98715 4844 48499
11222 73631 135230
73631 11222 135230
135230 11222 73631
127577 78279 89231
78279 89231 127577
89231 78279 127577
137948 42342 128458
42342 128458 137948
128458 42342 137948
50472 59058 64590
64590 50472 59058
59058 50472 64590
8770 17636 84467
84467 8770 17636
17636 8770 84467
54558 85698 94022
85698 54558 94022
94022 54558 85698
112181 99642 149209
149209 99642 112181
99642 112181 149209
32025 63918 103975
103975 32025 63918
63918 32025 103975
10475 90252 102854
90252 10475 102854
102854 10475 90252
144112 20490 131454
131454 20490 144112
20490 131454 144112
148151 12189 20938
12189 20938 148151
20938 12189 148151
40416 24521 132281
132281 24521 40416
24521 40416 132281
101223 73119 79256
79256 73119 101223
73119 79256 101223
81797 36920 141129
36920 81797 141129
141129 36920 81797
121125 36347 139863
36347 121125 139863
139863 36347 121125
138869 28849 98797
28849 98797 138869
98797 28849 138869
61066 47749 85130
85130 47749 61066
47749 61066 85130
73580 71710 146812
146812 71710 73580
71710 73580 146812
88611 3944 116094
116094 3944 88611
3944 88611 116094
37048 21794 105747
21794 37048 105747
105747 21794 37048
125653 127491 130698
130698 125653 127491
127491 125653 130698
50643 80430 98374
98374 50643 80430
80430 50643 98374
115225 39715 46116
39715 46116 115225
46116 39715 115225
3575 21922 102744
102744 3575 21922
21922 3575 102744
605 71659 97644
97644 605 71659
71659 605 97644
49443 56372 67815
67815 49443 56372
56372 49443 67815
50339 120522 131843
120522 50339 131843
131843 50339 120522
13945 22878 76351
22878 13945 76351
76351 13945 22878
40691 6082 146329
146329 6082 40691
6082 40691 146329
114025 74533 80154
80154 74533 114025
74533 80154 114025
41227 48025 91381
91381 41227 48025
48025 41227 91381
25021 17697 116366
116366 17697 25021
17697 25021 116366
148584 54830 123173
123173 54830 148584
54830 123173 148584
49746 15809 57716
15809 49746 57716
57716 15809 49746
135844 83525 141796
83525 135844 141796
141796 83525 135844
33148 31208 58454
58454 31208 33148
31208 33148 58454
135232 14386 52811
14386 52811 135232
52811 14386 135232
118704 27631 142676
142676 27631 118704
27631 118704 142676
35210 87032 139088
87032 35210 139088
139088 35210 87032
74824 36610 40615
36610 40615 74824
40615 36610 74824
28361 60280 81983
60280 28361 81983
81983 28361 60280
89410 18854 62118
18854 62118 89410
62118 18854 89410
32951 39272 82884
39272 32951 82884
82884 32951 39272
35449 9255 137188
137188 9255 35449
9255 35449 137188
96849 4171 35317
4171 35317 96849
35317 4171 96849
114305 43883 118388
43883 114305 118388
118388 43883 114305
112578 50620 50955
50955 50620 112578
50620 50955 112578
104409 23033 76344
23033 76344 104409
76344 23033 104409
85749 24932 43396
43396 24932 85749
24932 43396 85749
70007 13402 47410
13402 47410 70007
47410 13402 70007
54638 15552 63577
15552 54638 63577
63577 15552 54638
70675 25075 40315
40315 25075 70675
25075 40315 70675
60123 120571 138085
138085 60123 120571
120571 60123 138085
33198 43391 69555
69555 33198 43391
43391 33198 69555
34458 45294 91004
91004 34458 45294
45294 34458 91004
133399 82891 116288
82891 116288 133399
116288 82891 133399
77866 13540 65810
65810 13540 77866
13540 65810 77866
104412 27462 70371
27462 70371 104412
70371 27462 104412
99386 42259 65443
42259 65443 99386
65443 42259 99386
83351 110062 117150
117150 83351 110062
110062 83351 117150
15528 66401 92449
92449 15528 66401
66401 15528 92449
89367 89719 148053
148053 89367 89719
89719 89367 148053
106945 20915 76850
20915 76850 106945
76850 20915 106945
24116 25882 115741
25882 24116 115741
115741 24116 25882
88817 18709 91498
91498 18709 88817
18709 88817 91498
110929 14945 18290
18290 14945 110929
14945 18290 110929
24488 135934 145038
145038 24488 135934
135934 24488 145038
74323 59662 68615
68615 59662 74323
59662 68615 74323
148258 61589 113954
113954 61589 148258
61589 113954 148258
76493 13636 104961
13636 76493 104961
104961 13636 76493
36767 17004 59890
59890 17004 36767
17004 36767 59890
1472 2267 73121
2267 1472 73121
73121 1472 2267
71423 85274 93225
85274 71423 93225
93225 71423 85274
88372 1826 54195
1826 54195 88372
54195 1826 88372
82864 19555 81589
19555 81589 82864
81589 19555 82864
64879 60072 90980
60072 64879 90980
90980 60072 64879
28982 857 141449
141449 857 28982
857 28982 141449
9530 5377 47459
5377 9530 47459
47459 5377 9530
39681 23231 49420
23231 39681 49420
49420 23231 39681
147948 138446 139187
138446 139187 147948
139187 138446 147948
9339 8223 51695
8223 9339 51695
51695 8223 9339
21245 28263 141340
28263 21245 141340
141340 21245 28263
4485 22200 127244
127244 4485 22200
22200 4485 127244
134777 9236 79710
9236 79710 134777
79710 9236 134777
116216 31857 88615
88615 31857 116216
31857 88615 116216
149289 19084 136841
19084 136841 149289
136841 19084 149289
61907 14787 20117
14787 20117 61907
20117 14787 61907
145921 5401 21706
5401 21706 145921
21706 5401 145921
140644 28435 37556
28435 37556 140644
37556 28435 140644
8318 108548 117357
117357 8318 108548
108548 8318 117357
49631 56677 71472
56677 49631 71472
71472 49631 56677
124694 19749 118684
19749 118684 124694
118684 19749 124694
37468 29969 144495
144495 29969 37468
29969 37468 144495
44707 8299 127270
8299 44707 127270
127270 8299 44707
96599 12058 88835
12058 88835 96599
88835 12058 96599
43069 48770 98737
98737 43069 48770
48770 43069 98737
99662 1765 108323
1765 99662 108323
108323 1765 99662
145408 34172 146527
34172 145408 146527
146527 34172 145408
533 12186 75544
12186 533 75544
75544 533 12186
124793 75649 115693
75649 115693 124793
115693 75649 124793
114633 65827 98045
65827 98045 114633
98045 65827 114633
65741 23154 121777
121777 23154 65741
23154 65741 121777
11386 960 86796
86796 960 11386
960 11386 86796
129670 38 137617
38 129670 137617
137617 38 129670
92148 51241 71228
71228 51241 92148
51241 71228 92148
11250 66544 134478
66544 11250 134478
134478 11250 66544
37194 82994 109302
82994 37194 109302
109302 37194 82994
68404 48752 90247
48752 68404 90247
90247 48752 68404
102405 102547 121053
121053 102405 102547
102547 102405 121053
110666 32676 37552
37552 32676 110666
32676 37552 110666
74303 15433 66347
66347 15433 74303
15433 66347 74303
38574 18839 80924
18839 38574 80924
80924 18839 38574
27369 16595 63017
16595 27369 63017
63017 16595 27369
29638 24464 41615
24464 29638 41615
41615 24464 29638
63543 46640 106611
46640 63543 106611
106611 46640 63543
145745 58350 125792
58350 125792 145745
125792 58350 145745
77255 25587 83971
25587 77255 83971
83971 25587 77255
134597 102493 149152
149152 102493 134597
102493 134597 149152
112032 56973 61782
61782 56973 112032
56973 61782 112032
48680 103524 140888
103524 48680 140888
140888 48680 103524
139307 98380 145558
145558 98380 139307
98380 139307 145558
110042 24484 35509
24484 35509 110042
35509 24484 110042
77522 18266 113819
18266 77522 113819
113819 18266 77522
28049 62950 128604
62950 28049 128604
128604 28049 62950
57686 948 45130
45130 948 57686
948 45130 57686
80713 38496 40041
40041 38496 80713
38496 40041 80713
3859 27871 49394
49394 3859 27871
27871 3859 49394
29828 100732 137998
100732 29828 137998
137998 29828 100732
87952 44472 56307
44472 56307 87952
56307 44472 87952
146957 24635 128757
128757 24635 146957
24635 128757 146957
83991 99068 133348
99068 83991 133348
133348 83991 99068
44826 9055 143007
143007 9055 44826
9055 44826 143007
81083 111539 146382
111539 81083 146382
146382 81083 111539
70092 24568 133844
24568 70092 133844
133844 24568 70092
101281 17596 96876
96876 17596 101281
17596 96876 101281
26443 53065 131270
131270 26443 53065
53065 26443 131270
95905 30029 95821
30029 95821 95905
95821 30029 95905
9495 38868 126435
126435 9495 38868
38868 9495 126435
42400 70774 115427
70774 42400 115427
115427 42400 70774
23540 43790 133349
133349 23540 43790
43790 23540 133349
30418 138146 139832
138146 30418 139832
139832 30418 138146
125594 5147 92319
92319 5147 125594
5147 92319 125594
134932 25108 41277
41277 25108 134932
25108 41277 134932
70692 30250 61431
61431 30250 70692
30250 61431 70692
97052 3840 53580
3840 53580 97052
53580 3840 97052
84314 3622 104435
104435 3622 84314
3622 84314 104435
30603 26040 38643
26040 30603 38643
38643 26040 30603
114979 73603 123010
73603 114979 123010
123010 73603 114979
13040 75973 85342
75973 13040 85342
85342 13040 75973
146276 34368 36015
36015 34368 146276
34368 36015 146276
146921 59016 132388
59016 132388 146921
132388 59016 146921
22325 105311 109639
105311 22325 109639
109639 22325 105311
74005 32210 105428
105428 32210 74005
32210 74005 105428
30336 122075 127105
127105 30336 122075
122075 30336 127105
146909 57999 101140
57999 101140 146909
101140 57999 146909
147576 102971 149618
149618 102971 147576
102971 147576 149618
137811 27555 110867
27555 110867 137811
110867 27555 137811
105627 83088 117559
117559 83088 105627
83088 105627 117559
4648 30972 147905
30972 4648 147905
147905 4648 30972
98337 34139 113275
113275 34139 98337
34139 98337 113275
18014 63653 132526
132526 18014 63653
63653 18014 132526
23138 15742 56486
56486 15742 23138
15742 23138 56486
94329 51340 53787
53787 51340 94329
51340 53787 94329
5726 21656 78230
78230 5726 21656
21656 5726 78230
20708 14872 31510
14872 20708 31510
31510 14872 20708
71216 43437 82260
82260 43437 71216
43437 71216 82260
15567 106907 106991
106991 15567 106907
106907 15567 106991
7793 13800 44156
13800 7793 44156
44156 7793 13800
62755 20594 110340
110340 20594 62755
20594 62755 110340
16367 58230 83549
83549 16367 58230
58230 16367 83549
37873 37365 96751
37365 37873 96751
96751 37365 37873
61923 42525 125405
125405 42525 61923
42525 61923 125405
89578 731 70075
70075 731 89578
731 70075 89578
104285 26419 145345
145345 26419 104285
26419 104285 145345
43173 74361 78951
78951 43173 74361
74361 43173 78951
105309 24670 144007
144007 24670 105309
24670 105309 144007
100989 75586 105661
75586 100989 105661
105661 75586 100989
60899 77114 98773
77114 60899 98773
98773 60899 77114
15797 53985 146494
146494 15797 53985
53985 15797 146494
52393 62002 140501
140501 52393 62002
62002 52393 140501
118420 2840 102131
2840 102131 118420
102131 2840 118420
99845 47025 94823
47025 94823 99845
94823 47025 99845
54887 39892 83967
39892 54887 83967
83967 39892 54887
63068 133543 144590
144590 63068 133543
133543 63068 144590
123760 112897 134297
134297 112897 123760
112897 123760 134297
37905 6613 42054
42054 6613 37905
6613 37905 42054
7764 64223 88862
64223 7764 88862
88862 7764 64223
25924 109278 125496
125496 25924 109278
109278 25924 125496
19991 9360 145344
145344 9360 19991
9360 19991 145344
145639 5003 72748
5003 72748 145639
72748 5003 145639
145037 23081 67302
67302 23081 145037
23081 67302 145037
119883 39068 48431
48431 39068 119883
39068 48431 119883
83518 8023 122927
8023 83518 122927
122927 8023 83518
3163 52802 108526
52802 3163 108526
108526 3163 52802
105621 44448 125311
125311 44448 105621
44448 105621 125311
74171 79915 95300
79915 74171 95300
95300 74171 79915
89728 16877 138205
138205 16877 89728
16877 89728 138205
108211 44314 134512
134512 44314 108211
44314 108211 134512
11494 42082 81522
42082 11494 81522
81522 11494 42082
19457 37056 66910
66910 19457 37056
37056 19457 66910
72971 3166 42352
3166 42352 72971
42352 3166 72971
84414 11407 148094
11407 84414 148094
148094 11407 84414
142681 43401 111013
43401 111013 142681
111013 43401 142681
67449 31645 32752
32752 31645 67449
31645 32752 67449
69770 9142 69325
69325 9142 69770
9142 69325 69770
6441 5304 127179
5304 6441 127179
127179 5304 6441
134705 2877 16875
16875 2877 134705
2877 16875 134705
124066 104843 145264
145264 104843 124066
104843 124066 145264
84431 12854 94599
12854 84431 94599
94599 12854 84431
77164 18413 91133
91133 18413 77164
18413 77164 91133
9369 49030 107861
49030 9369 107861
107861 9369 49030
39403 79446 121108
79446 39403 121108
121108 39403 79446
32916 2599 38486
2599 32916 38486
38486 2599 32916
128759 71376 99047
71376 99047 128759
99047 71376 128759
21508 85850 146200
146200 21508 85850
85850 21508 146200
14274 110551 126861
110551 14274 126861
126861 14274 110551
71240 39253 78406
78406 39253 71240
39253 71240 78406
4431 54806 115837
115837 4431 54806
54806 4431 115837
106395 23122 59476
23122 59476 106395
59476 23122 106395
59632 138856 147571
147571 59632 138856
138856 59632 147571
126631 40972 144517
40972 126631 144517
144517 40972 126631
80786 14938 75326
14938 75326 80786
75326 14938 80786
94148 60867 119127
119127 60867 94148
60867 94148 119127
4712 7102 36953
7102 4712 36953
36953 4712 7102
112731 12072 118111
118111 12072 112731
12072 112731 118111
19886 60827 114453
60827 19886 114453
114453 19886 60827
1522 80398 133266
133266 1522 80398
80398 1522 133266
116056 89682 136017
136017 89682 116056
89682 116056 136017
88990 2907 39150
39150 2907 88990
2907 39150 88990
142806 132757 141015
141015 132757 142806
132757 141015 142806
141917 102030 148714
102030 141917 148714
148714 102030 141917
100647 10649 149657
149657 10649 100647
10649 100647 149657
141620 66366 114906
114906 66366 141620
66366 114906 141620
1869 2769 12013
2769 1869 12013
12013 1869 2769
589 110943 125885
110943 589 125885
125885 589 110943
33583 28566 123055
28566 33583 123055
123055 28566 33583
16159 112027 148789
148789 16159 112027
112027 16159 148789
63438 11827 15461
11827 15461 63438
15461 11827 63438
106601 84715 97308
84715 97308 106601
97308 84715 106601
22871 29923 73129
73129 22871 29923
29923 22871 73129
22517 12980 90327
90327 12980 22517
12980 22517 90327
31609 17310 66168
66168 17310 31609
17310 31609 66168
59261 49065 80943
49065 59261 80943
80943 49065 59261
104486 6404 10440
6404 10440 104486
10440 6404 104486
87619 25809 111559
25809 87619 111559
111559 25809 87619
65984 60977 145508
145508 60977 65984
60977 65984 145508
81747 2313 139454
139454 2313 81747
2313 81747 139454
47820 120166 140152
120166 47820 140152
140152 47820 120166
17487 56645 91451
91451 17487 56645
56645 17487 91451
44690 6623 18147
18147 6623 44690
6623 18147 44690
45678 40157 93352
93352 40157 45678
40157 45678 93352
63971 3814 135904
3814 63971 135904
135904 3814 63971
11817 109991 146678
109991 11817 146678
146678 11817 109991
7881 14959 37126
37126 7881 14959
14959 7881 37126
88454 101053 135949
135949 88454 101053
101053 88454 135949
108873 121462 129487
129487 108873 121462
121462 108873 129487
46177 67980 113175
113175 46177 67980
67980 46177 113175
23282 112915 148096
148096 23282 112915
112915 23282 148096
73205 75920 114423
114423 73205 75920
75920 73205 114423
73184 17087 82125
17087 73184 82125
82125 17087 73184
130344 88448 100742
100742 88448 130344
88448 100742 130344
2702 68273 114509
114509 2702 68273
68273 2702 114509
85815 19986 74088
74088 19986 85815
19986 74088 85815
139705 36870 68840
68840 36870 139705
36870 68840 139705
52395 58455 97237
97237 52395 58455
58455 52395 97237
121943 48048 50875
48048 50875 121943
50875 48048 121943
34118 57284 101439
101439 34118 57284
57284 34118 101439
58294 5406 26974
5406 26974 58294
26974 5406 58294
32995 17930 125140
125140 17930 32995
17930 32995 125140
76782 42972 119829
119829 42972 76782
42972 76782 119829
58632 44909 139139
139139 44909 58632
44909 58632 139139
83659 13484 45481
13484 45481 83659
45481 13484 83659
68772 28316 74464
74464 28316 68772
28316 68772 74464
135210 42500 149266
42500 135210 149266
149266 42500 135210
51853 36519 49878
49878 36519 51853
36519 49878 51853
133579 82704 93937
82704 93937 133579
93937 82704 133579
91960 99684 134593
134593 91960 99684
99684 91960 134593
15014 90149 135275
90149 15014 135275
135275 15014 90149
15919 7928 102422
7928 15919 102422
102422 7928 15919
126585 62416 143485
62416 126585 143485
143485 62416 126585
49055 23535 142543
142543 23535 49055
23535 49055 142543
87790 61267 128697
128697 61267 87790
61267 87790 128697
124385 11632 40258
40258 11632 124385
11632 40258 124385
114383 34837 88390
34837 88390 114383
88390 34837 114383
90187 16157 99550
99550 16157 90187
16157 90187 99550
121000 72976 85769
72976 85769 121000
85769 72976 121000
40816 49701 93851
49701 40816 93851
93851 40816 49701
11071 36919 37134
37134 11071 36919
36919 11071 37134
90988 38002 120329
38002 90988 120329
120329 38002 90988
102716 121144 128095
128095 102716 121144
121144 102716 128095
93335 41662 135092
41662 93335 135092
135092 41662 93335
142671 112770 115657
115657 112770 142671
112770 115657 142671
145220 53291 106625
53291 106625 145220
106625 53291 145220
98123 43227 46214
46214 43227 98123
43227 46214 98123
55526 110842 136075
110842 55526 136075
136075 55526 110842
62642 77656 97231
97231 62642 77656
77656 62642 97231
68278 26784 56028
56028 26784 68278
26784 56028 68278
103280 91994 121195
121195 91994 103280
91994 103280 121195
5735 90663 124890
124890 5735 90663
90663 5735 124890
118866 72398 116595
116595 72398 118866
72398 116595 118866
137203 58877 140902
58877 137203 140902
140902 58877 137203
88196 29484 128227
128227 29484 88196
29484 88196 128227
119197 79748 88774
88774 79748 119197
79748 88774 119197
28145 51592 102399
102399 28145 51592
51592 28145 102399
8054 78483 96730
78483 8054 96730
96730 8054 78483
105631 97118 138709
138709 97118 105631
97118 105631 138709
88919 106414 136700
106414 88919 136700
136700 88919 106414
57947 29795 89464
89464 29795 57947
29795 57947 89464
16401 11800 79179
79179 11800 16401
11800 16401 79179
35000 72257 72578
72578 35000 72257
72257 35000 72578
69261 38842 57322
38842 57322 69261
57322 38842 69261
93490 6248 92830
6248 92830 93490
92830 6248 93490
106721 43884 61642
61642 43884 106721
43884 61642 106721
89418 82494 108244
108244 82494 89418
82494 89418 108244
94146 5446 145201
145201 5446 94146
5446 94146 145201
132695 53605 62053
53605 62053 132695
62053 53605 132695
99928 34237 136551
34237 99928 136551
136551 34237 99928
6602 5412 61011
5412 6602 61011
61011 5412 6602
104083 45149 95184
45149 95184 104083
95184 45149 104083
97430 1622 40339
40339 1622 97430
1622 40339 97430
137112 38845 111504
38845 111504 137112
111504 38845 137112
115397 59990 129177
129177 59990 115397
59990 115397 129177
4034 37777 68113
37777 4034 68113
68113 4034 37777
113036 5858 113404
5858 113036 113404
113404 5858 113036
95710 5444 93801
5444 93801 95710
93801 5444 95710
146442 2827 23450
23450 2827 146442
2827 23450 146442
28288 22068 90772
22068 28288 90772
90772 22068 28288
65864 42764 43085
42764 43085 65864
43085 42764 65864
41172 7099 22345
7099 22345 41172
22345 7099 41172
106387 39848 57447
39848 57447 106387
57447 39848 106387
149495 38032 100261
38032 100261 149495
100261 38032 149495
60040 50654 57444
57444 50654 60040
50654 57444 60040
64896 100578 145830
100578 64896 145830
145830 64896 100578
16737 14695 16081
14695 16081 16737
16081 14695 16737
78484 62762 75002
62762 75002 78484
75002 62762 78484
113811 38177 49645
38177 49645 113811
49645 38177 113811
57818 6239 90697
90697 6239 57818
6239 57818 90697
123262 11512 108159
11512 108159 123262
108159 11512 123262
144356 17618 42428
17618 42428 144356
42428 17618 144356
52671 75637 138064
138064 52671 75637
75637 52671 138064
59551 101639 111671
101639 59551 111671
111671 59551 101639
16505 77643 126409
126409 16505 77643
77643 16505 126409
110116 31673 71476
71476 31673 110116
31673 71476 110116
118904 10091 113676
10091 113676 118904
113676 10091 118904
45870 80149 98095
98095 45870 80149
80149 45870 98095
83523 77745 78115
78115 77745 83523
77745 78115 83523
77122 35514 70864
35514 70864 77122
70864 35514 77122
109077 203 145819
145819 203 109077
203 109077 145819
116291 36140 53992
53992 36140 116291
36140 53992 116291
51574 64411 146250
64411 51574 146250
146250 51574 64411
61824 9924 19542
9924 19542 61824
19542 9924 61824
129857 53137 83575
83575 53137 129857
53137 83575 129857
21103 17418 48836
48836 17418 21103
17418 21103 48836
49839 14441 139442
14441 49839 139442
139442 14441 49839
128312 33476 145594
33476 128312 145594
145594 33476 128312
112577 59123 69655
59123 69655 112577
69655 59123 112577
87583 78070 138757
78070 87583 138757
138757 78070 87583
96533 641 117930
117930 641 96533
641 96533 117930
57655 77005 88782
88782 57655 77005
77005 57655 88782
115066 48183 143337
143337 48183 115066
48183 115066 143337
34310 8143 131624
8143 34310 131624
131624 8143 34310
15621 3132 95545
3132 15621 95545
95545 3132 15621
45773 64135 85477
85477 45773 64135
64135 45773 85477
80435 6491 108162
108162 6491 80435
6491 80435 108162
147800 49430 90366
49430 90366 147800
90366 49430 147800
134402 88943 117734
88943 117734 134402
117734 88943 134402
28548 22899 120099
22899 28548 120099
120099 22899 28548
103907 34007 129702
34007 103907 129702
129702 34007 103907
27095 71936 105721
71936 27095 105721
105721 27095 71936
143873 110020 138916
138916 110020 143873
110020 138916 143873
71668 49372 75133
75133 49372 71668
49372 71668 75133
31323 44175 107969
107969 31323 44175
44175 31323 107969
26317 26397 87794
87794 26317 26397
26397 26317 87794
106482 48073 55579
48073 55579 106482
55579 48073 106482
34062 95011 121888
121888 34062 95011
95011 34062 121888
62808 70224 149297
149297 62808 70224
70224 62808 149297
47732 9441 131863
131863 9441 47732
9441 47732 131863
138963 62545 115298
62545 115298 138963
115298 62545 138963
147503 54083 102491
54083 102491 147503
102491 54083 147503
126503 100334 120964
120964 100334 126503
100334 120964 126503
28068 36705 92032
36705 28068 92032
92032 28068 36705
86079 50525 87617
50525 86079 87617
87617 50525 86079
134640 123366 149740
123366 134640 149740
149740 123366 134640
29880 71461 115745
115745 29880 71461
71461 29880 115745
149856 75174 135987
135987 75174 149856
75174 135987 149856
15390 17537 24140
17537 15390 24140
24140 15390 17537
118510 13373 100038
100038 13373 118510
13373 100038 118510
121475 35213 56930
35213 56930 121475
56930 35213 121475
56475 86137 136788
86137 56475 136788
136788 56475 86137
127558 119551 141134
119551 127558 141134
141134 119551 127558
109936 70000 149415
149415 70000 109936
70000 109936 149415
106496 126293 138140
138140 106496 126293
126293 106496 138140
135842 5050 40663
40663 5050 135842
5050 40663 135842
10796 49280 59697
49280 10796 59697
59697 10796 49280
84088 48905 87594
87594 48905 84088
48905 84088 87594
22604 113766 126362
113766 22604 126362
126362 22604 113766
23248 4434 42483
42483 4434 23248
4434 23248 42483
80627 22559 81273
22559 80627 81273
81273 22559 80627
117565 42883 135295
42883 117565 135295
135295 42883 117565
55766 2129 122110
122110 2129 55766
2129 55766 122110
140846 71693 112772
112772 71693 140846
71693 112772 140846
71005 13689 46795
13689 46795 71005
46795 13689 71005
8403 122680 146840
122680 8403 146840
146840 8403 122680
37521 75573 76337
75573 37521 76337
76337 37521 75573
104270 55379 87827
87827 55379 104270
55379 87827 104270
58849 53865 59957
59957 53865 58849
53865 58849 59957
135162 67013 123270
67013 123270 135162
123270 67013 135162
35886 117157 144478
117157 35886 144478
144478 35886 117157
33268 2663 80574
2663 33268 80574
80574 2663 33268
34655 46583 136750
46583 34655 136750
136750 34655 46583
66430 14833 85851
14833 66430 85851
85851 14833 66430
104534 9773 112824
9773 104534 112824
112824 9773 104534
68996 1679 117580
1679 68996 117580
117580 1679 68996
44681 58940 81632
58940 44681 81632
81632 44681 58940
124780 41701 44979
41701 44979 124780
44979 41701 124780
49382 132356 149387
132356 49382 149387
149387 49382 132356
78783 17726 65280
17726 65280 78783
65280 17726 78783
48136 2180 101733
2180 48136 101733
101733 2180 48136
34503 10183 70739
70739 10183 34503
10183 34503 70739
9356 3160 38170
3160 9356 38170
38170 3160 9356
113922 57502 65294
57502 65294 113922
65294 57502 113922
72613 10554 87193
10554 72613 87193
87193 10554 72613
9850 41387 63533
63533 9850 41387
41387 9850 63533
26953 68620 80737
68620 26953 80737
80737 26953 68620
82635 10572 98769
98769 10572 82635
10572 82635 98769
89611 118793 134733
134733 89611 118793
118793 89611 134733
130650 118794 119866
119866 118794 130650
118794 119866 130650
85952 6783 116328
116328 6783 85952
6783 85952 116328
55396 41818 109681
109681 41818 55396
41818 55396 109681
37379 48552 142834
142834 37379 48552
48552 37379 142834
143141 78125 84904
84904 78125 143141
78125 84904 143141
58120 21955 140301
21955 58120 140301
140301 21955 58120
130929 31266 125109
125109 31266 130929
31266 125109 130929
38269 29443 98926
98926 29443 38269
29443 38269 98926
50622 78033 112231
78033 50622 112231
112231 50622 78033
116953 22447 24339
22447 24339 116953
24339 22447 116953
127758 76001 93778
93778 76001 127758
76001 93778 127758
21084 17563 55504
17563 21084 55504
55504 17563 21084
149502 35432 124669
124669 35432 149502
35432 124669 149502
91468 116745 123339
123339 91468 116745
116745 91468 123339
8540 35662 116610
35662 8540 116610
116610 8540 35662
38454 52063 53238
53238 38454 52063
52063 38454 53238
83123 12851 46185
46185 12851 83123
12851 46185 83123
46961 31408 94608
31408 46961 94608
94608 31408 46961
64011 96618 118049
96618 64011 118049
118049 64011 96618
130677 60230 62408
60230 62408 130677
62408 60230 130677
11332 50711 141597
141597 11332 50711
50711 11332 141597
115604 56012 97699
97699 56012 115604
56012 97699 115604
11882 78990 112180
78990 11882 112180
112180 11882 78990
89185 22914 108120
22914 89185 108120
108120 22914 89185
139923 83837 147123
83837 139923 147123
147123 83837 139923
86458 77611 83557
83557 77611 86458
77611 83557 86458
15805 68319 104933
68319 15805 104933
104933 15805 68319
54116 27788 40119
40119 27788 54116
27788 40119 54116
92129 49125 66180
49125 66180 92129
66180 49125 92129
108675 21216 120298
120298 21216 108675
21216 108675 120298
83500 66394 112658
66394 83500 112658
112658 66394 83500
113691 24815 53004
53004 24815 113691
24815 53004 113691
53572 14991 62370
62370 14991 53572
14991 53572 62370
72252 57142 63661
57142 63661 72252
63661 57142 72252
103042 19915 116686
116686 19915 103042
19915 103042 116686
94902 24156 41673
24156 41673 94902
41673 24156 94902
81911 1932 84705
84705 1932 81911
1932 81911 84705
62073 2664 5084
2664 5084 62073
5084 2664 62073
39573 34738 74010
74010 34738 39573
34738 39573 74010
87819 128615 132829
132829 87819 128615
128615 87819 132829
20898 95960 123744
123744 20898 95960
95960 20898 123744
94574 6486 28119
28119 6486 94574
6486 28119 94574
19158 17229 57294
57294 17229 19158
17229 19158 57294
110816 119424 149873
119424 110816 149873
149873 110816 119424
66860 26332 100358
100358 26332 66860
26332 66860 100358
118874 51617 139002
139002 51617 118874
51617 118874 139002
143354 269 27818
269 27818 143354
27818 269 143354
94804 19045 91308
19045 91308 94804
91308 19045 94804
61064 13236 89785
13236 61064 89785
89785 13236 61064
57144 96889 115371
96889 57144 115371
115371 57144 96889
39247 63788 124279
124279 39247 63788
63788 39247 124279
64632 36748 135648
135648 36748 64632
36748 64632 135648
110702 11382 35149
35149 11382 110702
11382 35149 110702
41509 109920 132804
132804 41509 109920
109920 41509 132804
47301 77805 133366
133366 47301 77805
77805 47301 133366
92247 11490 90795
90795 11490 92247
11490 90795 92247
50542 66838 87210
66838 50542 87210
87210 50542 66838
72056 2517 32196
32196 2517 72056
2517 32196 72056
89428 57122 90911
90911 57122 89428
57122 89428 90911
74531 74924 121234
74924 74531 121234
121234 74531 74924
92794 50312 62071
50312 62071 92794
62071 50312 92794
66770 68061 79396
68061 66770 79396
79396 66770 68061
109358 43443 92058
92058 43443 109358
43443 92058 109358
10499 28715 62924
62924 10499 28715
28715 10499 62924
41072 75963 118896
75963 41072 118896
118896 41072 75963
118486 68572 109095
68572 109095 118486
109095 68572 118486
145455 6630 58896
58896 6630 145455
6630 58896 145455
20633 5503 98105
98105 5503 20633
5503 20633 98105
99484 16504 20795
16504 20795 99484
20795 16504 99484
86812 41279 113763
113763 41279 86812
41279 86812 113763
33662 18680 146338
146338 18680 33662
18680 33662 146338
101072 29100 141743
141743 29100 101072
29100 101072 141743
124111 79240 87501
87501 79240 124111
79240 87501 124111
60694 9207 40930
9207 40930 60694
40930 9207 60694
74092 42124 80047
80047 42124 74092
42124 74092 80047
149812 100063 107480
107480 100063 149812
100063 107480 149812
113366 107094 131137
107094 113366 131137
131137 107094 113366
87491 115374 145944
145944 87491 115374
115374 87491 145944
117645 54880 62412
54880 62412 117645
62412 54880 117645
106408 57165 119057
119057 57165 106408
57165 106408 119057
121559 27760 102667
27760 102667 121559
102667 27760 121559
52451 107822 135893
107822 52451 135893
135893 52451 107822
26968 11946 42293
11946 26968 42293
42293 11946 26968
39701 52100 104838
52100 39701 104838
104838 39701 52100
73408 128490 144582
128490 73408 144582
144582 73408 128490
107653 567 71731
71731 567 107653
567 71731 107653
47880 17951 126836
126836 17951 47880
17951 47880 126836
72973 80295 80559
80295 72973 80559
80559 72973 80295
17628 41111 140624
41111 17628 140624
140624 17628 41111
47311 24591 121174
121174 24591 47311
24591 47311 121174
138262 101869 113524
113524 101869 138262
101869 113524 138262
74632 25355 66151
25355 66151 74632
66151 25355 74632
1439 1069 118396
1069 1439 118396
118396 1069 1439
145415 97709 108245
108245 97709 145415
97709 108245 145415
63831 50870 76663
50870 63831 76663
76663 50870 63831
105003 141370 142536
141370 105003 142536
142536 105003 141370
96874 44787 129732
44787 96874 129732
129732 44787 96874
18465 67813 70463
70463 18465 67813
67813 18465 70463
132502 105317 114149
105317 114149 132502
114149 105317 132502
