99494 2102 117415
117415 2102 99494
2102 99494 117415
17419 83306 86024
86024 17419 83306
83306 17419 86024
29090 26933 49671
26933 29090 49671
49671 26933 29090
54258 128989 129515
128989 54258 129515
129515 54258 128989
101088 45532 58467
58467 45532 101088
45532 58467 101088
26388 53734 141979
141979 26388 53734
53734 26388 141979
82836 15322 26457
15322 26457 82836
26457 15322 82836
92839 123741 148482
148482 92839 123741
123741 92839 148482
4794 37862 105924
37862 4794 105924
105924 4794 37862
142884 7107 122022
122022 7107 142884
7107 122022 142884
101077 38795 82766
82766 38795 101077
38795 82766 101077
25066 22084 137000
22084 25066 137000
137000 22084 25066
75441 23774 47454
23774 47454 75441
47454 23774 75441
131939 97940 101387
97940 101387 131939
101387 97940 131939
23832 39607 99479
39607 23832 99479
99479 23832 39607
148619 19637 128263
19637 128263 148619
128263 19637 148619
120275 26900 116697
26900 116697 120275
116697 26900 120275
88160 17413 75435
75435 17413 88160
17413 75435 88160
148768 68823 83202
68823 83202 148768
83202 68823 148768
136892 70494 132035
70494 132035 136892
132035 70494 136892
139898 30753 148973
148973 30753 139898
30753 139898 148973
88518 39829 123158
123158 39829 88518
39829 88518 123158
75675 100024 110809
100024 75675 110809
110809 75675 100024
138237 27099 72806
72806 27099 138237
27099 72806 138237
33001 4985 88453
88453 4985 33001
4985 33001 88453
88013 1925 97819
97819 1925 88013
1925 88013 97819
106764 48590 102359
102359 48590 106764
48590 102359 106764
128207 1521 80565
1521 80565 128207
80565 1521 128207
18561 104617 124004
104617 18561 124004
124004 18561 104617
35721 63505 148681
63505 35721 148681
148681 35721 63505
34939 61374 79345
79345 34939 61374
61374 34939 79345
135149 132438 140539
132438 135149 140539
140539 132438 135149
47191 36090 73943
73943 36090 47191
36090 47191 73943
1314 38306 69383
69383 1314 38306
38306 1314 69383
16783 63618 85342
63618 16783 85342
85342 16783 63618
72376 23920 146577
146577 23920 72376
23920 72376 146577
136534 16716 99608
99608 16716 136534
16716 99608 136534
75980 49567 132301
132301 49567 75980
49567 75980 132301
127279 32530 47888
47888 32530 127279
32530 47888 127279
44603 20903 89725
89725 20903 44603
20903 44603 89725
74332 15210 125966
125966 15210 74332
15210 74332 125966
45524 121607 140340
140340 45524 121607
121607 45524 140340
45336 100805 104011
100805 45336 104011
104011 45336 100805
20241 7808 32610
32610 7808 20241
7808 20241 32610
120753 121807 139950
121807 120753 139950
139950 120753 121807
54053 2159 125795
2159 54053 125795
125795 2159 54053
79093 64282 77687
64282 77687 79093
77687 64282 79093
82893 63305 112756
112756 63305 82893
63305 82893 112756
9075 9532 135187
9532 9075 135187
135187 9075 9532
31556 32467 134148
32467 31556 134148
134148 31556 32467
59304 14633 124764
124764 14633 59304
14633 59304 124764
112532 19348 125662
125662 19348 112532
19348 112532 125662
125473 53689 106865
53689 106865 125473
106865 53689 125473
106389 48813 86831
48813 86831 106389
86831 48813 106389
103353 74710 123847
74710 103353 123847
123847 74710 103353
70448 43583 82148
43583 70448 82148
82148 43583 70448
134995 41660 80640
41660 80640 134995
80640 41660 134995
895 7440 19989
7440 895 19989
19989 895 7440
11349 75106 132161
75106 11349 132161
132161 11349 75106
89797 120013 136807
120013 89797 136807
136807 89797 120013
72223 59324 85560
85560 59324 72223
59324 72223 85560
62771 27 111821
27 62771 111821
111821 27 62771
134769 70446 148067
148067 70446 134769
70446 134769 148067
43969 130971 136016
130971 43969 136016
136016 43969 130971
58363 30021 31645
30021 31645 58363
31645 30021 58363
58490 4292 105527
105527 4292 58490
4292 58490 105527
11289 11241 118410
118410 11241 11289
11241 11289 118410
1279 46623 130621
130621 1279 46623
46623 1279 130621
51263 129885 149911
149911 51263 129885
129885 51263 149911
17108 94037 111443
111443 17108 94037
94037 17108 111443
44939 24961 55519
24961 44939 55519
55519 24961 44939
87735 12235 76294
76294 12235 87735
12235 76294 87735
111092 63611 83737
63611 83737 111092
83737 63611 111092
2413 93582 129742
93582 2413 129742
129742 2413 93582
147941 45784 144391
144391 45784 147941
45784 144391 147941
98015 110673 122842
122842 98015 110673
110673 98015 122842
38878 7843 70680
7843 38878 70680
70680 7843 38878
104515 40333 90551
40333 90551 104515
90551 40333 104515
93903 93229 118254
118254 93229 93903
93229 93903 118254
56851 2713 48536
2713 48536 56851
48536 2713 56851
15217 73245 100290
100290 15217 73245
73245 15217 100290
6605 35868 123987
123987 6605 35868
35868 6605 123987
118590 16535 91751
91751 16535 118590
16535 91751 118590
70379 73529 98661
73529 70379 98661
98661 70379 73529
63043 33345 125360
33345 63043 125360
125360 33345 63043
106191 59045 129099
59045 106191 129099
129099 59045 106191
96382 87545 96441
96441 87545 96382
87545 96382 96441
143963 8688 144359
8688 143963 144359
144359 8688 143963
41442 17396 127677
127677 17396 41442
17396 41442 127677
148770 33456 108310
33456 108310 148770
108310 33456 148770
80157 51915 133734
51915 80157 133734
133734 51915 80157
108396 65436 101253
101253 65436 108396
65436 101253 108396
35969 3923 134030
3923 35969 134030
134030 3923 35969
123207 16701 41429
16701 41429 123207
41429 16701 123207
67014 32003 140152
140152 32003 67014
32003 67014 140152
128675 85135 139248
139248 85135 128675
85135 128675 139248
11977 71256 77652
71256 11977 77652
77652 11977 71256
143749 131180 147145
147145 131180 143749
131180 143749 147145
22860 79459 134944
134944 22860 79459
79459 22860 134944
79586 135906 149203
135906 79586 149203
149203 79586 135906
108973 71134 100025
71134 100025 108973
100025 71134 108973
11850 62338 91981
62338 11850 91981
91981 11850 62338
29263 120267 126003
126003 29263 120267
120267 29263 126003
94906 74340 88926
88926 74340 94906
74340 88926 94906
148602 3196 19189
3196 19189 148602
19189 3196 148602
53516 51188 115487
51188 53516 115487
115487 51188 53516
104484 1762 139616
139616 1762 104484
1762 104484 139616
83865 10966 13562
13562 10966 83865
10966 13562 83865
27199 15078 20769
20769 15078 27199
15078 20769 27199
146354 81360 86285
86285 81360 146354
81360 86285 146354
110769 14311 114606
14311 110769 114606
114606 14311 110769
30343 5648 12210
5648 12210 30343
12210 5648 30343
134072 68251 142425
68251 134072 142425
142425 68251 134072
32516 9282 59788
9282 32516 59788
59788 9282 32516
86342 6768 70677
70677 6768 86342
6768 70677 86342
33501 689 36799
36799 689 33501
689 33501 36799
32809 17839 35618
17839 32809 35618
35618 17839 32809
121039 106153 129124
129124 106153 121039
106153 121039 129124
124930 70194 77196
70194 77196 124930
77196 70194 124930
26837 121284 124908
124908 26837 121284
121284 26837 124908
65683 43117 70182
43117 65683 70182
70182 43117 65683
88468 64523 86408
86408 64523 88468
64523 86408 88468
94429 57663 134416
134416 57663 94429
57663 94429 134416
134623 81605 109055
109055 81605 134623
81605 109055 134623
34531 8772 80476
8772 34531 80476
80476 8772 34531
140065 36708 145209
36708 140065 145209
145209 36708 140065
45886 102976 112284
112284 45886 102976
102976 45886 112284
32325 5283 115649
115649 5283 32325
5283 32325 115649
121548 132910 147461
147461 121548 132910
132910 121548 147461
47173 43774 67561
67561 43774 47173
43774 47173 67561
142511 45076 70822
45076 70822 142511
70822 45076 142511
97694 67534 141717
141717 67534 97694
67534 97694 141717
476 79293 119892
79293 476 119892
119892 476 79293
27658 2200 24264
2200 24264 27658
24264 2200 27658
106776 65978 80175
80175 65978 106776
65978 80175 106776
452 7361 105756
7361 452 105756
105756 452 7361
103546 100901 106879
106879 100901 103546
100901 103546 106879
56243 89616 136516
89616 56243 136516
136516 56243 89616
2444 2150 115871
115871 2150 2444
2150 2444 115871
87489 65732 143829
65732 87489 143829
143829 65732 87489
7852 56743 99323
56743 7852 99323
99323 7852 56743
34008 17146 117069
117069 17146 34008
17146 34008 117069
66215 77363 128645
77363 66215 128645
128645 66215 77363
127558 21383 21508
21383 21508 127558
21508 21383 127558
90578 18749 82036
82036 18749 90578
18749 82036 90578
75041 23224 110235
110235 23224 75041
23224 75041 110235
96059 19119 140849
140849 19119 96059
19119 96059 140849
10364 5297 91523
91523 5297 10364
5297 10364 91523
134536 67647 137422
67647 134536 137422
137422 67647 134536
128536 61822 98521
98521 61822 128536
61822 98521 128536
92331 132755 136626
136626 92331 132755
132755 92331 136626
9655 16116 134757
134757 9655 16116
16116 9655 134757
29512 64771 147860
147860 29512 64771
64771 29512 147860
96634 66618 82699
66618 82699 96634
82699 66618 96634
127412 54717 97598
97598 54717 127412
54717 97598 127412
120074 77 108692
108692 77 120074
77 108692 120074
1271 28985 51043
51043 1271 28985
28985 1271 51043
145678 111624 139830
139830 111624 145678
111624 139830 145678
130353 35497 130350
35497 130350 130353
130350 35497 130353
101841 10100 76676
76676 10100 101841
10100 76676 101841
143782 19899 119127
119127 19899 143782
19899 119127 143782
53244 61700 74651
61700 53244 74651
74651 53244 61700
3572 49911 60169
49911 3572 60169
60169 3572 49911
132186 76650 127851
76650 127851 132186
127851 76650 132186
95352 68591 99954
99954 68591 95352
68591 95352 99954
22832 62795 79502
79502 22832 62795
62795 22832 79502
110183 121212 142731
142731 110183 121212
121212 110183 142731
60612 47340 116262
47340 60612 116262
116262 47340 60612
91652 8318 41954
8318 41954 91652
41954 8318 91652
80166 7459 51065
7459 51065 80166
51065 7459 80166
33702 81022 132039
132039 33702 81022
81022 33702 132039
123644 43154 51238
43154 51238 123644
51238 43154 123644
128385 11024 101108
11024 101108 128385
101108 11024 128385
62118 110502 120886
110502 62118 120886
120886 62118 110502
64043 116762 149876
116762 64043 149876
149876 64043 116762
84372 114402 121819
114402 84372 121819
121819 84372 114402
67717 62916 78686
78686 62916 67717
62916 67717 78686
32030 86594 124736
86594 32030 124736
124736 32030 86594
17851 90172 127691
127691 17851 90172
90172 17851 127691
88621 91690 146949
91690 88621 146949
146949 88621 91690
30114 38826 66667
66667 30114 38826
38826 30114 66667
77054 50314 136150
50314 77054 136150
136150 50314 77054
52853 117130 127179
117130 52853 127179
127179 52853 117130
26934 50821 83580
83580 26934 50821
50821 26934 83580
5992 10027 90377
10027 5992 90377
90377 5992 10027
8753 98640 115353
98640 8753 115353
115353 8753 98640
85795 34366 125113
34366 85795 125113
125113 34366 85795
18447 36176 83383
83383 18447 36176
36176 18447 83383
59091 94977 142194
94977 59091 142194
142194 59091 94977
7951 44056 55297
44056 7951 55297
55297 7951 44056
145134 15558 80154
80154 15558 145134
15558 80154 145134
97011 36648 63394
63394 36648 97011
36648 63394 97011
71453 35212 112544
112544 35212 71453
35212 71453 112544
71506 61395 78780
78780 61395 71506
61395 71506 78780
64095 20224 127079
20224 64095 127079
127079 20224 64095
32186 100288 105378
100288 32186 105378
105378 32186 100288
141050 46646 140038
46646 140038 141050
140038 46646 141050
132411 14423 141634
14423 132411 141634
141634 14423 132411
40911 34562 130499
130499 34562 40911
34562 40911 130499
94666 46462 65956
65956 46462 94666
46462 65956 94666
67985 112555 148203
112555 67985 148203
148203 67985 112555
53356 127656 138977
127656 53356 138977
138977 53356 127656
35048 100006 122013
100006 35048 122013
122013 35048 100006
86680 4286 108183
4286 86680 108183
108183 4286 86680
98772 133322 143541
133322 98772 143541
143541 98772 133322
129544 22415 84661
84661 22415 129544
22415 84661 129544
41768 8841 15155
8841 15155 41768
15155 8841 41768
23073 29915 77065
77065 23073 29915
29915 23073 77065
20300 43768 91066
91066 20300 43768
43768 20300 91066
104225 32385 56189
32385 56189 104225
56189 32385 104225
102408 37714 149722
149722 37714 102408
37714 102408 149722
85577 33744 69353
69353 33744 85577
33744 69353 85577
113582 80126 142989
80126 113582 142989
142989 80126 113582
125610 50167 88440
50167 88440 125610
88440 50167 125610
85553 48248 138833
48248 85553 138833
138833 48248 85553
86741 67295 107632
67295 86741 107632
107632 67295 86741
132856 78562 114551
114551 78562 132856
78562 114551 132856
93199 2390 87082
87082 2390 93199
2390 87082 93199
80217 10119 27973
27973 10119 80217
10119 27973 80217
136213 41293 46157
46157 41293 136213
41293 46157 136213
126715 66351 127742
127742 66351 126715
66351 126715 127742
120502 10226 115075
115075 10226 120502
10226 115075 120502
74614 68514 73317
73317 68514 74614
68514 73317 74614
143719 92425 104601
104601 92425 143719
92425 104601 143719
112717 67453 119183
67453 112717 119183
119183 67453 112717
7796 100964 137976
137976 7796 100964
100964 7796 137976
136349 103038 118887
103038 118887 136349
118887 103038 136349
110483 90749 146046
146046 90749 110483
90749 110483 146046
53094 23338 77358
23338 53094 77358
77358 23338 53094
111255 55708 69888
69888 55708 111255
55708 69888 111255
80275 25082 63495
63495 25082 80275
25082 63495 80275
33525 61372 94288
61372 33525 94288
94288 33525 61372
81102 53330 72860
53330 72860 81102
72860 53330 81102
61831 77735 136394
77735 61831 136394
136394 61831 77735
95437 9100 79010
9100 79010 95437
79010 9100 95437
77710 44881 70537
70537 44881 77710
44881 70537 77710
52486 23283 35577
23283 35577 52486
35577 23283 52486
105501 48570 96209
96209 48570 105501
48570 96209 105501
36928 39782 65203
65203 36928 39782
39782 36928 65203
27890 9033 62920
9033 27890 62920
62920 9033 27890
130512 140920 149438
149438 130512 140920
140920 130512 149438
86561 40539 52965
52965 40539 86561
40539 52965 86561
12080 70409 80357
80357 12080 70409
70409 12080 80357
138807 84142 138193
84142 138193 138807
138193 84142 138807
114880 55336 142727
142727 55336 114880
55336 114880 142727
137514 79480 123609
123609 79480 137514
79480 123609 137514
68276 21823 37572
21823 37572 68276
37572 21823 68276
43957 88407 147677
147677 43957 88407
88407 43957 147677
147011 83098 135024
83098 135024 147011
135024 83098 147011
44210 48702 116687
116687 44210 48702
48702 44210 116687
65380 18929 122528
122528 18929 65380
18929 65380 122528
37426 73962 103217
73962 37426 103217
103217 37426 73962
111972 29851 100914
100914 29851 111972
29851 100914 111972
109640 79712 146310
79712 109640 146310
146310 79712 109640
54289 10815 63907
63907 10815 54289
10815 54289 63907
64459 33353 73937
33353 64459 73937
73937 33353 64459
117372 18136 141357
141357 18136 117372
18136 117372 141357
143202 94419 96309
96309 94419 143202
94419 96309 143202
81160 78434 89794
89794 78434 81160
78434 81160 89794
18526 4996 44722
4996 18526 44722
44722 4996 18526
145195 41444 96543
41444 96543 145195
96543 41444 145195
83118 104244 139151
139151 83118 104244
104244 83118 139151
36004 43706 105282
43706 36004 105282
105282 36004 43706
45344 71385 80626
71385 45344 80626
80626 45344 71385
124145 54156 102335
102335 54156 124145
54156 102335 124145
77488 4036 100655
100655 4036 77488
4036 77488 100655
104789 63096 125061
63096 104789 125061
125061 63096 104789
78629 22540 88444
22540 78629 88444
88444 22540 78629
20105 22842 36695
22842 20105 36695
36695 20105 22842
108203 56251 129674
129674 56251 108203
56251 108203 129674
55198 61260 128663
61260 55198 128663
128663 55198 61260
136706 1326 29226
29226 1326 136706
1326 29226 136706
10991 43761 81535
43761 10991 81535
81535 10991 43761
134296 125198 130671
130671 125198 134296
125198 130671 134296
31467 131096 149781
149781 31467 131096
131096 31467 149781
146759 30055 103343
103343 30055 146759
30055 103343 146759
71368 55540 120993
55540 71368 120993
120993 55540 71368
64724 13886 131326
131326 13886 64724
13886 64724 131326
102446 34332 99031
99031 34332 102446
34332 99031 102446
63026 79741 133182
133182 63026 79741
79741 63026 133182
10070 1825 90509
90509 1825 10070
1825 10070 90509
32213 69722 100200
100200 32213 69722
69722 32213 100200
127458 36052 127443
36052 127443 127458
127443 36052 127458
91216 58545 116440
58545 91216 116440
116440 58545 91216
18129 77957 95804
95804 18129 77957
77957 18129 95804
95700 56131 113507
56131 95700 113507
113507 56131 95700
120965 37028 119213
119213 37028 120965
37028 119213 120965
93129 51426 92855
51426 92855 93129
92855 51426 93129
116115 101237 135311
101237 116115 135311
135311 101237 116115
41501 42679 52321
42679 41501 52321
52321 41501 42679
33354 23348 39844
39844 23348 33354
23348 33354 39844
83265 1420 114855
114855 1420 83265
1420 83265 114855
120160 49754 97579
97579 49754 120160
49754 97579 120160
120913 21598 112707
21598 112707 120913
112707 21598 120913
115365 6669 121301
6669 115365 121301
121301 6669 115365
26583 62006 110934
62006 26583 110934
110934 26583 62006
113293 97853 146115
146115 97853 113293
97853 113293 146115
26653 12032 17799
17799 12032 26653
12032 17799 26653
25528 94746 117251
117251 25528 94746
94746 25528 117251
137401 45069 126714
45069 126714 137401
126714 45069 137401
47038 37352 85278
85278 37352 47038
37352 47038 85278
75799 87534 95045
95045 75799 87534
87534 75799 95045
27011 56592 92186
56592 27011 92186
92186 27011 56592
121792 86105 92964
92964 86105 121792
86105 92964 121792
101402 81397 141160
81397 101402 141160
141160 81397 101402
49689 13951 49917
13951 49689 49917
49917 13951 49689
64493 72481 99909
99909 64493 72481
72481 64493 99909
20658 67888 147524
67888 20658 147524
147524 20658 67888
48302 12707 56511
56511 12707 48302
12707 48302 56511
90948 49531 70992
70992 49531 90948
49531 70992 90948
90925 4935 15588
15588 4935 90925
4935 15588 90925
32598 22526 102205
102205 22526 32598
22526 32598 102205
22533 67469 73228
73228 22533 67469
67469 22533 73228
65985 110196 128087
110196 65985 128087
128087 65985 110196
43564 71722 131923
71722 43564 131923
131923 43564 71722
6990 81182 103626
103626 6990 81182
81182 6990 103626
146727 44199 76957
44199 76957 146727
76957 44199 146727
70327 23214 99447
23214 70327 99447
99447 23214 70327
98053 49708 72020
49708 72020 98053
72020 49708 98053
149330 8565 120552
8565 120552 149330
120552 8565 149330
148919 30364 49014
49014 30364 148919
30364 49014 148919
141151 92743 124378
92743 124378 141151
124378 92743 141151
136400 13564 120761
13564 120761 136400
120761 13564 136400
84243 61217 123121
61217 84243 123121
123121 61217 84243
105029 1129 52533
52533 1129 105029
1129 52533 105029
127240 54814 75895
54814 75895 127240
75895 54814 127240
100392 121254 131077
131077 100392 121254
121254 100392 131077
67072 13185 37882
37882 13185 67072
13185 37882 67072
97560 133183 144779
144779 97560 133183
133183 97560 144779
23474 78401 120789
78401 23474 120789
120789 23474 78401
48088 46407 140109
46407 48088 140109
140109 46407 48088
46973 63775 68316
63775 46973 68316
68316 46973 63775
4972 112723 126100
112723 4972 126100
126100 4972 112723
39070 26286 96565
26286 39070 96565
96565 26286 39070
54031 33476 55577
33476 54031 55577
55577 33476 54031
50415 18081 86918
18081 50415 86918
86918 18081 50415
107810 87899 140708
87899 107810 140708
140708 87899 107810
65140 52667 81979
52667 65140 81979
81979 52667 65140
89718 24586 79300
24586 79300 89718
79300 24586 89718
65788 23291 85703
85703 23291 65788
23291 65788 85703
100640 41720 58662
58662 41720 100640
41720 58662 100640
71842 25853 89493
25853 71842 89493
89493 25853 71842
53084 2941 16040
16040 2941 53084
2941 16040 53084
83399 132975 139154
132975 83399 139154
139154 83399 132975
35757 44329 107649
44329 35757 107649
107649 35757 44329
53770 7245 98405
98405 7245 53770
7245 53770 98405
53458 53526 142411
53526 53458 142411
142411 53458 53526
98824 7407 103024
103024 7407 98824
7407 98824 103024
29622 62351 122870
62351 29622 122870
122870 29622 62351
111552 73312 126821
73312 111552 126821
126821 73312 111552
125854 64234 80600
64234 80600 125854
80600 64234 125854
141767 26063 121428
26063 121428 141767
121428 26063 141767
132282 66102 112165
112165 66102 132282
66102 112165 132282
32643 38580 108891
38580 32643 108891
108891 32643 38580
35670 45321 117197
117197 35670 45321
45321 35670 117197
85188 21376 46245
21376 46245 85188
46245 21376 85188
121515 48877 124146
48877 121515 124146
124146 48877 121515
122807 132246 147727
132246 122807 147727
147727 122807 132246
47885 26017 88774
88774 26017 47885
26017 47885 88774
22014 34283 101172
34283 22014 101172
101172 22014 34283
84501 36937 124585
36937 84501 124585
124585 36937 84501
104686 40270 127886
127886 40270 104686
40270 104686 127886
27054 69273 92705
69273 27054 92705
92705 27054 69273
73652 47541 76206
47541 73652 76206
76206 47541 73652
130053 35417 86914
35417 86914 130053
86914 35417 130053
83415 40676 70543
70543 40676 83415
40676 70543 83415
87650 75180 90428
75180 87650 90428
90428 75180 87650
82849 109460 138879
109460 82849 138879
138879 82849 109460
134589 84450 114637
84450 114637 134589
114637 84450 134589
69402 124874 147340
124874 69402 147340
147340 69402 124874
70991 40074 81137
81137 40074 70991
40074 70991 81137
120981 81419 113878
81419 113878 120981
113878 81419 120981
67185 67589 89576
89576 67185 67589
67589 67185 89576
105753 129676 140466
140466 105753 129676
129676 105753 140466
95758 48470 109871
48470 95758 109871
109871 48470 95758
101003 50929 135137
50929 101003 135137
135137 50929 101003
59263 74010 84398
84398 59263 74010
74010 59263 84398
89688 57266 120726
57266 89688 120726
120726 57266 89688
117643 85011 142863
85011 117643 142863
142863 85011 117643
41450 64481 146138
146138 41450 64481
64481 41450 146138
99984 58361 73483
58361 73483 99984
73483 58361 99984
1906 33921 61228
61228 1906 33921
33921 1906 61228
98455 87141 135432
135432 87141 98455
87141 98455 135432
19847 68067 105840
68067 19847 105840
105840 19847 68067
35394 13549 14572
14572 13549 35394
13549 14572 35394
84442 77672 123906
123906 77672 84442
77672 84442 123906
72261 70154 105673
70154 72261 105673
105673 70154 72261
118966 73334 129678
129678 73334 118966
73334 118966 129678
56940 62670 109948
109948 56940 62670
62670 56940 109948
146 2528 54964
54964 146 2528
2528 146 54964
84226 74948 115987
115987 74948 84226
74948 84226 115987
146726 25208 88321
88321 25208 146726
25208 88321 146726
19655 76213 110739
110739 19655 76213
76213 19655 110739
129206 79154 106342
79154 106342 129206
106342 79154 129206
47627 41629 99641
99641 41629 47627
41629 47627 99641
22254 37637 98135
98135 22254 37637
37637 22254 98135
100365 11679 145983
11679 100365 145983
145983 11679 100365
136177 7240 64895
64895 7240 136177
7240 64895 136177
67575 20266 90939
20266 67575 90939
90939 20266 67575
8583 65935 146877
146877 8583 65935
65935 8583 146877
98848 49840 131500
131500 49840 98848
49840 98848 131500
30602 74892 132102
74892 30602 132102
132102 30602 74892
70007 74225 123233
74225 70007 123233
123233 70007 74225
41984 22286 130888
130888 22286 41984
22286 41984 130888
138439 96345 143209
96345 138439 143209
143209 96345 138439
113903 38605 93071
93071 38605 113903
38605 93071 113903
2729 55178 116957
55178 2729 116957
116957 2729 55178
26439 70149 119956
70149 26439 119956
119956 26439 70149
137475 17774 59271
17774 59271 137475
59271 17774 137475
124509 64655 102440
102440 64655 124509
64655 102440 124509
111183 34988 75408
34988 75408 111183
75408 34988 111183
97035 116366 145364
145364 97035 116366
116366 97035 145364
72749 60682 126119
60682 72749 126119
126119 60682 72749
17932 7656 74788
7656 17932 74788
74788 7656 17932
11814 59182 88376
59182 11814 88376
88376 11814 59182
130397 35454 102421
102421 35454 130397
35454 102421 130397
78297 27570 124789
27570 78297 124789
124789 27570 78297
138492 51153 75787
75787 51153 138492
51153 75787 138492
140169 43681 45140
43681 45140 140169
45140 43681 140169
101837 53732 64546
53732 64546 101837
64546 53732 101837
103896 42864 145822
42864 103896 145822
145822 42864 103896
108197 33827 61358
33827 61358 108197
61358 33827 108197
140004 123292 126245
123292 126245 140004
126245 123292 140004
95918 22805 76403
22805 76403 95918
76403 22805 95918
5501 11251 146320
146320 5501 11251
11251 5501 146320
54847 2335 118148
2335 54847 118148
118148 2335 54847
111714 94578 122389
122389 94578 111714
94578 111714 122389
42237 94218 105165
105165 42237 94218
94218 42237 105165
9289 5865 79773
5865 9289 79773
79773 5865 9289
82995 19849 63440
63440 19849 82995
19849 63440 82995
199 105764 143091
105764 199 143091
143091 199 105764
125832 11202 60585
11202 60585 125832
60585 11202 125832
91525 117509 126190
126190 91525 117509
117509 91525 126190
1726 112587 140631
140631 1726 112587
112587 1726 140631
71759 683 104612
104612 683 71759
683 71759 104612
59474 55498 91670
55498 59474 91670
91670 55498 59474
76008 30568 142885
30568 76008 142885
142885 30568 76008
13330 7745 92220
92220 7745 13330
7745 13330 92220
27316 26618 93947
93947 26618 27316
26618 27316 93947
145651 57303 63837
63837 57303 145651
57303 63837 145651
4116 130927 147809
147809 4116 130927
130927 4116 147809
117558 25300 61174
25300 61174 117558
61174 25300 117558
52503 3800 61907
3800 52503 61907
61907 3800 52503
98263 106088 118377
118377 98263 106088
106088 98263 118377
37514 93876 133886
133886 37514 93876
93876 37514 133886
32361 68225 106921
106921 32361 68225
68225 32361 106921
1447 57998 111065
111065 1447 57998
57998 1447 111065
122362 7916 63708
63708 7916 122362
7916 63708 122362
69617 74012 128198
74012 69617 128198
128198 69617 74012
107278 58294 104221
58294 104221 107278
104221 58294 107278
85720 34882 86995
34882 85720 86995
86995 34882 85720
3020 48276 80723
48276 3020 80723
80723 3020 48276
103919 60045 86779
86779 60045 103919
60045 86779 103919
7449 42960 71711
71711 7449 42960
42960 7449 71711
34769 13446 73961
13446 34769 73961
73961 13446 34769
41238 4588 24518
24518 4588 41238
4588 24518 41238
3925 87086 121898
87086 3925 121898
121898 3925 87086
14622 29612 62619
29612 14622 62619
62619 14622 29612
137299 66517 71225
66517 71225 137299
71225 66517 137299
136838 59311 103846
103846 59311 136838
59311 103846 136838
32201 15821 135293
135293 15821 32201
15821 32201 135293
36711 8427 78171
78171 8427 36711
8427 36711 78171
7642 53462 149459
149459 7642 53462
53462 7642 149459
1407 14592 115055
14592 1407 115055
115055 1407 14592
103507 72991 82070
72991 82070 103507
82070 72991 103507
47231 32006 109909
109909 32006 47231
32006 47231 109909
55205 10176 68641
10176 55205 68641
68641 10176 55205
62851 31340 139917
31340 62851 139917
139917 31340 62851
96486 113533 141916
113533 96486 141916
141916 96486 113533
136010 55753 113675
113675 55753 136010
55753 113675 136010
97103 19807 111955
19807 97103 111955
111955 19807 97103
9955 42580 117816
117816 9955 42580
42580 9955 117816
47290 10489 16872
16872 10489 47290
10489 16872 47290
50187 34142 53159
53159 34142 50187
34142 50187 53159
91991 20556 62503
20556 62503 91991
62503 20556 91991
122195 55029 94491
55029 94491 122195
94491 55029 122195
146864 27380 112766
27380 112766 146864
112766 27380 146864
48407 103341 145779
145779 48407 103341
103341 48407 145779
126023 78004 104165
104165 78004 126023
78004 104165 126023
14751 89160 124836
124836 14751 89160
89160 14751 124836
97570 15497 43576
43576 15497 97570
15497 43576 97570
18384 96746 105244
105244 18384 96746
96746 18384 105244
125132 87287 102689
102689 87287 125132
87287 102689 125132
16013 44550 85173
44550 16013 85173
85173 16013 44550
102696 52937 131614
131614 52937 102696
52937 102696 131614
32651 48411 109000
48411 32651 109000
109000 32651 48411
118197 80877 133701
133701 80877 118197
80877 118197 133701
96541 79617 110642
110642 79617 96541
79617 96541 110642
109520 16491 71412
71412 16491 109520
16491 71412 109520
59104 74760 84437
84437 59104 74760
74760 59104 84437
48982 45009 79080
79080 45009 48982
45009 48982 79080
129155 46653 113528
113528 46653 129155
46653 113528 129155
62241 72450 138121
138121 62241 72450
72450 62241 138121
48144 30959 60135
30959 48144 60135
60135 30959 48144
125307 31563 102618
31563 102618 125307
102618 31563 125307
25267 138324 145767
145767 25267 138324
138324 25267 145767
120828 25785 106065
106065 25785 120828
25785 106065 120828
82510 18017 105494
18017 82510 105494
105494 18017 82510
118804 53722 53906
53722 53906 118804
53906 53722 118804
2805 97514 120115
97514 2805 120115
120115 2805 97514
91666 28342 50452
50452 28342 91666
28342 50452 91666
101744 47566 110461
47566 101744 110461
110461 47566 101744
48907 32791 100234
32791 48907 100234
100234 32791 48907
82351 31475 32190
31475 32190 82351
32190 31475 82351
116347 8513 74361
74361 8513 116347
8513 74361 116347
96004 5417 133242
133242 5417 96004
5417 96004 133242
69808 75193 121857
75193 69808 121857
121857 69808 75193
46332 19047 75549
75549 19047 46332
19047 46332 75549
53811 6842 20669
20669 6842 53811
6842 20669 53811
39552 23437 48431
48431 23437 39552
23437 39552 48431
20 72736 133830
72736 20 133830
133830 20 72736
145832 17382 22271
22271 17382 145832
17382 22271 145832
142201 128512 143964
128512 142201 143964
143964 128512 142201
3467 14396 133905
133905 3467 14396
14396 3467 133905
134698 95699 108999
95699 108999 134698
108999 95699 134698
109449 75896 139844
75896 109449 139844
139844 75896 109449
3712 8416 49468
8416 3712 49468
49468 3712 8416
81031 91642 131482
131482 81031 91642
91642 81031 131482
143078 49764 149725
49764 143078 149725
149725 49764 143078
95285 49836 88423
88423 49836 95285
49836 88423 95285
2073 2464 21437
2464 2073 21437
21437 2073 2464
113459 14999 117675
14999 113459 117675
117675 14999 113459
111825 98429 106224
98429 106224 111825
106224 98429 111825
75375 53021 121539
53021 75375 121539
121539 53021 75375
70454 39741 59230
59230 39741 70454
39741 59230 70454
1663 26293 31098
31098 1663 26293
26293 1663 31098
62815 55777 79997
55777 62815 79997
79997 55777 62815
78554 43836 147659
147659 43836 78554
43836 78554 147659
62266 84616 87277
87277 62266 84616
84616 62266 87277
123812 28787 131513
131513 28787 123812
28787 123812 131513
36364 91208 99521
99521 36364 91208
91208 36364 99521
81096 25035 54158
54158 25035 81096
25035 54158 81096
114728 2199 30702
2199 30702 114728
30702 2199 114728
11466 8996 127414
8996 11466 127414
127414 8996 11466
80003 6424 72132
6424 72132 80003
72132 6424 80003
145193 22776 111913
111913 22776 145193
22776 111913 145193
11895 53018 88065
88065 11895 53018
53018 11895 88065
98758 31430 95385
95385 31430 98758
31430 95385 98758
109125 20792 77774
20792 77774 109125
77774 20792 109125
135963 70332 138169
70332 135963 138169
138169 70332 135963
76201 29108 65973
29108 65973 76201
65973 29108 76201
44851 59632 96855
96855 44851 59632
59632 44851 96855
84540 94001 115440
115440 84540 94001
94001 84540 115440
9395 37759 141120
141120 9395 37759
37759 9395 141120
45211 3592 70244
70244 3592 45211
3592 45211 70244
90364 71221 133430
71221 90364 133430
133430 71221 90364
41285 1595 149458
149458 1595 41285
1595 41285 149458
55189 34921 83084
34921 55189 83084
83084 34921 55189
2106 70638 81303
70638 2106 81303
81303 2106 70638
112458 82582 98401
98401 82582 112458
82582 98401 112458
32758 73134 103494
73134 32758 103494
103494 32758 73134
76255 92944 98489
92944 76255 98489
98489 76255 92944
21902 55521 94514
55521 21902 94514
94514 21902 55521
26225 15730 73802
73802 15730 26225
15730 26225 73802
29378 66503 129995
129995 29378 66503
66503 29378 129995
46810 39282 43501
43501 39282 46810
39282 43501 46810
90388 418 4356
4356 418 90388
418 4356 90388
87625 66549 132974
132974 66549 87625
66549 87625 132974
57719 46555 130146
130146 46555 57719
46555 57719 130146
142273 94971 114768
114768 94971 142273
94971 114768 142273
123673 122679 125999
122679 123673 125999
125999 122679 123673
73058 64780 143327
143327 64780 73058
64780 73058 143327
37228 36040 111689
111689 36040 37228
36040 37228 111689
87308 12194 149773
12194 87308 149773
149773 12194 87308
75100 116588 119529
119529 75100 116588
116588 75100 119529
72135 4537 53310
53310 4537 72135
4537 53310 72135
74719 1665 74725
74725 1665 74719
1665 74719 74725
135562 36211 64601
64601 36211 135562
36211 64601 135562
66363 15555 131944
131944 15555 66363
15555 66363 131944
79364 16576 129011
16576 79364 129011
129011 16576 79364
117701 20673 24202
20673 24202 117701
24202 20673 117701
116209 42045 113733
113733 42045 116209
42045 113733 116209
44163 121662 122058
122058 44163 121662
121662 44163 122058
124766 15031 139826
15031 124766 139826
139826 15031 124766
14836 62291 80178
80178 14836 62291
62291 14836 80178
148000 100775 127236
127236 100775 148000
100775 127236 148000
3817 1869 30724
30724 1869 3817
1869 3817 30724
12193 96124 134178
134178 12193 96124
96124 12193 134178
56760 25419 106129
25419 56760 106129
106129 25419 56760
8083 41880 95415
95415 8083 41880
41880 8083 95415
95686 7484 110244
7484 95686 110244
110244 7484 95686
33343 12108 52523
12108 33343 52523
52523 12108 33343
237 52365 68551
52365 237 68551
68551 237 52365
6465 10213 58279
58279 6465 10213
10213 6465 58279
49269 57917 76052
57917 49269 76052
76052 49269 57917
62007 107047 130643
130643 62007 107047
107047 62007 130643
24837 59530 78728
78728 24837 59530
59530 24837 78728
122008 26949 74586
26949 74586 122008
74586 26949 122008
23363 13462 50201
13462 23363 50201
50201 13462 23363
68302 342 45858
342 45858 68302
45858 342 68302
25859 31279 92753
92753 25859 31279
31279 25859 92753
115114 109491 139525
139525 109491 115114
109491 115114 139525
43805 45995 47130
45995 43805 47130
47130 43805 45995
87921 42630 57826
42630 57826 87921
57826 42630 87921
52026 42213 107705
42213 52026 107705
107705 42213 52026
75431 78663 114386
78663 75431 114386
114386 75431 78663
38479 84067 139947
139947 38479 84067
84067 38479 139947
73782 32394 66201
66201 32394 73782
32394 66201 73782
61069 71073 111174
71073 61069 111174
111174 61069 71073
115230 3417 147161
147161 3417 115230
3417 115230 147161
36696 8477 90164
90164 8477 36696
8477 36696 90164
6427 2919 72836
72836 2919 6427
2919 6427 72836
69136 10960 58474
10960 58474 69136
58474 10960 69136
28874 70236 145634
145634 28874 70236
70236 28874 145634
143880 20841 47716
20841 47716 143880
47716 20841 143880
54734 72739 92908
72739 54734 92908
92908 54734 72739
110419 59820 73241
59820 73241 110419
73241 59820 110419
141003 60887 92457
60887 92457 141003
92457 60887 141003
32078 32678 90791
90791 32078 32678
32678 32078 90791
103004 95146 96024
95146 96024 103004
96024 95146 103004
92809 61546 88402
88402 61546 92809
61546 88402 92809
112014 3290 81801
81801 3290 112014
3290 81801 112014
62671 90087 122235
90087 62671 122235
122235 62671 90087
146642 18089 52474
18089 52474 146642
52474 18089 146642
147609 30993 33747
33747 30993 147609
30993 33747 147609
22297 34096 105616
34096 22297 105616
105616 22297 34096
138930 95717 125918
125918 95717 138930
95717 125918 138930
96996 1589 112246
1589 96996 112246
112246 1589 96996
93298 15907 109732
15907 93298 109732
109732 15907 93298
64812 130534 132048
132048 64812 130534
130534 64812 132048
79904 105321 116821
105321 79904 116821
116821 79904 105321
2488 56366 87597
87597 2488 56366
56366 2488 87597
51248 100574 117369
117369 51248 100574
100574 51248 117369
116563 91212 143010
143010 91212 116563
91212 116563 143010
28815 34279 108593
108593 28815 34279
34279 28815 108593
135387 42873 95815
95815 42873 135387
42873 95815 135387
135571 100865 116261
100865 116261 135571
116261 100865 135571
59652 75568 89976
89976 59652 75568
75568 59652 89976
109709 52722 144492
52722 109709 144492
144492 52722 109709
93897 54748 88525
54748 88525 93897
88525 54748 93897
131744 54400 136989
136989 54400 131744
54400 131744 136989
41485 45389 70073
45389 41485 70073
70073 41485 45389
105294 40646 141316
40646 105294 141316
141316 40646 105294
13652 78727 104561
78727 13652 104561
104561 13652 78727
67816 7359 99391
7359 67816 99391
99391 7359 67816
31003 14909 30384
14909 30384 31003
30384 14909 31003
49346 43441 89745
43441 49346 89745
89745 43441 49346
72676 91357 144168
144168 72676 91357
91357 72676 144168
104425 23293 80766
80766 23293 104425
23293 80766 104425
86309 46409 106870
106870 46409 86309
46409 86309 106870
86426 32463 114285
114285 32463 86426
32463 86426 114285
69807 62467 116408
62467 69807 116408
116408 62467 69807
96433 38642 143436
143436 38642 96433
38642 96433 143436
98332 64280 133559
64280 98332 133559
133559 64280 98332
106308 9590 69600
9590 69600 106308
69600 9590 106308
125363 50073 147631
147631 50073 125363
50073 125363 147631
108401 15663 29906
15663 29906 108401
29906 15663 108401
71563 38145 131970
131970 38145 71563
38145 71563 131970
80918 3065 122261
122261 3065 80918
3065 80918 122261
46474 25981 59232
25981 46474 59232
59232 25981 46474
147881 65127 72772
65127 72772 147881
72772 65127 147881
46233 37604 51077
51077 37604 46233
37604 46233 51077
134607 36603 62983
36603 62983 134607
62983 36603 134607
119942 10732 26448
26448 10732 119942
10732 26448 119942
127353 89874 149032
89874 127353 149032
149032 89874 127353
18965 12626 127694
127694 12626 18965
12626 18965 127694
64556 37529 118315
118315 37529 64556
37529 64556 118315
57911 17365 113803
113803 17365 57911
17365 57911 113803
143627 137176 138553
137176 138553 143627
138553 137176 143627
32866 107999 143248
143248 32866 107999
107999 32866 143248
145584 24112 86729
86729 24112 145584
24112 86729 145584
136653 15760 107162
107162 15760 136653
15760 107162 136653
1793 16848 21439
21439 1793 16848
16848 1793 21439
78786 35025 56315
35025 56315 78786
56315 35025 78786
46370 72956 89139
89139 46370 72956
72956 46370 89139
132241 10802 119948
10802 119948 132241
119948 10802 132241
8577 8311 95403
8311 8577 95403
95403 8311 8577
21495 36974 87354
36974 21495 87354
87354 21495 36974
69080 15057 120060
120060 15057 69080
15057 69080 120060
146920 55906 119128
119128 55906 146920
55906 119128 146920
9957 36458 140067
140067 9957 36458
36458 9957 140067
110302 57658 82746
82746 57658 110302
57658 82746 110302
50608 124751 133191
124751 50608 133191
133191 50608 124751
149870 76958 82511
76958 82511 149870
82511 76958 149870
58555 114930 134069
114930 58555 134069
134069 58555 114930
90559 105862 139068
139068 90559 105862
105862 90559 139068
38321 21021 105318
105318 21021 38321
21021 38321 105318
125306 50464 100622
50464 100622 125306
100622 50464 125306
133513 66108 71978
66108 71978 133513
71978 66108 133513
39708 21168 93364
21168 39708 93364
93364 21168 39708
133649 14630 91668
14630 91668 133649
91668 14630 133649
9101 33050 56110
33050 9101 56110
56110 9101 33050
136126 12402 21276
21276 12402 136126
12402 21276 136126
97271 21901 45912
45912 21901 97271
21901 45912 97271
111447 54297 98399
54297 98399 111447
98399 54297 111447
57661 27308 47344
27308 47344 57661
47344 27308 57661
105969 60897 138529
60897 105969 138529
138529 60897 105969
114934 41623 106797
106797 41623 114934
41623 106797 114934
101059 79145 94860
79145 94860 101059
94860 79145 101059
14679 1962 3358
1962 3358 14679
3358 1962 14679
49191 41135 88695
41135 49191 88695
88695 41135 49191
85860 40222 66910
66910 40222 85860
40222 66910 85860
22863 28897 86151
86151 22863 28897
28897 22863 86151
71730 101668 138310
101668 71730 138310
138310 71730 101668
59962 113922 141937
141937 59962 113922
113922 59962 141937
32956 7825 120909
120909 7825 32956
7825 32956 120909
79963 6388 97417
97417 6388 79963
6388 79963 97417
59301 49092 133424
133424 49092 59301
49092 59301 133424
134801 48826 89045
48826 89045 134801
89045 48826 134801
139160 128442 141051
128442 139160 141051
141051 128442 139160
145602 29821 107801
107801 29821 145602
29821 107801 145602
39137 9514 46120
46120 9514 39137
9514 39137 46120
15649 42680 89062
89062 15649 42680
42680 15649 89062
34873 66733 78687
66733 34873 78687
78687 34873 66733
34596 37333 45431
37333 34596 45431
45431 34596 37333
105793 4539 92310
92310 4539 105793
4539 92310 105793
64017 55831 64787
55831 64017 64787
64787 55831 64017
48198 71205 121307
121307 48198 71205
71205 48198 121307
21820 69104 120073
120073 21820 69104
69104 21820 120073
30189 59706 134014
59706 30189 134014
134014 30189 59706
16101 2766 31260
2766 16101 31260
31260 2766 16101
