35547 99894 122046
122046 35547 99894
99894 35547 122046
5237 75315 120468
75315 5237 120468
120468 5237 75315
129189 59905 69766
59905 69766 129189
69766 59905 129189
90982 35295 59849
35295 59849 90982
59849 35295 90982
14065 81882 82430
82430 14065 81882
81882 14065 82430
108844 18112 36044
18112 36044 108844
36044 18112 108844
126830 112459 141641
141641 112459 126830
112459 126830 141641
142364 9055 37952
37952 9055 142364
9055 37952 142364
114799 12365 54707
12365 54707 114799
54707 12365 114799
57981 109522 123573
109522 57981 123573
123573 57981 109522
98233 128371 136969
128371 98233 136969
136969 98233 128371
97752 3617 70427
3617 70427 97752
70427 3617 97752
23127 26693 137668
137668 23127 26693
26693 23127 137668
35921 46951 117274
117274 35921 46951
46951 35921 117274
83719 49158 144770
144770 49158 83719
49158 83719 144770
65667 59414 114054
59414 65667 114054
114054 59414 65667
117438 82172 103499
82172 103499 117438
103499 82172 117438
39059 32206 91850
91850 32206 39059
32206 39059 91850
12406 117791 145941
145941 12406 117791
117791 12406 145941
143448 8091 129949
8091 129949 143448
129949 8091 143448
44657 75625 126252
126252 44657 75625
75625 44657 126252
30820 36815 67546
67546 30820 36815
36815 30820 67546
117296 10427 117390
10427 117296 117390
117390 10427 117296
110458 45708 145574
145574 45708 110458
45708 110458 145574
34848 59820 94730
59820 34848 94730
94730 34848 59820
68030 18876 91936
91936 18876 68030
18876 68030 91936
57912 111473 144046
111473 57912 144046
144046 57912 111473
18474 116827 144167
144167 18474 116827
116827 18474 144167
10259 2652 25746
25746 2652 10259
2652 10259 25746
51523 114072 120418
114072 51523 120418
120418 51523 114072
107920 138277 147842
138277 107920 147842
147842 107920 138277
1576 14432 92052
92052 1576 14432
14432 1576 92052
21703 16713 134670
16713 21703 134670
134670 16713 21703
49505 36734 87851
87851 36734 49505
36734 49505 87851
64848 13046 54921
13046 54921 64848
54921 13046 64848
106576 128865 144194
144194 106576 128865
128865 106576 144194
69391 35327 49193
49193 35327 69391
35327 49193 69391
72846 1505 94519
94519 1505 72846
1505 72846 94519
52340 32115 140894
140894 32115 52340
32115 52340 140894
132697 57430 122181
57430 122181 132697
122181 57430 132697
87607 69643 119848
69643 87607 119848
119848 69643 87607
17467 52436 128415
128415 17467 52436
52436 17467 128415
56530 5068 6214
6214 5068 56530
5068 6214 56530
52222 11640 115055
115055 11640 52222
11640 52222 115055
135745 31974 96289
31974 96289 135745
96289 31974 135745
30964 56872 92879
56872 30964 92879
92879 30964 56872
9896 101282 121434
121434 9896 101282
101282 9896 121434
69504 55389 85875
55389 69504 85875
85875 55389 69504
50925 42907 84907
42907 50925 84907
84907 42907 50925
107840 2064 34411
2064 34411 107840
34411 2064 107840
61822 12123 57871
12123 57871 61822
57871 12123 61822
146077 59396 106163
106163 59396 146077
59396 106163 146077
50710 108728 134244
134244 50710 108728
108728 50710 134244
33181 70782 79847
70782 33181 79847
79847 33181 70782
55505 73446 114342
114342 55505 73446
73446 55505 114342
55884 65587 78030
78030 55884 65587
65587 55884 78030
69759 36727 75866
75866 36727 69759
36727 69759 75866
67374 22964 23667
22964 23667 67374
23667 22964 67374
36831 59988 99533
99533 36831 59988
59988 36831 99533
109563 73250 73559
73250 73559 109563
73559 73250 109563
137296 80770 107874
80770 107874 137296
107874 80770 137296
127667 60222 74305
60222 74305 127667
74305 60222 127667
5578 23374 83457
23374 5578 83457
83457 5578 23374
128454 64687 80002
64687 80002 128454
80002 64687 128454
117053 57623 76408
57623 76408 117053
76408 57623 117053
49059 86071 91392
86071 49059 91392
91392 49059 86071
131314 33457 58597
58597 33457 131314
33457 58597 131314
100901 29303 145503
29303 100901 145503
145503 29303 100901
85908 7576 46598
46598 7576 85908
7576 46598 85908
767 90900 142796
90900 767 142796
142796 767 90900
59931 79671 129716
79671 59931 129716
129716 59931 79671
65058 30374 62970
30374 62970 65058
62970 30374 65058
60833 91969 99945
99945 60833 91969
91969 60833 99945
80931 82713 103815
103815 80931 82713
82713 80931 103815
54625 35150 130740
130740 35150 54625
35150 54625 130740
54146 42882 101688
42882 54146 101688
101688 42882 54146
35830 16591 125124
16591 35830 125124
125124 16591 35830
103037 43270 61135
43270 61135 103037
61135 43270 103037
86750 103714 108984
108984 86750 103714
103714 86750 108984
889 70846 141760
141760 889 70846
70846 889 141760
83778 17510 118382
118382 17510 83778
17510 83778 118382
146337 26066 65075
26066 65075 146337
65075 26066 146337
33614 8836 63597
8836 33614 63597
63597 8836 33614
114496 35348 82182
82182 35348 114496
35348 82182 114496
118222 9312 116731
116731 9312 118222
9312 116731 118222
130289 91968 137390
137390 91968 130289
91968 130289 137390
9145 4113 52564
52564 4113 9145
4113 9145 52564
106803 65076 96351
96351 65076 106803
65076 96351 106803
111942 11241 137666
137666 11241 111942
11241 111942 137666
92429 96436 107951
107951 92429 96436
96436 92429 107951
68075 473 109428
473 68075 109428
109428 473 68075
69929 100024 107800
100024 69929 107800
107800 69929 100024
6292 103069 146643
146643 6292 103069
103069 6292 146643
124711 128629 146113
146113 124711 128629
128629 124711 146113
136013 5386 88504
88504 5386 136013
5386 88504 136013
146010 20997 114715
114715 20997 146010
20997 114715 146010
62371 32565 88665
32565 62371 88665
88665 32565 62371
15562 37733 76165
76165 15562 37733
37733 15562 76165
87082 11887 39358
39358 11887 87082
11887 39358 87082
148925 45248 139770
139770 45248 148925
45248 139770 148925
89603 55700 98054
98054 55700 89603
55700 89603 98054
124296 3578 81867
81867 3578 124296
3578 81867 124296
103547 42444 117949
117949 42444 103547
42444 103547 117949
71383 1828 39579
1828 39579 71383
39579 1828 71383
126446 118790 149685
118790 126446 149685
149685 118790 126446
92937 16996 116287
116287 16996 92937
16996 92937 116287
85229 10557 103103
10557 85229 103103
103103 10557 85229
46623 48866 64934
48866 46623 64934
64934 46623 48866
52862 42884 77636
77636 42884 52862
42884 52862 77636
58463 112068 124773
112068 58463 124773
124773 58463 112068
49994 19520 103645
103645 19520 49994
19520 49994 103645
92596 23611 26605
23611 26605 92596
26605 23611 92596
90410 112580 146052
146052 90410 112580
112580 90410 146052
19743 38067 66634
66634 19743 38067
38067 19743 66634
110964 25959 127343
127343 25959 110964
25959 110964 127343
119379 23006 120573
23006 119379 120573
120573 23006 119379
113658 52498 103703
52498 103703 113658
103703 52498 113658
69927 13273 88624
13273 69927 88624
88624 13273 69927
75299 117031 120400
120400 75299 117031
117031 75299 120400
57863 34700 118041
118041 34700 57863
34700 57863 118041
94761 64118 75259
75259 64118 94761
64118 75259 94761
133666 49896 95047
49896 95047 133666
95047 49896 133666
128505 18330 109696
109696 18330 128505
18330 109696 128505
11589 72647 86921
86921 11589 72647
72647 11589 86921
30997 95759 109673
95759 30997 109673
109673 30997 95759
3890 23134 35639
35639 3890 23134
23134 3890 35639
113261 58709 110793
58709 110793 113261
110793 58709 113261
18466 45427 145542
145542 18466 45427
45427 18466 145542
103814 27512 68467
68467 27512 103814
27512 68467 103814
125683 93553 96649
93553 96649 125683
96649 93553 125683
72946 35230 49935
49935 35230 72946
35230 49935 72946
139788 11052 132331
11052 132331 139788
132331 11052 139788
44599 12371 22411
12371 22411 44599
22411 12371 44599
58077 111638 142130
142130 58077 111638
111638 58077 142130
59412 36723 122922
36723 59412 122922
122922 36723 59412
30305 49522 122012
122012 30305 49522
49522 30305 122012
66653 10534 59110
10534 59110 66653
59110 10534 66653
88693 116512 118717
118717 88693 116512
116512 88693 118717
9621 95020 121919
95020 9621 121919
121919 9621 95020
51973 6863 131428
131428 6863 51973
6863 51973 131428
135826 68978 113536
113536 68978 135826
68978 113536 135826
57564 111064 143777
143777 57564 111064
111064 57564 143777
119717 58282 61446
61446 58282 119717
58282 61446 119717
99573 51143 63857
63857 51143 99573
51143 63857 99573
87012 52620 123248
123248 52620 87012
52620 87012 123248
27620 60800 115407
60800 27620 115407
115407 27620 60800
20040 104434 121531
104434 20040 121531
121531 20040 104434
84785 65730 140404
65730 84785 140404
140404 65730 84785
41679 62375 131396
62375 41679 131396
131396 41679 62375
141622 28142 40057
28142 40057 141622
40057 28142 141622
34755 62645 142721
142721 34755 62645
62645 34755 142721
30485 10622 146111
10622 30485 146111
146111 10622 30485
69564 19788 104808
19788 69564 104808
104808 19788 69564
30924 98396 148596
148596 30924 98396
98396 30924 148596
54407 17304 101044
17304 54407 101044
101044 17304 54407
123804 33024 89174
33024 89174 123804
89174 33024 123804
89742 65502 131854
65502 89742 131854
131854 65502 89742
28892 26645 45581
45581 26645 28892
26645 28892 45581
61393 10493 105480
10493 61393 105480
105480 10493 61393
94213 18857 79422
18857 79422 94213
79422 18857 94213
16067 57489 125376
125376 16067 57489
57489 16067 125376
9908 4042 18098
18098 4042 9908
4042 9908 18098
20782 36912 139769
139769 20782 36912
36912 20782 139769
69791 6684 80289
80289 6684 69791
6684 69791 80289
12080 92171 115493
115493 12080 92171
92171 12080 115493
125058 5774 28374
28374 5774 125058
5774 28374 125058
90888 19098 84230
84230 19098 90888
19098 84230 90888
146036 11834 49143
49143 11834 146036
11834 49143 146036
73693 8377 20362
20362 8377 73693
8377 20362 73693
119463 54393 141865
54393 119463 141865
141865 54393 119463
132061 6587 105906
105906 6587 132061
6587 105906 132061
41760 104143 149152
104143 41760 149152
149152 41760 104143
95536 17823 54161
54161 17823 95536
17823 54161 95536
21749 60749 117755
60749 21749 117755
117755 21749 60749
50695 11809 15017
11809 15017 50695
15017 11809 50695
98989 8591 30836
30836 8591 98989
8591 30836 98989
27053 30951 101073
101073 27053 30951
30951 27053 101073
94866 40729 126974
40729 94866 126974
126974 40729 94866
147321 43967 126187
126187 43967 147321
43967 126187 147321
64562 109012 147980
147980 64562 109012
109012 64562 147980
38480 21996 38043
21996 38043 38480
38043 21996 38480
75091 43148 145959
43148 75091 145959
145959 43148 75091
67361 29750 116633
116633 29750 67361
29750 67361 116633
91898 82521 121554
121554 82521 91898
82521 91898 121554
12043 18832 110506
110506 12043 18832
18832 12043 110506
30162 48819 88019
88019 30162 48819
48819 30162 88019
82121 130173 149303
149303 82121 130173
130173 82121 149303
75566 8411 106904
8411 75566 106904
106904 8411 75566
121898 54552 108879
108879 54552 121898
54552 108879 121898
4617 48549 143839
48549 4617 143839
143839 4617 48549
21508 32041 38641
32041 21508 38641
38641 21508 32041
141192 11925 71566
11925 71566 141192
71566 11925 141192
34309 23032 55308
23032 34309 55308
55308 23032 34309
147293 113457 130181
130181 113457 147293
113457 130181 147293
113053 23943 108203
108203 23943 113053
23943 108203 113053
136388 4966 114041
114041 4966 136388
4966 114041 136388
94086 39466 101728
101728 39466 94086
39466 94086 101728
57055 40351 108978
40351 57055 108978
108978 40351 57055
28233 116113 135230
116113 28233 135230
135230 28233 116113
89783 7489 114709
114709 7489 89783
7489 89783 114709
20746 92978 121411
121411 20746 92978
92978 20746 121411
50772 42778 109539
109539 42778 50772
42778 50772 109539
84156 43185 123024
43185 84156 123024
123024 43185 84156
124390 26168 53457
53457 26168 124390
26168 53457 124390
31436 31484 147141
147141 31436 31484
31484 31436 147141
96463 37904 45087
37904 45087 96463
45087 37904 96463
137498 87294 126503
87294 126503 137498
126503 87294 137498
88218 24696 128217
24696 88218 128217
128217 24696 88218
82605 104838 128493
104838 82605 128493
128493 82605 104838
136485 83222 139871
83222 136485 139871
139871 83222 136485
84808 120018 122475
120018 84808 122475
122475 84808 120018
89860 5632 106832
5632 89860 106832
106832 5632 89860
100275 3000 96002
3000 96002 100275
96002 3000 100275
126986 107778 126230
107778 126230 126986
126230 107778 126986
82729 81352 114328
81352 82729 114328
114328 81352 82729
64356 10710 88136
10710 64356 88136
88136 10710 64356
44693 4167 79994
79994 4167 44693
4167 44693 79994
60388 6872 80549
80549 6872 60388
6872 60388 80549
37734 80551 89999
80551 37734 89999
89999 37734 80551
89801 22121 31848
22121 31848 89801
31848 22121 89801
29438 31149 137355
31149 29438 137355
137355 29438 31149
111148 57040 120881
57040 111148 120881
120881 57040 111148
83952 31676 89764
31676 83952 89764
89764 31676 83952
105659 77411 119058
77411 105659 119058
119058 77411 105659
7865 9960 24530
24530 7865 9960
9960 7865 24530
37322 121656 147405
121656 37322 147405
147405 37322 121656
30096 57868 72619
57868 30096 72619
72619 30096 57868
5414 78182 101003
101003 5414 78182
78182 5414 101003
43904 91769 124305
124305 43904 91769
91769 43904 124305
50268 117831 136526
117831 50268 136526
136526 50268 117831
76613 27639 56428
56428 27639 76613
27639 56428 76613
32212 77907 142585
77907 32212 142585
142585 32212 77907
23425 14475 102298
14475 23425 102298
102298 14475 23425
5589 5033 77574
77574 5033 5589
5033 5589 77574
58293 63017 115656
115656 58293 63017
63017 58293 115656
129280 80086 88449
88449 80086 129280
80086 88449 129280
112753 8210 55404
8210 55404 112753
55404 8210 112753
31357 10333 19452
10333 19452 31357
19452 10333 31357
62830 79425 120798
120798 62830 79425
79425 62830 120798
144131 22034 75072
75072 22034 144131
22034 75072 144131
128623 119357 129606
119357 128623 129606
129606 119357 128623
125323 12128 37251
12128 37251 125323
37251 12128 125323
52047 47159 95506
95506 47159 52047
47159 52047 95506
132821 69554 101498
69554 101498 132821
101498 69554 132821
42063 96931 102008
102008 42063 96931
96931 42063 102008
62372 4378 147297
4378 62372 147297
147297 4378 62372
23353 3556 58770
58770 3556 23353
3556 23353 58770
77540 67683 122992
67683 77540 122992
122992 67683 77540
126765 17566 27189
17566 27189 126765
27189 17566 126765
92167 111189 135949
111189 92167 135949
135949 92167 111189
131580 67476 115865
67476 115865 131580
115865 67476 131580
86247 73970 111949
111949 73970 86247
73970 86247 111949
55691 51714 101903
51714 55691 101903
101903 51714 55691
87569 68405 128075
128075 68405 87569
68405 87569 128075
35619 80137 101059
101059 35619 80137
80137 35619 101059
87637 15135 24846
24846 15135 87637
15135 24846 87637
73347 28094 81233
81233 28094 73347
28094 73347 81233
136768 37446 78201
78201 37446 136768
37446 78201 136768
110848 71725 103730
71725 103730 110848
103730 71725 110848
58239 3598 96203
3598 58239 96203
96203 3598 58239
122330 104185 126483
104185 122330 126483
126483 104185 122330
95136 43130 133518
43130 95136 133518
133518 43130 95136
26780 120309 120447
120309 26780 120447
120447 26780 120309
114581 22213 105059
105059 22213 114581
22213 105059 114581
149803 74040 112117
74040 112117 149803
112117 74040 149803
61328 63373 131066
131066 61328 63373
63373 61328 131066
132629 65393 118537
65393 118537 132629
118537 65393 132629
141563 10364 135241
10364 135241 141563
135241 10364 141563
48398 5376 128636
5376 48398 128636
128636 5376 48398
83251 12573 52508
52508 12573 83251
12573 52508 83251
53607 94779 98734
94779 53607 98734
98734 53607 94779
68464 45168 82206
45168 68464 82206
82206 45168 68464
13054 120825 139541
139541 13054 120825
120825 13054 139541
39679 30029 121283
30029 39679 121283
121283 30029 39679
12824 47356 148138
47356 12824 148138
148138 12824 47356
139615 20339 29562
29562 20339 139615
20339 29562 139615
70578 4061 137803
137803 4061 70578
4061 70578 137803
119538 71446 80726
71446 80726 119538
80726 71446 119538
13897 59882 102456
59882 13897 102456
102456 13897 59882
61913 65540 93631
65540 61913 93631
93631 61913 65540
68039 29420 74463
74463 29420 68039
29420 68039 74463
24284 33579 95381
33579 24284 95381
95381 24284 33579
37690 49063 85480
49063 37690 85480
85480 37690 49063
40402 52427 78109
52427 40402 78109
78109 40402 52427
145969 13082 123394
123394 13082 145969
13082 123394 145969
54930 79313 141057
141057 54930 79313
79313 54930 141057
59624 7895 144885
7895 59624 144885
144885 7895 59624
53601 22771 97982
22771 53601 97982
97982 22771 53601
41880 12209 78300
78300 12209 41880
12209 41880 78300
99937 70798 98852
98852 70798 99937
70798 98852 99937
81786 82807 107508
107508 81786 82807
82807 81786 107508
18636 11646 59515
59515 11646 18636
11646 18636 59515
42453 104582 139346
104582 42453 139346
139346 42453 104582
65501 36921 134830
36921 65501 134830
134830 36921 65501
24631 23168 55711
55711 23168 24631
23168 24631 55711
60763 29096 85954
29096 60763 85954
85954 29096 60763
12170 77223 91572
77223 12170 91572
91572 12170 77223
3836 75462 138266
138266 3836 75462
75462 3836 138266
117737 94309 117070
94309 117070 117737
117070 94309 117737
82766 27270 73282
73282 27270 82766
27270 73282 82766
128019 12701 101242
12701 101242 128019
101242 12701 128019
63939 71144 114207
71144 63939 114207
114207 63939 71144
49385 36178 86824
36178 49385 86824
86824 36178 49385
64398 106792 130266
106792 64398 130266
130266 64398 106792
100684 25476 58320
25476 58320 100684
58320 25476 100684
32456 20244 28831
28831 20244 32456
20244 28831 32456
149513 15605 55735
55735 15605 149513
15605 55735 149513
109891 37608 74515
74515 37608 109891
37608 74515 109891
44798 67861 102406
67861 44798 102406
102406 44798 67861
46110 72202 120110
120110 46110 72202
72202 46110 120110
139548 16533 34666
34666 16533 139548
16533 34666 139548
113792 58906 104848
58906 104848 113792
104848 58906 113792
78815 90951 122187
122187 78815 90951
90951 78815 122187
4915 20302 97344
20302 4915 97344
97344 4915 20302
126883 10573 118859
118859 10573 126883
10573 118859 126883
130679 16861 49382
16861 49382 130679
49382 16861 130679
134689 19025 71527
19025 71527 134689
71527 19025 134689
130323 5745 139933
139933 5745 130323
5745 130323 139933
107673 13979 136118
13979 107673 136118
136118 13979 107673
87664 34265 82690
82690 34265 87664
34265 82690 87664
32784 57702 62675
62675 32784 57702
57702 32784 62675
57340 2071 122370
2071 57340 122370
122370 2071 57340
58002 46638 138162
46638 58002 138162
138162 46638 58002
12634 2238 125749
125749 2238 12634
2238 12634 125749
8699 21603 142683
142683 8699 21603
21603 8699 142683
55117 99437 129805
99437 55117 129805
129805 55117 99437
18012 8831 35379
8831 18012 35379
35379 8831 18012
72196 39750 139583
39750 72196 139583
139583 39750 72196
106853 130850 145527
145527 106853 130850
130850 106853 145527
101531 15355 16793
15355 16793 101531
16793 15355 101531
18232 31283 93850
93850 18232 31283
31283 18232 93850
118081 3682 130728
3682 118081 130728
130728 3682 118081
48433 36299 90726
90726 36299 48433
36299 48433 90726
5515 9958 97979
97979 5515 9958
9958 5515 97979
6092 4967 126420
4967 6092 126420
126420 4967 6092
70155 26664 141828
26664 70155 141828
141828 26664 70155
5046 1816 47551
1816 5046 47551
47551 1816 5046
28673 66561 75822
75822 28673 66561
66561 28673 75822
68146 97817 132774
97817 68146 132774
132774 68146 97817
31156 62480 84182
62480 31156 84182
84182 31156 62480
60959 35545 47811
35545 47811 60959
47811 35545 60959
83820 65574 95636
95636 65574 83820
65574 83820 95636
1587 97684 129834
129834 1587 97684
97684 1587 129834
96083 39066 132205
39066 96083 132205
132205 39066 96083
59435 23703 63944
63944 23703 59435
23703 59435 63944
7997 43024 60992
43024 7997 60992
60992 7997 43024
149684 43929 127204
127204 43929 149684
43929 127204 149684
141403 66766 78585
78585 66766 141403
66766 78585 141403
71675 39996 109291
39996 71675 109291
109291 39996 71675
116550 12313 140806
140806 12313 116550
12313 116550 140806
37751 30864 59485
59485 30864 37751
30864 37751 59485
17063 44369 102742
102742 17063 44369
44369 17063 102742
120837 23003 43820
43820 23003 120837
23003 43820 120837
32494 34565 111159
111159 32494 34565
34565 32494 111159
50831 30297 52093
30297 50831 52093
52093 30297 50831
64838 45466 79162
45466 64838 79162
79162 45466 64838
38533 25083 131599
131599 25083 38533
25083 38533 131599
116485 31108 47011
47011 31108 116485
31108 47011 116485
72526 115339 134527
134527 72526 115339
115339 72526 134527
127280 75496 136670
136670 75496 127280
75496 127280 136670
2676 60724 119698
119698 2676 60724
60724 2676 119698
137146 18046 91517
91517 18046 137146
18046 91517 137146
75914 5383 85543
5383 75914 85543
85543 5383 75914
2465 126620 133770
133770 2465 126620
126620 2465 133770
52697 48859 109107
48859 52697 109107
109107 48859 52697
12279 1708 59098
1708 12279 59098
59098 1708 12279
143349 66551 139415
139415 66551 143349
66551 139415 143349
124422 97682 125905
125905 97682 124422
97682 124422 125905
74418 29141 85148
29141 74418 85148
85148 29141 74418
29158 87926 127584
127584 29158 87926
87926 29158 127584
22791 51866 104534
104534 22791 51866
51866 22791 104534
41084 125013 141103
125013 41084 141103
141103 41084 125013
73366 12518 127932
127932 12518 73366
12518 73366 127932
99057 100180 137567
100180 99057 137567
137567 99057 100180
54516 14820 92753
14820 54516 92753
92753 14820 54516
146294 57278 124218
124218 57278 146294
57278 124218 146294
67849 23177 52740
52740 23177 67849
23177 52740 67849
33740 3654 112041
112041 3654 33740
3654 33740 112041
41482 98969 110174
110174 41482 98969
98969 41482 110174
53286 26560 102017
102017 26560 53286
26560 53286 102017
23467 44897 104815
44897 23467 104815
104815 23467 44897
128139 10951 125758
10951 125758 128139
125758 10951 128139
122101 43335 63497
63497 43335 122101
43335 63497 122101
143631 2175 57754
2175 57754 143631
57754 2175 143631
98875 104827 113587
113587 98875 104827
104827 98875 113587
99670 78407 104872
104872 78407 99670
78407 99670 104872
44840 1803 58902
1803 44840 58902
58902 1803 44840
79361 18270 99586
99586 18270 79361
18270 79361 99586
37906 13940 133620
13940 37906 133620
133620 13940 37906
27190 51519 78680
51519 27190 78680
78680 27190 51519
21196 5548 31893
5548 21196 31893
31893 5548 21196
8995 119331 144182
119331 8995 144182
144182 8995 119331
107533 67280 112494
112494 67280 107533
67280 107533 112494
7947 47095 118412
118412 7947 47095
47095 7947 118412
98870 1440 99720
99720 1440 98870
1440 98870 99720
132692 7586 19295
19295 7586 132692
7586 19295 132692
33982 17003 63818
17003 33982 63818
63818 17003 33982
45737 45890 104767
104767 45737 45890
45890 45737 104767
44899 17747 142899
17747 44899 142899
142899 17747 44899
89763 67000 97747
97747 67000 89763
67000 89763 97747
96390 1935 63418
1935 63418 96390
63418 1935 96390
125654 46078 96170
46078 96170 125654
96170 46078 125654
43529 20126 55033
20126 43529 55033
55033 20126 43529
6342 61068 101223
101223 6342 61068
61068 6342 101223
99976 132546 142436
142436 99976 132546
132546 99976 142436
141892 11408 149505
11408 141892 149505
149505 11408 141892
52464 100917 137500
100917 52464 137500
137500 52464 100917
115946 45966 129839
129839 45966 115946
45966 115946 129839
102477 94445 103442
94445 102477 103442
103442 94445 102477
116326 127067 145449
145449 116326 127067
127067 116326 145449
79524 21824 104913
21824 79524 104913
104913 21824 79524
8035 130161 138016
138016 8035 130161
130161 8035 138016
145115 34924 66583
34924 66583 145115
66583 34924 145115
16374 133727 142599
133727 16374 142599
142599 16374 133727
16076 23756 39442
39442 16076 23756
23756 16076 39442
12456 31690 96192
96192 12456 31690
31690 12456 96192
30198 28291 144428
28291 30198 144428
144428 28291 30198
31912 98996 107374
98996 31912 107374
107374 31912 98996
40339 14826 125092
125092 14826 40339
14826 40339 125092
97806 1101 51578
51578 1101 97806
1101 51578 97806
135667 6133 30543
6133 30543 135667
30543 6133 135667
42810 25635 135748
135748 25635 42810
25635 42810 135748
69314 96851 133366
133366 69314 96851
96851 69314 133366
65611 3702 10739
10739 3702 65611
3702 10739 65611
42614 256 559
559 256 42614
256 559 42614
92507 1438 130657
1438 92507 130657
130657 1438 92507
53752 20800 46828
46828 20800 53752
20800 46828 53752
78299 30521 124414
124414 30521 78299
30521 78299 124414
93211 99271 100004
99271 93211 100004
100004 93211 99271
58772 7136 143082
143082 7136 58772
7136 58772 143082
109553 57978 147467
57978 109553 147467
147467 57978 109553
38494 22267 71195
22267 38494 71195
71195 22267 38494
38226 37323 59243
59243 37323 38226
37323 38226 59243
49112 70774 110500
110500 49112 70774
70774 49112 110500
18565 898 42277
42277 898 18565
898 18565 42277
36464 99231 125727
125727 36464 99231
99231 36464 125727
80417 10044 82060
10044 80417 82060
82060 10044 80417
5082 116673 131170
131170 5082 116673
116673 5082 131170
141056 444 70405
444 70405 141056
70405 444 141056
118190 13588 139736
139736 13588 118190
13588 118190 139736
60729 88037 92817
88037 60729 92817
92817 60729 88037
74945 50641 52400
50641 52400 74945
52400 50641 74945
105140 11929 135115
135115 11929 105140
11929 105140 135115
46108 38286 149654
38286 46108 149654
149654 38286 46108
50735 116544 143872
116544 50735 143872
143872 50735 116544
108948 20019 51882
20019 51882 108948
51882 20019 108948
59936 3109 89610
3109 59936 89610
89610 3109 59936
130408 81142 137074
81142 130408 137074
137074 81142 130408
45693 1126 65850
65850 1126 45693
1126 45693 65850
62398 6305 142400
142400 6305 62398
6305 62398 142400
79019 70486 95695
95695 70486 79019
70486 79019 95695
125708 117901 148430
148430 117901 125708
117901 125708 148430
89633 67574 99126
67574 89633 99126
99126 67574 89633
519 16550 56179
16550 519 56179
56179 519 16550
140881 38525 59256
59256 38525 140881
38525 59256 140881
37484 48069 128540
128540 37484 48069
48069 37484 128540
103440 19626 137807
19626 103440 137807
137807 19626 103440
107690 52191 119200
52191 107690 119200
119200 52191 107690
17657 26948 67436
67436 17657 26948
26948 17657 67436
78151 51104 62696
62696 51104 78151
51104 62696 78151
132496 32112 49269
49269 32112 132496
32112 49269 132496
25294 80502 120419
80502 25294 120419
120419 25294 80502
123744 73353 121953
121953 73353 123744
73353 121953 123744
4451 14168 119202
119202 4451 14168
14168 4451 119202
15970 27455 115543
27455 15970 115543
115543 15970 27455
15799 99947 101831
101831 15799 99947
99947 15799 101831
130609 127688 133950
133950 127688 130609
127688 130609 133950
126825 82103 117525
117525 82103 126825
82103 117525 126825
98642 36399 84957
36399 84957 98642
84957 36399 98642
98980 21711 117769
21711 98980 117769
117769 21711 98980
70727 39602 76350
76350 39602 70727
39602 70727 76350
148296 45043 129344
129344 45043 148296
45043 129344 148296
118602 77752 143297
77752 118602 143297
143297 77752 118602
115277 68217 131498
68217 115277 131498
131498 68217 115277
70387 14402 29269
29269 14402 70387
14402 29269 70387
7324 111021 129497
129497 7324 111021
111021 7324 129497
50742 39266 123947
123947 39266 50742
39266 50742 123947
11700 75342 132422
75342 11700 132422
132422 11700 75342
130107 84470 149485
84470 130107 149485
149485 84470 130107
114152 26022 119808
119808 26022 114152
26022 114152 119808
124428 69860 145844
145844 69860 124428
69860 124428 145844
71804 71853 79726
79726 71804 71853
71853 71804 79726
108525 11269 24947
24947 11269 108525
11269 24947 108525
97548 2413 140042
140042 2413 97548
2413 97548 140042
145828 48725 76001
76001 48725 145828
48725 76001 145828
47891 58568 117359
117359 47891 58568
58568 47891 117359
51893 68235 72665
68235 51893 72665
72665 51893 68235
19946 91549 99430
99430 19946 91549
91549 19946 99430
66826 33966 120318
33966 66826 120318
120318 33966 66826
111936 15162 129633
15162 111936 129633
129633 15162 111936
16824 107724 116676
116676 16824 107724
107724 16824 116676
43933 57766 69040
57766 43933 69040
69040 43933 57766
37241 14737 18892
14737 18892 37241
18892 14737 37241
70558 108352 111300
111300 70558 108352
108352 70558 111300
36190 82141 115993
115993 36190 82141
82141 36190 115993
59046 30436 52133
52133 30436 59046
30436 52133 59046
83274 18481 68122
68122 18481 83274
18481 68122 83274
121644 1550 126634
126634 1550 121644
1550 121644 126634
145743 35433 95665
95665 35433 145743
35433 95665 145743
89611 78879 84731
84731 78879 89611
78879 84731 89611
99557 58086 105431
58086 99557 105431
105431 58086 99557
144983 80839 115818
80839 115818 144983
115818 80839 144983
32384 24720 61465
61465 24720 32384
24720 32384 61465
80051 71856 112883
112883 71856 80051
71856 80051 112883
4222 28823 81979
28823 4222 81979
81979 4222 28823
95197 34262 83187
34262 83187 95197
83187 34262 95197
65600 10735 145194
145194 10735 65600
10735 65600 145194
24307 55216 100769
100769 24307 55216
55216 24307 100769
81904 37937 145657
145657 37937 81904
37937 81904 145657
71109 41955 121154
121154 41955 71109
41955 71109 121154
93612 31668 81097
31668 81097 93612
81097 31668 93612
70948 37786 73466
73466 37786 70948
37786 70948 73466
48857 56114 114063
114063 48857 56114
56114 48857 114063
9650 42015 73630
42015 9650 73630
73630 9650 42015
51661 33371 117961
117961 33371 51661
33371 51661 117961
34232 8220 144804
8220 34232 144804
144804 8220 34232
990 9968 85840
9968 990 85840
85840 990 9968
103396 115770 143674
115770 103396 143674
143674 103396 115770
20128 92124 111358
92124 20128 111358
111358 20128 92124
77995 23928 83310
23928 77995 83310
83310 23928 77995
106406 7078 128225
7078 106406 128225
128225 7078 106406
108639 3452 99843
99843 3452 108639
3452 99843 108639
52603 16548 31309
31309 16548 52603
16548 31309 52603
4026 13177 134250
13177 4026 134250
134250 4026 13177
1758 20098 80645
20098 1758 80645
80645 1758 20098
116389 63156 101896
101896 63156 116389
63156 101896 116389
18548 6197 95106
95106 6197 18548
6197 18548 95106
78793 80341 130330
130330 78793 80341
80341 78793 130330
104660 9985 37519
37519 9985 104660
9985 37519 104660
64633 72977 122973
122973 64633 72977
72977 64633 122973
118638 112970 126034
112970 118638 126034
126034 112970 118638
17193 20028 127952
20028 17193 127952
127952 17193 20028
112350 72265 83911
83911 72265 112350
72265 83911 112350
1580 77854 93950
77854 1580 93950
93950 1580 77854
113045 128806 147372
147372 113045 128806
128806 113045 147372
40819 31219 132318
132318 31219 40819
31219 40819 132318
47963 79772 98736
98736 47963 79772
79772 47963 98736
97904 124009 128386
124009 97904 128386
128386 97904 124009
138530 126380 139747
126380 138530 139747
139747 126380 138530
147003 22956 22998
22956 22998 147003
22998 22956 147003
28145 63283 70924
63283 28145 70924
70924 28145 63283
48224 4120 119268
119268 4120 48224
4120 48224 119268
14987 24377 62453
62453 14987 24377
24377 14987 62453
100973 31131 92675
31131 92675 100973
92675 31131 100973
79596 50095 105369
105369 50095 79596
50095 79596 105369
55481 65224 65871
65224 55481 65871
65871 55481 65224
145977 9186 41416
9186 41416 145977
41416 9186 145977
21803 20376 43136
43136 20376 21803
20376 21803 43136
143848 34921 144116
34921 143848 144116
144116 34921 143848
145054 54431 72956
54431 72956 145054
72956 54431 145054
82639 20496 139673
20496 82639 139673
139673 20496 82639
82193 56415 106646
56415 82193 106646
106646 56415 82193
3993 4899 130939
4899 3993 130939
130939 3993 4899
31142 122782 125534
122782 31142 125534
125534 31142 122782
45118 57281 85567
85567 45118 57281
57281 45118 85567
12613 75702 121925
121925 12613 75702
75702 12613 121925
81729 5235 66961
66961 5235 81729
5235 66961 81729
111748 126265 142151
126265 111748 142151
142151 111748 126265
15640 19533 70632
19533 15640 70632
70632 15640 19533
31070 67693 113793
67693 31070 113793
113793 31070 67693
19250 91914 107893
91914 19250 107893
107893 19250 91914
118168 64026 144079
144079 64026 118168
64026 118168 144079
5158 35817 102234
102234 5158 35817
35817 5158 102234
97424 29797 46159
46159 29797 97424
29797 46159 97424
17889 40245 100754
100754 17889 40245
40245 17889 100754
145362 75071 87118
87118 75071 145362
75071 87118 145362
65740 59949 138518
138518 59949 65740
59949 65740 138518
83177 57091 92407
92407 57091 83177
57091 83177 92407
68185 95579 130769
130769 68185 95579
95579 68185 130769
121972 54228 103676
54228 103676 121972
103676 54228 121972
26835 91883 137876
137876 26835 91883
91883 26835 137876
1048 73190 77888
73190 1048 77888
77888 1048 73190
140374 144156 145962
145962 140374 144156
144156 140374 145962
144756 60900 65018
65018 60900 144756
60900 65018 144756
94165 75261 143873
75261 94165 143873
143873 75261 94165
92290 31312 138450
31312 92290 138450
138450 31312 92290
91320 7326 16165
16165 7326 91320
7326 16165 91320
54495 45490 61795
45490 54495 61795
61795 45490 54495
107241 79085 116981
116981 79085 107241
79085 107241 116981
26404 23931 98685
98685 23931 26404
23931 26404 98685
49902 99630 128747
99630 49902 128747
128747 49902 99630
144731 42371 97853
97853 42371 144731
42371 97853 144731
80138 61224 62602
62602 61224 80138
61224 62602 80138
71478 110799 147062
147062 71478 110799
110799 71478 147062
113256 16920 51094
51094 16920 113256
16920 51094 113256
9666 101002 149564
101002 9666 149564
149564 9666 101002
113165 18837 105980
18837 105980 113165
105980 18837 113165
3166 92260 139724
139724 3166 92260
92260 3166 139724
134774 70684 83011
70684 83011 134774
83011 70684 134774
137231 25069 142470
25069 137231 142470
142470 25069 137231
56602 41344 55496
55496 41344 56602
41344 55496 56602
47307 136331 143988
136331 47307 143988
143988 47307 136331
55635 25189 109863
109863 25189 55635
25189 55635 109863
49914 75194 90027
75194 49914 90027
90027 49914 75194
55748 66036 110208
110208 55748 66036
66036 55748 110208
85546 26750 72637
72637 26750 85546
26750 72637 85546
118076 12250 87059
87059 12250 118076
12250 87059 118076
30635 48365 68837
48365 30635 68837
68837 30635 48365
143071 16626 75381
75381 16626 143071
16626 75381 143071
149876 48325 51431
51431 48325 149876
48325 51431 149876
97045 103671 113326
113326 97045 103671
103671 97045 113326
42878 8371 84165
8371 42878 84165
84165 8371 42878
1274 7240 30339
7240 1274 30339
30339 1274 7240
57448 4762 79647
79647 4762 57448
4762 57448 79647
133178 46160 81774
46160 81774 133178
81774 46160 133178
2916 115443 118731
118731 2916 115443
115443 2916 118731
97328 3126 10528
3126 10528 97328
10528 3126 97328
137637 7819 130269
130269 7819 137637
7819 130269 137637
99034 58721 125276
58721 99034 125276
125276 58721 99034
13454 39342 57306
57306 13454 39342
39342 13454 57306
38144 2598 117451
2598 38144 117451
117451 2598 38144
41176 129954 138510
129954 41176 138510
138510 41176 129954
17327 67822 114761
114761 17327 67822
67822 17327 114761
122685 73890 121699
121699 73890 122685
73890 121699 122685
16836 13874 132816
13874 16836 132816
132816 13874 16836
53173 52662 63476
52662 53173 63476
63476 52662 53173
67160 77318 122814
122814 67160 77318
77318 67160 122814
72290 65416 100692
65416 72290 100692
100692 65416 72290
35315 11586 61859
61859 11586 35315
11586 35315 61859
48996 84011 137439
137439 48996 84011
84011 48996 137439
71261 89879 94126
89879 71261 94126
94126 71261 89879
124189 62298 63263
62298 63263 124189
63263 62298 124189
25044 136131 137054
137054 25044 136131
136131 25044 137054
64316 58380 90560
90560 58380 64316
58380 64316 90560
31351 31565 148291
31565 31351 148291
148291 31351 31565
106785 28882 29999
29999 28882 106785
28882 29999 106785
143181 4868 29467
29467 4868 143181
4868 29467 143181
18925 45576 67419
45576 18925 67419
67419 18925 45576
65997 89127 100428
100428 65997 89127
89127 65997 100428
40570 5563 80649
80649 5563 40570
5563 40570 80649
65151 31765 114105
114105 31765 65151
31765 65151 114105
37411 98446 146634
98446 37411 146634
146634 37411 98446
107382 30618 55573
55573 30618 107382
30618 55573 107382
109565 21276 59942
21276 59942 109565
59942 21276 109565
135690 31611 35683
35683 31611 135690
31611 35683 135690
41339 63582 97660
97660 41339 63582
63582 41339 97660
3748 125356 140431
140431 3748 125356
125356 3748 140431
36039 61462 69426
61462 36039 69426
69426 36039 61462
44406 88290 95694
95694 44406 88290
88290 44406 95694
77867 21941 107805
107805 21941 77867
21941 77867 107805
85834 8623 126274
126274 8623 85834
8623 85834 126274
31408 68642 74405
74405 31408 68642
68642 31408 74405
68560 111071 130500
111071 68560 130500
130500 68560 111071
127085 4339 149939
4339 127085 149939
149939 4339 127085
66726 16079 126095
126095 16079 66726
16079 66726 126095
63049 116180 126739
126739 63049 116180
116180 63049 126739
54371 24062 58875
24062 54371 58875
58875 24062 54371
33004 6556 28404
6556 28404 33004
28404 6556 33004
3799 41002 113157
41002 3799 113157
113157 3799 41002
16293 71337 106966
71337 16293 106966
106966 16293 71337
113217 89210 135188
135188 89210 113217
89210 113217 135188
81279 23385 85223
23385 81279 85223
85223 23385 81279
121118 38754 55164
55164 38754 121118
38754 55164 121118
8924 24078 50978
24078 8924 50978
50978 8924 24078
41817 23999 45412
45412 23999 41817
23999 41817 45412
54180 2230 57906
57906 2230 54180
2230 54180 57906
94804 21031 145755
21031 94804 145755
145755 21031 94804
31994 10279 18601
18601 10279 31994
10279 18601 31994
137480 4542 14089
14089 4542 137480
4542 14089 137480
59896 15057 105717
105717 15057 59896
15057 59896 105717
29909 29419 135930
135930 29419 29909
29419 29909 135930
10384 27188 130409
130409 10384 27188
27188 10384 130409
102952 81361 140108
81361 102952 140108
140108 81361 102952
131825 10017 38339
38339 10017 131825
10017 38339 131825
129769 28195 63846
63846 28195 129769
28195 63846 129769
147055 45090 56607
45090 56607 147055
56607 45090 147055
86389 66731 67840
66731 67840 86389
67840 66731 86389
79184 47393 118362
118362 47393 79184
47393 79184 118362
38627 71906 149038
71906 38627 149038
149038 38627 71906
28788 45747 71156
45747 28788 71156
71156 28788 45747
30980 42259 123318
42259 30980 123318
123318 30980 42259
82454 960 19329
960 19329 82454
19329 960 82454
40074 46738 131774
46738 40074 131774
131774 40074 46738
98441 24665 144069
144069 24665 98441
24665 98441 144069
105835 35136 57137
57137 35136 105835
35136 57137 105835
18664 72952 139946
72952 18664 139946
139946 18664 72952
134473 41496 109169
109169 41496 134473
41496 109169 134473
101662 47289 129339
129339 47289 101662
47289 101662 129339
5365 111346 140436
140436 5365 111346
111346 5365 140436
112022 35198 37981
35198 37981 112022
37981 35198 112022
73640 16480 123197
123197 16480 73640
16480 73640 123197
85771 53433 94522
94522 53433 85771
53433 85771 94522
146288 81539 106409
81539 106409 146288
106409 81539 146288
119931 29480 76380
76380 29480 119931
29480 76380 119931
100617 14788 107344
14788 100617 107344
107344 14788 100617
146949 100427 105694
100427 105694 146949
105694 100427 146949
37224 51055 105099
51055 37224 105099
105099 37224 51055
118581 29773 107680
107680 29773 118581
29773 107680 118581
104112 87846 112123
112123 87846 104112
87846 104112 112123
137995 69951 116421
69951 116421 137995
116421 69951 137995
125664 54861 63636
63636 54861 125664
54861 63636 125664
22470 32464 36462
32464 22470 36462
36462 22470 32464
25088 10617 58576
58576 10617 25088
10617 25088 58576
70165 17856 28313
17856 28313 70165
28313 17856 70165
59807 33189 39372
39372 33189 59807
33189 39372 59807
61318 53703 61750
53703 61318 61750
61750 53703 61318
145344 15845 68381
68381 15845 145344
15845 68381 145344
51852 14126 60852
14126 51852 60852
60852 14126 51852
78147 41417 70760
41417 70760 78147
70760 41417 78147
125089 74377 93343
74377 93343 125089
93343 74377 125089
49760 49949 126509
49949 49760 126509
126509 49760 49949
1836 19921 22409
22409 1836 19921
19921 1836 22409
57427 49262 52583
49262 52583 57427
52583 49262 57427
16960 14307 95361
14307 16960 95361
95361 14307 16960
98064 28305 143712
143712 28305 98064
28305 98064 143712
50237 12007 112732
12007 50237 112732
112732 12007 50237
35771 40084 90340
90340 35771 40084
40084 35771 90340
140583 61797 98762
98762 61797 140583
61797 98762 140583
143370 45745 102356
102356 45745 143370
45745 102356 143370
72536 2817 85266
2817 72536 85266
85266 2817 72536
89266 19614 36514
36514 19614 89266
19614 36514 89266
39312 19014 128018
128018 19014 39312
