64375 77952 134924
134924 64375 77952
77952 64375 134924
38068 36528 84217
36528 38068 84217
84217 36528 38068
16639 45235 108083
45235 16639 108083
108083 16639 45235
142629 44134 89370
44134 89370 142629
89370 44134 142629
97050 43940 53466
53466 43940 97050
43940 53466 97050
59364 20036 78023
20036 59364 78023
78023 20036 59364
58836 8644 70097
8644 58836 70097
70097 8644 58836
147264 91459 137751
91459 137751 147264
137751 91459 147264
46797 8820 79465
79465 8820 46797
8820 46797 79465
66393 26157 41515
26157 41515 66393
41515 26157 66393
26682 78489 99613
99613 26682 78489
78489 26682 99613
106137 58216 137520
137520 58216 106137
58216 106137 137520
5369 47434 128081
128081 5369 47434
47434 5369 128081
6311 75297 101617
101617 6311 75297
75297 6311 101617
86109 14624 70043
70043 14624 86109
14624 70043 86109
93288 50070 149399
149399 50070 93288
50070 93288 149399
149180 27537 35973
27537 35973 149180
35973 27537 149180
128008 36096 94324
94324 36096 128008
36096 94324 128008
16003 24516 95460
24516 16003 95460
95460 16003 24516
3302 27913 131803
131803 3302 27913
27913 3302 131803
53947 1417 87218
1417 53947 87218
87218 1417 53947
37050 76343 146711
146711 37050 76343
76343 37050 146711
73119 23245 140212
23245 73119 140212
140212 23245 73119
147226 61076 87322
87322 61076 147226
61076 87322 147226
85421 11710 134936
134936 11710 85421
11710 85421 134936
46617 97263 98070
97263 46617 98070
98070 46617 97263
99325 40160 133989
133989 40160 99325
40160 99325 133989
149781 20882 48958
48958 20882 149781
20882 48958 149781
117836 66831 110260
110260 66831 117836
66831 110260 117836
21652 9181 128422
128422 9181 21652
9181 21652 128422
119901 147456 148274
147456 119901 148274
148274 119901 147456
119869 52465 82785
52465 82785 119869
82785 52465 119869
75336 104869 146388
104869 75336 146388
146388 75336 104869
131954 33645 51046
33645 51046 131954
51046 33645 131954
147528 46847 95467
46847 95467 147528
95467 46847 147528
7104 45077 133577
45077 7104 133577
133577 7104 45077
77756 68548 111479
68548 77756 111479
111479 68548 77756
42430 25800 50263
50263 25800 42430
25800 42430 50263
10259 81322 134596
134596 10259 81322
81322 10259 134596
19426 9926 145858
145858 9926 19426
9926 19426 145858
129136 13813 94005
94005 13813 129136
13813 94005 129136
74384 12718 56774
12718 56774 74384
56774 12718 74384
121399 18334 64291
18334 64291 121399
64291 18334 121399
137120 6182 77438
77438 6182 137120
6182 77438 137120
121207 40813 76309
76309 40813 121207
40813 76309 121207
56682 21248 143174
143174 21248 56682
21248 56682 143174
66142 65919 143631
143631 65919 66142
65919 66142 143631
81828 33631 134399
33631 81828 134399
134399 33631 81828
143920 130165 136552
130165 136552 143920
136552 130165 143920
1015 19073 62859
19073 1015 62859
62859 1015 19073
105984 78338 122203
78338 105984 122203
122203 78338 105984
37913 28967 73325
28967 37913 73325
73325 28967 37913
132035 38617 88072
88072 38617 132035
38617 88072 132035
117677 50496 100437
50496 100437 117677
100437 50496 117677
100635 6165 79749
6165 79749 100635
79749 6165 100635
49696 112423 120680
112423 49696 120680
120680 49696 112423
29069 28937 71183
28937 29069 71183
71183 28937 29069
23921 8118 120763
8118 23921 120763
120763 8118 23921
103293 28727 48210
28727 48210 103293
48210 28727 103293
122903 8359 148714
8359 122903 148714
148714 8359 122903
96717 30164 115965
115965 30164 96717
30164 96717 115965
9935 3516 111640
3516 9935 111640
111640 3516 9935
46587 26116 122389
26116 46587 122389
122389 26116 46587
112411 3717 42455
42455 3717 112411
3717 42455 112411
2554 58834 76666
76666 2554 58834
58834 2554 76666
30719 99384 103339
99384 30719 103339
103339 30719 99384
93401 52881 140557
52881 93401 140557
140557 52881 93401
98355 57844 146680
57844 98355 146680
146680 57844 98355
149030 47656 133028
133028 47656 149030
47656 133028 149030
33267 60147 74116
60147 33267 74116
74116 33267 60147
55469 71867 74700
71867 55469 74700
74700 55469 71867
4181 16344 119885
16344 4181 119885
119885 4181 16344
120004 66290 135045
135045 66290 120004
66290 120004 135045
9936 13977 65819
65819 9936 13977
13977 9936 65819
56459 112453 138692
138692 56459 112453
112453 56459 138692
146285 60769 74007
74007 60769 146285
60769 74007 146285
52243 50424 147536
147536 50424 52243
50424 52243 147536
99125 27083 27516
27083 27516 99125
27516 27083 99125
98308 61903 75172
75172 61903 98308
61903 75172 98308
121210 77914 98982
77914 98982 121210
98982 77914 121210
140091 42872 133695
133695 42872 140091
42872 133695 140091
136985 53647 116645
53647 116645 136985
116645 53647 136985
106850 54115 60669
54115 60669 106850
60669 54115 106850
93428 68729 100997
68729 93428 100997
100997 68729 93428
5430 1643 6511
6511 1643 5430
1643 5430 6511
143118 116720 120928
116720 120928 143118
120928 116720 143118
36323 38544 125744
125744 36323 38544
38544 36323 125744
52874 131889 145881
131889 52874 145881
145881 52874 131889
26607 2847 108717
2847 26607 108717
108717 2847 26607
62638 48476 120810
120810 48476 62638
48476 62638 120810
37838 66235 134173
134173 37838 66235
66235 37838 134173
78555 102940 134235
102940 78555 134235
134235 78555 102940
32974 58784 124235
58784 32974 124235
124235 32974 58784
91177 45494 148605
45494 91177 148605
148605 45494 91177
92017 4897 37364
4897 37364 92017
37364 4897 92017
138617 28754 141584
28754 138617 141584
141584 28754 138617
29276 102297 130274
130274 29276 102297
102297 29276 130274
49793 14094 28342
28342 14094 49793
14094 28342 49793
85695 59063 92488
92488 59063 85695
59063 85695 92488
74515 84 33367
33367 84 74515
84 33367 74515
117035 70788 111140
111140 70788 117035
70788 111140 117035
27053 54906 112405
54906 27053 112405
112405 27053 54906
128952 11746 140263
11746 128952 140263
140263 11746 128952
128593 58575 86582
58575 86582 128593
86582 58575 128593
55233 8688 38051
38051 8688 55233
8688 38051 55233
13088 47156 100435
47156 13088 100435
100435 13088 47156
126178 55838 149583
55838 126178 149583
149583 55838 126178
102957 33768 82385
82385 33768 102957
33768 82385 102957
37090 57807 121309
57807 37090 121309
121309 37090 57807
30942 81270 125028
81270 30942 125028
125028 30942 81270
23884 86483 131797
86483 23884 131797
131797 23884 86483
20917 29175 143126
143126 20917 29175
29175 20917 143126
132551 109491 114294
109491 114294 132551
114294 109491 132551
82677 94694 107119
107119 82677 94694
94694 82677 107119
59037 64535 103809
103809 59037 64535
64535 59037 103809
64561 4807 83486
4807 64561 83486
83486 4807 64561
97320 20782 142831
20782 97320 142831
142831 20782 97320
128642 67989 91333
91333 67989 128642
67989 91333 128642
23337 103045 147757
103045 23337 147757
147757 23337 103045
118439 24534 96741
24534 96741 118439
96741 24534 118439
64240 86706 127492
86706 64240 127492
127492 64240 86706
44259 19632 73593
19632 44259 73593
73593 19632 44259
71813 1073 54562
54562 1073 71813
1073 54562 71813
9158 121806 129515
129515 9158 121806
121806 9158 129515
101249 85669 121474
121474 85669 101249
85669 101249 121474
131377 39518 137090
39518 131377 137090
137090 39518 131377
3539 4036 123121
123121 3539 4036
4036 3539 123121
118726 95056 96682
95056 96682 118726
96682 95056 118726
41517 67016 88375
67016 41517 88375
88375 41517 67016
77107 30478 104599
104599 30478 77107
30478 77107 104599
67196 68529 129685
129685 67196 68529
68529 67196 129685
19116 75257 126519
126519 19116 75257
75257 19116 126519
58365 80761 88693
80761 58365 88693
88693 58365 80761
47736 89926 94007
94007 47736 89926
89926 47736 94007
15343 21656 147298
21656 15343 147298
147298 15343 21656
68771 29462 33923
33923 29462 68771
29462 33923 68771
47375 53746 93631
93631 47375 53746
53746 47375 93631
11486 69514 145771
145771 11486 69514
69514 11486 145771
143150 18260 142086
142086 18260 143150
18260 142086 143150
97880 2173 16420
16420 2173 97880
2173 16420 97880
104893 5247 82870
5247 82870 104893
82870 5247 104893
22027 81488 144227
81488 22027 144227
144227 22027 81488
87198 22250 83475
83475 22250 87198
22250 83475 87198
76004 82465 89632
82465 76004 89632
89632 76004 82465
25582 47896 52383
52383 25582 47896
47896 25582 52383
35463 17220 138896
138896 17220 35463
17220 35463 138896
90529 30732 92117
92117 30732 90529
30732 90529 92117
13110 5016 20494
5016 13110 20494
20494 5016 13110
91096 101268 134956
134956 91096 101268
101268 91096 134956
110453 13951 79891
13951 79891 110453
79891 13951 110453
148382 72162 94044
72162 94044 148382
94044 72162 148382
59800 76600 145523
145523 59800 76600
76600 59800 145523
107549 80238 138002
80238 107549 138002
138002 80238 107549
87721 965 20732
20732 965 87721
965 20732 87721
38391 1293 48615
48615 1293 38391
1293 38391 48615
80662 54755 74764
54755 74764 80662
74764 54755 80662
90172 29279 33777
33777 29279 90172
29279 33777 90172
31429 33285 110384
33285 31429 110384
110384 31429 33285
16274 5974 31359
31359 5974 16274
5974 16274 31359
78996 31558 44256
31558 44256 78996
44256 31558 78996
33334 40551 74832
40551 33334 74832
74832 33334 40551
88462 21513 42474
21513 42474 88462
42474 21513 88462
74631 26692 94553
26692 74631 94553
94553 26692 74631
128598 49303 140217
140217 49303 128598
49303 128598 140217
67040 3390 64063
64063 3390 67040
3390 64063 67040
133106 131339 132266
131339 132266 133106
132266 131339 133106
88702 680 88611
680 88611 88702
88611 680 88702
99611 51191 93058
93058 51191 99611
51191 93058 99611
7449 14506 80305
14506 7449 80305
80305 7449 14506
102693 56403 134732
56403 102693 134732
134732 56403 102693
43917 31839 129534
31839 43917 129534
129534 31839 43917
97734 109399 142611
109399 97734 142611
142611 97734 109399
86683 99237 104502
99237 86683 104502
104502 86683 99237
25734 81157 85919
81157 25734 85919
85919 25734 81157
20303 102256 141085
102256 20303 141085
141085 20303 102256
70667 112194 142861
112194 70667 142861
142861 70667 112194
24533 720 109461
109461 720 24533
720 24533 109461
18288 4470 54868
54868 4470 18288
4470 18288 54868
27406 25056 130551
130551 25056 27406
25056 27406 130551
37527 20847 50366
50366 20847 37527
20847 37527 50366
91427 8147 39843
8147 39843 91427
39843 8147 91427
65339 35805 133644
35805 65339 133644
133644 35805 65339
138739 85353 107597
85353 107597 138739
107597 85353 138739
140540 43047 55030
43047 55030 140540
55030 43047 140540
124905 80718 83718
80718 83718 124905
83718 80718 124905
69176 95794 149701
149701 69176 95794
95794 69176 149701
140957 110863 114283
114283 110863 140957
110863 114283 140957
45317 71415 122272
122272 45317 71415
71415 45317 122272
32637 118390 143438
143438 32637 118390
118390 32637 143438
127510 136927 143886
136927 127510 143886
143886 127510 136927
123488 16476 82013
16476 82013 123488
82013 16476 123488
43875 2714 106738
2714 43875 106738
106738 2714 43875
43252 60098 123394
60098 43252 123394
123394 43252 60098
101983 62896 98036
98036 62896 101983
62896 98036 101983
5344 97097 120683
97097 5344 120683
120683 5344 97097
64840 9072 79792
79792 9072 64840
9072 64840 79792
102382 110882 148501
110882 102382 148501
148501 102382 110882
26710 64276 108739
64276 26710 108739
108739 26710 64276
91932 20911 61440
61440 20911 91932
20911 61440 91932
126236 15410 109535
109535 15410 126236
15410 109535 126236
79680 25671 66959
25671 66959 79680
66959 25671 79680
124 1631 114885
114885 124 1631
1631 124 114885
130425 109860 138619
138619 109860 130425
109860 130425 138619
118939 48961 140743
140743 48961 118939
48961 118939 140743
14768 97330 146081
146081 14768 97330
97330 14768 146081
2963 26775 116163
26775 2963 116163
116163 2963 26775
112176 40304 106377
106377 40304 112176
40304 106377 112176
43392 82280 94702
94702 43392 82280
82280 43392 94702
131180 140999 148541
140999 131180 148541
148541 131180 140999
124384 46353 127015
127015 46353 124384
46353 124384 127015
5086 1103 106803
1103 5086 106803
106803 1103 5086
119370 109395 119084
119084 109395 119370
109395 119084 119370
63747 43549 142692
142692 43549 63747
43549 63747 142692
146642 44488 87445
44488 87445 146642
87445 44488 146642
38352 47659 109822
47659 38352 109822
109822 38352 47659
27860 2140 54053
54053 2140 27860
2140 27860 54053
67760 3519 129024
129024 3519 67760
3519 67760 129024
48506 46652 118713
118713 46652 48506
46652 48506 118713
90686 45935 91466
45935 90686 91466
91466 45935 90686
135016 29373 124439
29373 124439 135016
124439 29373 135016
79388 20835 78870
78870 20835 79388
20835 78870 79388
44660 47459 107746
47459 44660 107746
107746 44660 47459
84003 18772 105959
18772 84003 105959
105959 18772 84003
98577 21473 111729
111729 21473 98577
21473 98577 111729
134573 100814 115281
115281 100814 134573
100814 115281 134573
62196 69404 86166
86166 62196 69404
69404 62196 86166
138172 718 126752
718 126752 138172
126752 718 138172
74479 52096 86505
52096 74479 86505
86505 52096 74479
21731 10768 92604
10768 21731 92604
92604 10768 21731
113990 38046 109439
38046 109439 113990
109439 38046 113990
91099 77606 129067
129067 77606 91099
77606 91099 129067
84259 66820 97642
97642 66820 84259
66820 84259 97642
115553 25010 137471
137471 25010 115553
25010 115553 137471
63351 21543 29900
29900 21543 63351
21543 29900 63351
125967 117339 136288
136288 117339 125967
117339 125967 136288
21916 18065 95109
95109 18065 21916
18065 21916 95109
95041 109464 142108
109464 95041 142108
142108 95041 109464
129323 13361 52659
13361 52659 129323
52659 13361 129323
128106 5729 11849
5729 11849 128106
11849 5729 128106
40396 133289 139936
133289 40396 139936
139936 40396 133289
98601 97899 107907
107907 97899 98601
97899 98601 107907
3196 28900 79366
79366 3196 28900
28900 3196 79366
50521 46112 130738
46112 50521 130738
130738 46112 50521
54880 50701 71802
71802 50701 54880
50701 54880 71802
140378 54635 107679
54635 107679 140378
107679 54635 140378
10128 16776 18553
18553 10128 16776
16776 10128 18553
4452 4709 62063
62063 4452 4709
4709 4452 62063
1583 65408 106923
65408 1583 106923
106923 1583 65408
119268 99261 105405
105405 99261 119268
99261 105405 119268
23013 91957 119297
119297 23013 91957
91957 23013 119297
58825 52755 104884
104884 52755 58825
52755 58825 104884
234 59369 146870
59369 234 146870
146870 234 59369
15525 7465 43013
7465 15525 43013
43013 7465 15525
46083 125376 149766
125376 46083 149766
149766 46083 125376
80860 73651 88291
73651 80860 88291
88291 73651 80860
59357 57870 94538
57870 59357 94538
94538 57870 59357
17792 28622 75470
75470 17792 28622
28622 17792 75470
111019 69434 89986
69434 89986 111019
89986 69434 111019
98539 107133 122562
107133 98539 122562
122562 98539 107133
104034 21407 65095
21407 65095 104034
65095 21407 104034
117415 47653 94107
47653 94107 117415
94107 47653 117415
148238 45008 64631
64631 45008 148238
45008 64631 148238
92629 6341 78832
6341 78832 92629
78832 6341 92629
12937 57335 108118
108118 12937 57335
57335 12937 108118
116479 82984 96195
82984 96195 116479
96195 82984 116479
52733 81766 141287
141287 52733 81766
81766 52733 141287
131355 13700 144808
144808 13700 131355
13700 131355 144808
148096 21962 125993
125993 21962 148096
21962 125993 148096
46426 35379 61720
35379 46426 61720
61720 35379 46426
87852 51163 121960
121960 51163 87852
51163 87852 121960
10820 18501 62574
62574 10820 18501
18501 10820 62574
62350 12650 39530
39530 12650 62350
12650 39530 62350
72780 86629 118845
118845 72780 86629
86629 72780 118845
141717 5930 13057
13057 5930 141717
5930 13057 141717
112485 91334 127154
91334 112485 127154
127154 91334 112485
125392 4417 128880
4417 125392 128880
128880 4417 125392
53497 67678 87956
67678 53497 87956
87956 53497 67678
26028 64862 70022
70022 26028 64862
64862 26028 70022
93585 32054 89747
32054 89747 93585
89747 32054 93585
69531 35731 93830
93830 35731 69531
35731 69531 93830
14434 104122 141373
104122 14434 141373
141373 14434 104122
2031 118269 130563
130563 2031 118269
118269 2031 130563
54560 31146 101638
31146 54560 101638
101638 31146 54560
87826 94030 106737
94030 87826 106737
106737 87826 94030
65620 52477 63406
63406 52477 65620
52477 63406 65620
128148 105461 149755
105461 128148 149755
149755 105461 128148
124909 20635 110273
110273 20635 124909
20635 110273 124909
146217 23717 65473
65473 23717 146217
23717 65473 146217
133516 42370 80920
80920 42370 133516
42370 80920 133516
1083 108713 137143
108713 1083 137143
137143 1083 108713
111591 81074 86153
81074 86153 111591
86153 81074 111591
130826 13269 67135
13269 67135 130826
67135 13269 130826
67309 48408 78251
78251 48408 67309
48408 67309 78251
83078 39430 127382
39430 83078 127382
127382 39430 83078
25109 108663 128644
128644 25109 108663
108663 25109 128644
143377 37899 108893
108893 37899 143377
37899 108893 143377
10741 19378 32723
19378 10741 32723
32723 10741 19378
118503 3775 48110
3775 48110 118503
48110 3775 118503
1716 40102 115112
115112 1716 40102
40102 1716 115112
38272 32076 140837
140837 32076 38272
32076 38272 140837
129615 38343 146546
38343 129615 146546
146546 38343 129615
7195 27335 137839
27335 7195 137839
137839 7195 27335
47172 44643 134006
44643 47172 134006
134006 44643 47172
39391 18715 126952
18715 39391 126952
126952 18715 39391
85989 16835 103923
103923 16835 85989
16835 85989 103923
37356 4306 143637
143637 4306 37356
4306 37356 143637
143486 60233 135356
60233 135356 143486
135356 60233 143486
55166 58567 65265
65265 55166 58567
58567 55166 65265
146109 31487 142427
142427 31487 146109
31487 142427 146109
43488 62646 112932
62646 43488 112932
112932 43488 62646
82767 40600 119786
40600 82767 119786
119786 40600 82767
138621 53273 123874
53273 123874 138621
123874 53273 138621
130698 124200 124406
124406 124200 130698
124200 124406 130698
122971 28504 138845
28504 122971 138845
138845 28504 122971
53014 72864 132574
72864 53014 132574
132574 53014 72864
103334 6895 69661
6895 69661 103334
69661 6895 103334
8303 16063 127375
127375 8303 16063
16063 8303 127375
40479 49246 73028
73028 40479 49246
49246 40479 73028
87213 68887 78367
78367 68887 87213
68887 78367 87213
133742 45974 82005
45974 82005 133742
82005 45974 133742
17983 4266 41290
41290 4266 17983
4266 17983 41290
134911 52478 149033
52478 134911 149033
149033 52478 134911
32221 61200 67300
61200 32221 67300
67300 32221 61200
36800 69819 100146
100146 36800 69819
69819 36800 100146
124777 15380 89220
89220 15380 124777
15380 89220 124777
57988 21768 40016
40016 21768 57988
21768 40016 57988
58750 17769 27911
17769 27911 58750
27911 17769 58750
72763 129318 133956
129318 72763 133956
133956 72763 129318
122681 92004 93204
92004 93204 122681
93204 92004 122681
42757 21032 96079
21032 42757 96079
96079 21032 42757
94422 117838 146647
146647 94422 117838
117838 94422 146647
55011 73096 143947
73096 55011 143947
143947 55011 73096
148060 18839 37451
37451 18839 148060
18839 37451 148060
1018 86355 108071
86355 1018 108071
108071 1018 86355
49847 125881 134349
125881 49847 134349
134349 49847 125881
39119 33795 140031
33795 39119 140031
140031 33795 39119
89584 83212 106480
106480 83212 89584
83212 89584 106480
35409 79785 82615
79785 35409 82615
82615 35409 79785
147435 29750 80808
29750 80808 147435
80808 29750 147435
7357 25456 51885
51885 7357 25456
25456 7357 51885
83237 69909 77587
69909 77587 83237
77587 69909 83237
27197 74796 118024
74796 27197 118024
118024 27197 74796
79451 52178 147196
147196 52178 79451
52178 79451 147196
52988 63832 119328
63832 52988 119328
119328 52988 63832
69530 39173 62064
39173 62064 69530
62064 39173 69530
73730 1842 120283
120283 1842 73730
1842 73730 120283
143269 15244 41372
15244 41372 143269
41372 15244 143269
113404 4345 140241
4345 113404 140241
140241 4345 113404
27830 94228 122102
122102 27830 94228
94228 27830 122102
818 30823 67293
30823 818 67293
67293 818 30823
46677 6447 147286
6447 46677 147286
147286 6447 46677
143348 7039 120950
120950 7039 143348
7039 120950 143348
66341 23506 105894
23506 66341 105894
105894 23506 66341
77269 36383 43605
43605 36383 77269
36383 43605 77269
69425 62492 145350
145350 62492 69425
62492 69425 145350
56831 11548 118420
118420 11548 56831
11548 56831 118420
139293 41413 117009
117009 41413 139293
41413 117009 139293
121346 92125 135619
92125 121346 135619
135619 92125 121346
82747 43374 149183
149183 43374 82747
43374 82747 149183
48095 35868 128883
35868 48095 128883
128883 35868 48095
67749 2033 38201
2033 38201 67749
38201 2033 67749
100548 99703 104115
104115 99703 100548
99703 100548 104115
95498 6681 39199
39199 6681 95498
6681 39199 95498
93090 11798 16531
11798 16531 93090
16531 11798 93090
146044 12254 61270
61270 12254 146044
12254 61270 146044
146813 19320 108987
19320 108987 146813
108987 19320 146813
52151 43996 69280
69280 43996 52151
43996 52151 69280
90406 34974 50800
50800 34974 90406
34974 50800 90406
114267 64029 137990
137990 64029 114267
64029 114267 137990
7554 126862 144261
144261 7554 126862
126862 7554 144261
78868 68396 134313
134313 68396 78868
68396 78868 134313
32861 10965 81913
10965 32861 81913
81913 10965 32861
87023 18421 31219
31219 18421 87023
18421 31219 87023
2242 1905 64759
64759 1905 2242
1905 2242 64759
114720 105543 126707
126707 105543 114720
105543 114720 126707
132226 91665 147163
91665 132226 147163
147163 91665 132226
41967 3085 94623
94623 3085 41967
3085 41967 94623
71260 76960 105403
105403 71260 76960
76960 71260 105403
147301 56893 108591
108591 56893 147301
56893 108591 147301
17548 34753 109074
34753 17548 109074
109074 17548 34753
146250 85935 110566
110566 85935 146250
85935 110566 146250
97398 92796 101876
92796 97398 101876
101876 92796 97398
27968 61933 93000
61933 27968 93000
93000 27968 61933
34823 49182 95284
95284 34823 49182
49182 34823 95284
112723 53563 125230
125230 53563 112723
53563 112723 125230
13863 6226 101160
101160 6226 13863
6226 13863 101160
148928 19703 135012
19703 135012 148928
135012 19703 148928
46162 75819 105915
75819 46162 105915
105915 46162 75819
143949 111739 124656
111739 124656 143949
124656 111739 143949
51453 7229 17371
17371 7229 51453
7229 17371 51453
72033 25862 102985
25862 72033 102985
102985 25862 72033
1819 54873 63455
54873 1819 63455
63455 1819 54873
99668 28923 137135
137135 28923 99668
28923 99668 137135
122226 20302 42633
42633 20302 122226
20302 42633 122226
100035 36589 74960
36589 74960 100035
74960 36589 100035
25562 37116 130788
37116 25562 130788
130788 25562 37116
18666 41856 119288
119288 18666 41856
41856 18666 119288
65508 73857 113493
113493 65508 73857
73857 65508 113493
76272 84182 117486
84182 76272 117486
117486 76272 84182
118837 21948 132346
21948 118837 132346
132346 21948 118837
58442 6495 30571
6495 30571 58442
30571 6495 58442
3421 34715 82601
82601 3421 34715
34715 3421 82601
144083 64853 71410
64853 71410 144083
71410 64853 144083
116405 25792 118756
118756 25792 116405
25792 116405 118756
43783 26123 69702
69702 26123 43783
26123 43783 69702
30707 62784 73070
73070 30707 62784
62784 30707 73070
30182 94043 120876
94043 30182 120876
120876 30182 94043
54210 13845 103633
103633 13845 54210
13845 54210 103633
118952 103120 106253
103120 106253 118952
106253 103120 118952
118795 115613 138515
115613 118795 138515
138515 115613 118795
16615 35764 130055
35764 16615 130055
130055 16615 35764
137726 22262 75331
22262 75331 137726
75331 22262 137726
80292 69156 134403
134403 69156 80292
69156 80292 134403
44929 94425 96701
96701 44929 94425
94425 44929 96701
63177 54434 58256
54434 58256 63177
58256 54434 63177
66312 121874 133973
121874 66312 133973
133973 66312 121874
29626 77216 119320
119320 29626 77216
77216 29626 119320
78893 58352 139223
139223 58352 78893
58352 78893 139223
141826 22555 69687
22555 69687 141826
69687 22555 141826
7669 120603 128867
120603 7669 128867
128867 7669 120603
52301 31878 33834
33834 31878 52301
31878 33834 52301
12175 53780 55323
55323 12175 53780
53780 12175 55323
37027 80092 94962
80092 37027 94962
94962 37027 80092
120337 17711 127759
17711 120337 127759
127759 17711 120337
133456 28175 120008
28175 120008 133456
120008 28175 133456
44 83287 116106
116106 44 83287
83287 44 116106
66234 5178 77599
5178 66234 77599
77599 5178 66234
108239 42229 96507
42229 96507 108239
96507 42229 108239
45188 51631 71188
71188 45188 51631
51631 45188 71188
93829 1198 27579
1198 27579 93829
27579 1198 93829
89670 108699 118627
118627 89670 108699
108699 89670 118627
53724 16430 87938
16430 53724 87938
87938 16430 53724
80163 31599 96223
31599 80163 96223
96223 31599 80163
133785 12790 148921
12790 133785 148921
148921 12790 133785
39989 87998 124658
124658 39989 87998
87998 39989 124658
53914 16818 80495
16818 53914 80495
80495 16818 53914
57971 65710 93324
65710 57971 93324
93324 57971 65710
26329 116991 145338
116991 26329 145338
145338 26329 116991
7151 8439 30964
30964 7151 8439
8439 7151 30964
45785 5321 56844
5321 45785 56844
56844 5321 45785
35676 94157 101806
94157 35676 101806
101806 35676 94157
25407 85030 111845
85030 25407 111845
111845 25407 85030
21323 121832 134963
121832 21323 134963
134963 21323 121832
99782 69108 93621
93621 69108 99782
69108 93621 99782
8210 35095 134156
35095 8210 134156
134156 8210 35095
96126 14805 145284
145284 14805 96126
14805 96126 145284
66402 33695 41981
33695 41981 66402
41981 33695 66402
122408 42059 107335
42059 107335 122408
107335 42059 122408
110909 57831 140121
140121 57831 110909
57831 110909 140121
147457 21799 116915
21799 116915 147457
116915 21799 147457
135767 66333 103322
103322 66333 135767
66333 103322 135767
93812 108575 115213
108575 93812 115213
115213 93812 108575
12677 97610 127568
97610 12677 127568
127568 12677 97610
101979 118189 141241
141241 101979 118189
118189 101979 141241
92925 139184 143718
139184 92925 143718
143718 92925 139184
68160 8344 38462
38462 8344 68160
8344 38462 68160
29007 60232 96446
96446 29007 60232
60232 29007 96446
11199 19441 147426
19441 11199 147426
147426 11199 19441
56742 25552 112657
112657 25552 56742
25552 56742 112657
83314 50062 115277
115277 50062 83314
50062 83314 115277
90894 14158 59919
59919 14158 90894
14158 59919 90894
65513 19480 43846
43846 19480 65513
19480 43846 65513
44285 23844 81392
81392 23844 44285
23844 44285 81392
15761 74302 94560
94560 15761 74302
74302 15761 94560
34872 32874 37189
32874 34872 37189
37189 32874 34872
84372 93163 95207
95207 84372 93163
93163 84372 95207
60909 36367 147053
36367 60909 147053
147053 36367 60909
105088 59224 145923
145923 59224 105088
59224 105088 145923
91001 59085 97767
59085 91001 97767
97767 59085 91001
126840 43793 71912
43793 71912 126840
71912 43793 126840
26630 3742 38550
3742 26630 38550
38550 3742 26630
37404 24237 74779
74779 24237 37404
24237 37404 74779
3563 72363 133678
72363 3563 133678
133678 3563 72363
8968 874 31335
874 8968 31335
31335 874 8968
27577 8510 62457
8510 27577 62457
62457 8510 27577
71253 130582 148070
148070 71253 130582
130582 71253 148070
85134 64489 90404
64489 85134 90404
90404 64489 85134
138098 21546 139178
21546 138098 139178
139178 21546 138098
33214 102741 107166
102741 33214 107166
107166 33214 102741
103028 13706 46639
13706 46639 103028
46639 13706 103028
141018 26342 78885
26342 78885 141018
78885 26342 141018
60998 20661 136591
136591 20661 60998
20661 60998 136591
22058 50253 126666
126666 22058 50253
50253 22058 126666
103496 12446 75864
75864 12446 103496
12446 75864 103496
66363 12714 87820
12714 66363 87820
87820 12714 66363
36972 54144 55092
55092 36972 54144
54144 36972 55092
112203 20313 114650
114650 20313 112203
20313 112203 114650
123848 39809 99534
39809 99534 123848
99534 39809 123848
8088 8385 103804
103804 8088 8385
8385 8088 103804
87774 52545 119079
119079 52545 87774
52545 87774 119079
86600 66774 79741
66774 79741 86600
79741 66774 86600
56258 11334 69241
69241 11334 56258
11334 56258 69241
133848 11293 26094
26094 11293 133848
11293 26094 133848
55156 2522 89522
89522 2522 55156
2522 55156 89522
88279 41318 127740
41318 88279 127740
127740 41318 88279
37924 25003 37849
25003 37849 37924
37849 25003 37924
84602 129481 142377
142377 84602 129481
129481 84602 142377
140180 23262 75398
23262 75398 140180
75398 23262 140180
130216 87806 97033
97033 87806 130216
87806 97033 130216
24134 84237 133942
84237 24134 133942
133942 24134 84237
3643 62472 118693
118693 3643 62472
62472 3643 118693
67347 55561 128628
55561 67347 128628
128628 55561 67347
97966 28605 85131
85131 28605 97966
28605 85131 97966
69363 9884 39713
9884 39713 69363
39713 9884 69363
66697 103650 125573
103650 66697 125573
125573 66697 103650
132750 113174 116207
113174 116207 132750
116207 113174 132750
102862 32079 135315
32079 102862 135315
135315 32079 102862
93034 1473 9243
1473 9243 93034
9243 1473 93034
87176 16260 32383
16260 32383 87176
32383 16260 87176
143791 1959 38767
38767 1959 143791
1959 38767 143791
120091 38889 115744
38889 115744 120091
115744 38889 120091
98185 37923 111149
111149 37923 98185
37923 98185 111149
94674 38183 108944
38183 94674 108944
108944 38183 94674
37859 56776 144857
56776 37859 144857
144857 37859 56776
64846 18183 51840
51840 18183 64846
18183 51840 64846
82211 12606 106886
12606 82211 106886
106886 12606 82211
60954 42420 145173
145173 42420 60954
42420 60954 145173
43263 10130 138743
10130 43263 138743
138743 10130 43263
17336 1089 27421
1089 17336 27421
27421 1089 17336
91681 113991 144232
113991 91681 144232
144232 91681 113991
9891 57983 129099
57983 9891 129099
129099 9891 57983
76384 41342 72821
72821 41342 76384
41342 72821 76384
33198 14088 56963
56963 14088 33198
14088 33198 56963
5072 51416 57150
51416 5072 57150
57150 5072 51416
81421 15457 97609
97609 15457 81421
15457 81421 97609
59660 15878 115640
15878 59660 115640
115640 15878 59660
79716 60630 70115
70115 60630 79716
60630 70115 79716
122708 8606 28058
8606 28058 122708
28058 8606 122708
79437 13667 138326
13667 79437 138326
138326 13667 79437
53292 55138 131458
55138 53292 131458
131458 53292 55138
53484 68636 101687
101687 53484 68636
68636 53484 101687
138419 43154 97132
97132 43154 138419
43154 97132 138419
70734 1380 53278
53278 1380 70734
1380 53278 70734
29852 86300 89207
89207 29852 86300
86300 29852 89207
137365 38115 85497
38115 85497 137365
85497 38115 137365
78454 71996 147709
71996 78454 147709
147709 71996 78454
39860 659 10348
659 10348 39860
10348 659 39860
37114 58105 110806
110806 37114 58105
58105 37114 110806
5105 22873 145929
145929 5105 22873
22873 5105 145929
43794 13120 139475
13120 43794 139475
139475 13120 43794
43632 50093 92144
50093 43632 92144
92144 43632 50093
4426 94760 126290
94760 4426 126290
126290 4426 94760
65068 40174 55841
55841 40174 65068
40174 55841 65068
10491 95915 111050
111050 10491 95915
95915 10491 111050
23344 31440 66528
31440 23344 66528
66528 23344 31440
35472 57785 72002
57785 35472 72002
72002 35472 57785
124063 2221 15170
15170 2221 124063
2221 15170 124063
106169 39108 52788
39108 52788 106169
52788 39108 106169
17802 49677 102346
102346 17802 49677
49677 17802 102346
40404 4485 112605
112605 4485 40404
4485 40404 112605
44612 22577 55860
55860 22577 44612
22577 44612 55860
56118 46800 146211
146211 46800 56118
46800 56118 146211
75723 23820 61924
61924 23820 75723
23820 61924 75723
76748 4732 90927
90927 4732 76748
4732 76748 90927
117153 14996 121016
121016 14996 117153
14996 117153 121016
134773 26272 113502
113502 26272 134773
26272 113502 134773
119036 53421 117586
117586 53421 119036
53421 117586 119036
134708 110652 135364
110652 134708 135364
135364 110652 134708
107586 180 133498
133498 180 107586
180 107586 133498
103238 63390 149009
63390 103238 149009
149009 63390 103238
136401 45611 113252
113252 45611 136401
45611 113252 136401
1695 9408 19641
9408 1695 19641
19641 1695 9408
64695 37358 77038
77038 37358 64695
37358 64695 77038
123604 36847 111124
36847 111124 123604
111124 36847 123604
86739 28826 138026
28826 86739 138026
138026 28826 86739
24149 25216 44901
25216 24149 44901
44901 24149 25216
29225 93406 124808
124808 29225 93406
93406 29225 124808
3807 6457 90472
90472 3807 6457
6457 3807 90472
132976 86596 99664
86596 99664 132976
99664 86596 132976
19459 10400 69788
69788 10400 19459
10400 19459 69788
137514 40505 111974
111974 40505 137514
40505 111974 137514
89387 57456 131547
57456 89387 131547
131547 57456 89387
148600 285 20945
20945 285 148600
285 20945 148600
58549 39905 138363
39905 58549 138363
138363 39905 58549
144074 120718 140324
140324 120718 144074
120718 140324 144074
51061 4943 132353
4943 51061 132353
132353 4943 51061
44089 39356 91102
91102 39356 44089
39356 44089 91102
120966 101925 149152
149152 101925 120966
101925 120966 149152
68268 129755 136043
136043 68268 129755
129755 68268 136043
141800 143809 148942
148942 141800 143809
143809 141800 148942
47860 126376 145855
145855 47860 126376
126376 47860 145855
85553 18969 51143
51143 18969 85553
18969 51143 85553
13884 124048 137606
124048 13884 137606
137606 13884 124048
139525 81552 117410
117410 81552 139525
81552 117410 139525
100523 2811 9274
2811 9274 100523
9274 2811 100523
3215 96243 137464
137464 3215 96243
96243 3215 137464
91817 77752 141262
77752 91817 141262
141262 77752 91817
50308 46199 78673
78673 46199 50308
46199 50308 78673
52026 101704 136112
101704 52026 136112
136112 52026 101704
111254 50171 60221
50171 60221 111254
60221 50171 111254
143408 29531 110412
29531 110412 143408
110412 29531 143408
130374 83641 116660
83641 116660 130374
116660 83641 130374
5986 95557 116721
95557 5986 116721
116721 5986 95557
143109 22014 55562
22014 55562 143109
55562 22014 143109
68434 32098 117517
32098 68434 117517
117517 32098 68434
145430 4297 4319
4319 4297 145430
4297 4319 145430
9916 35321 46053
46053 9916 35321
35321 9916 46053
3856 102263 146936
102263 3856 146936
146936 3856 102263
128911 46459 50351
50351 46459 128911
46459 50351 128911
16581 80407 147876
80407 16581 147876
147876 16581 80407
52879 93894 145833
145833 52879 93894
93894 52879 145833
102178 118833 119609
118833 102178 119609
119609 102178 118833
139831 37351 53141
37351 53141 139831
53141 37351 139831
33482 62019 109595
62019 33482 109595
109595 33482 62019
68149 49134 56040
49134 56040 68149
56040 49134 68149
49815 47316 82822
47316 49815 82822
82822 47316 49815
38196 20186 132119
20186 38196 132119
132119 20186 38196
120841 36043 102813
102813 36043 120841
36043 102813 120841
48608 8499 111752
8499 48608 111752
111752 8499 48608
138673 111789 148219
111789 138673 148219
148219 111789 138673
53171 719 101424
101424 719 53171
719 53171 101424
102123 53687 113606
53687 102123 113606
113606 53687 102123
134532 82359 139068
82359 134532 139068
139068 82359 134532
30554 10926 131459
131459 10926 30554
10926 30554 131459
139018 37369 109300
37369 109300 139018
109300 37369 139018
110214 92275 129676
129676 92275 110214
92275 110214 129676
147035 99740 148740
148740 99740 147035
99740 147035 148740
102701 20530 65115
20530 65115 102701
65115 20530 102701
55382 63967 114027
114027 55382 63967
63967 55382 114027
57495 98487 127438
127438 57495 98487
98487 57495 127438
118630 99161 133716
133716 99161 118630
99161 118630 133716
114705 71075 149300
149300 71075 114705
71075 114705 149300
62306 45285 96301
96301 45285 62306
45285 62306 96301
98179 33623 129205
129205 33623 98179
33623 98179 129205
69985 24486 78153
24486 69985 78153
78153 24486 69985
118178 37241 132562
37241 118178 132562
132562 37241 118178
132486 95119 135475
135475 95119 132486
95119 132486 135475
19252 66800 121356
66800 19252 121356
121356 19252 66800
62916 71292 105324
71292 62916 105324
105324 62916 71292
136069 91439 131028
91439 131028 136069
131028 91439 136069
117218 37086 96538
96538 37086 117218
37086 96538 117218
12010 4937 58455
58455 4937 12010
4937 12010 58455
18132 33939 66715
66715 18132 33939
33939 18132 66715
49910 56802 100584
100584 49910 56802
56802 49910 100584
127783 132531 141019
132531 127783 141019
141019 127783 132531
20321 14879 48141
48141 14879 20321
14879 20321 48141
64851 117884 143744
143744 64851 117884
117884 64851 143744
46325 105996 146959
146959 46325 105996
105996 46325 146959
99045 79527 134626
79527 99045 134626
134626 79527 99045
82001 49714 144645
144645 49714 82001
49714 82001 144645
5772 61077 124124
124124 5772 61077
61077 5772 124124
54745 60620 131755
131755 54745 60620
60620 54745 131755
122423 8204 59801
59801 8204 122423
8204 59801 122423
64435 3058 126035
3058 64435 126035
126035 3058 64435
13407 27702 99844
99844 13407 27702
27702 13407 99844
60702 1060 70440
1060 60702 70440
70440 1060 60702
121418 88311 110416
110416 88311 121418
88311 110416 121418
972 84763 146184
146184 972 84763
84763 972 146184
92269 50801 62771
62771 50801 92269
50801 62771 92269
54105 26766 37178
37178 26766 54105
26766 37178 54105
19515 74019 127692
74019 19515 127692
127692 19515 74019
9025 44773 119087
119087 9025 44773
44773 9025 119087
131893 85285 93954
85285 93954 131893
93954 85285 131893
63867 94466 113573
94466 63867 113573
113573 63867 94466
132604 36127 51991
36127 51991 132604
51991 36127 132604
74991 122878 149696
122878 74991 149696
149696 74991 122878
32494 18403 18988
18403 18988 32494
18988 18403 32494
113440 92313 98388
92313 98388 113440
98388 92313 113440
98340 93036 143445
143445 93036 98340
93036 98340 143445
91677 40604 70922
70922 40604 91677
40604 70922 91677
27515 85064 132818
132818 27515 85064
85064 27515 132818
84388 141122 142239
142239 84388 141122
141122 84388 142239
54384 23797 106183
106183 23797 54384
23797 54384 106183
117554 58714 127116
58714 117554 127116
127116 58714 117554
84420 49037 93120
93120 49037 84420
49037 84420 93120
38475 2888 61099
61099 2888 38475
2888 38475 61099
103485 45387 110646
45387 103485 110646
110646 45387 103485
107237 88 37454
37454 88 107237
88 37454 107237
66056 19754 139476
139476 19754 66056
19754 66056 139476
24229 37792 105245
37792 24229 105245
105245 24229 37792
4551 20841 148178
20841 4551 148178
148178 4551 20841
85240 93019 142037
142037 85240 93019
93019 85240 142037
11161 42338 73978
73978 11161 42338
42338 11161 73978
79947 2339 106110
2339 79947 106110
106110 2339 79947
26492 56278 136077
56278 26492 136077
136077 26492 56278
40225 36576 107628
107628 36576 40225
36576 40225 107628
94438 63733 112833
112833 63733 94438
63733 94438 112833
43617 111776 137629
137629 43617 111776
111776 43617 137629
82067 42586 107191
42586 82067 107191
107191 42586 82067
27193 84954 89567
84954 27193 89567
89567 27193 84954
97424 53913 94115
94115 53913 97424
53913 94115 97424
83278 29654 143759
29654 83278 143759
143759 29654 83278
106518 18130 33466
18130 33466 106518
33466 18130 106518
112715 17862 117465
17862 112715 117465
117465 17862 112715
93970 8767 119590
119590 8767 93970
8767 93970 119590
104853 34913 109765
34913 104853 109765
109765 34913 104853
100774 81379 123580
123580 81379 100774
81379 100774 123580
23058 270 107139
270 23058 107139
107139 270 23058
54374 8423 28238
28238 8423 54374
8423 28238 54374
20977 10071 31785
10071 20977 31785
31785 10071 20977
23168 18516 134757
18516 23168 134757
134757 18516 23168
99055 109792 144489
144489 99055 109792
109792 99055 144489
93792 44235 110524
44235 93792 110524
110524 44235 93792
131622 29335 110311
29335 110311 131622
110311 29335 131622
112133 53238 149061
53238 112133 149061
149061 53238 112133
27105 3186 73263
73263 3186 27105
3186 27105 73263
95666 60747 80039
80039 60747 95666
60747 80039 95666
119729 54205 86376
54205 86376 119729
86376 54205 119729
7730 52245 99365
52245 7730 99365
99365 7730 52245
16988 25780 148995
25780 16988 148995
148995 16988 25780
28641 93340 138831
138831 28641 93340
93340 28641 138831
91281 29122 103329
29122 91281 103329
103329 29122 91281
79152 52949 110890
110890 52949 79152
52949 79152 110890
86546 25114 133559
133559 25114 86546
25114 86546 133559
116242 25041 96731
96731 25041 116242
25041 96731 116242
149652 27628 36680
27628 36680 149652
36680 27628 149652
140518 78906 127581
127581 78906 140518
78906 127581 140518
124511 97421 116426
116426 97421 124511
97421 116426 124511
21667 28866 33280
28866 21667 33280
33280 21667 28866
2283 36841 139595
139595 2283 36841
36841 2283 139595
21639 29043 53325
53325 21639 29043
29043 21639 53325
122883 134979 147594
