2947 295 1143
295 1143 2947
1143 295 2947
1840 779 1854
1854 779 1840
779 1840 1854
625 2153 2592
2153 625 2592
2592 625 2153
1742 332 1856
332 1742 1856
1856 332 1742
225 145 702
145 225 702
702 145 225
1229 2270 2512
2512 1229 2270
2270 1229 2512
909 39 1638
39 909 1638
1638 39 909
7 1006 1699
1006 7 1699
1699 7 1006
2502 1720 2736
2736 1720 2502
1720 2502 2736
1408 1209 2826
2826 1209 1408
1209 1408 2826
2903 1971 2160
2160 1971 2903
1971 2160 2903
2035 1569 2129
1569 2035 2129
2129 1569 2035
826 41 2885
2885 41 826
41 826 2885
627 1430 2908
1430 627 2908
2908 627 1430
1607 664 1280
664 1280 1607
1280 664 1607
2995 1497 2411
2411 1497 2995
1497 2411 2995
1439 1709 2360
2360 1439 1709
1709 1439 2360
337 1167 2286
2286 337 1167
1167 337 2286
6 349 2604
349 6 2604
2604 6 349
2086 2963 2981
2963 2086 2981
2981 2086 2963
838 2011 2681
2681 838 2011
2011 838 2681
1406 2395 2851
2851 1406 2395
2395 1406 2851
2544 532 667
532 667 2544
667 532 2544
9 1157 1534
1157 9 1534
1534 9 1157
2513 1318 1667
1667 1318 2513
1318 1667 2513
11 1831 2309
2309 11 1831
1831 11 2309
2072 1033 1523
1033 1523 2072
1523 1033 2072
540 1681 1850
1681 540 1850
1850 540 1681
2079 1996 2014
1996 2014 2079
2014 1996 2079
749 1885 1958
1958 749 1885
1885 749 1958
1515 192 1035
1035 192 1515
192 1035 1515
801 1823 2723
1823 801 2723
2723 801 1823
1686 2571 2984
2984 1686 2571
2571 1686 2984
1645 202 1312
202 1312 1645
1312 202 1645
673 3 1302
1302 3 673
3 673 1302
1705 2053 2479
2053 1705 2479
2479 1705 2053
1873 794 2707
794 1873 2707
2707 794 1873
2372 1419 2371
1419 2371 2372
2371 1419 2372
2290 283 2074
283 2074 2290
2074 283 2290
1573 10 1842
1842 10 1573
10 1573 1842
2887 474 984
474 984 2887
984 474 2887
2174 1967 2314
1967 2174 2314
2314 1967 2174
22 2381 2946
2381 22 2946
2946 22 2381
2283 774 2521
2521 774 2283
774 2283 2521
2003 848 2810
2810 848 2003
848 2003 2810
2889 304 2890
304 2889 2890
2890 304 2889
1968 318 2223
2223 318 1968
318 1968 2223
1553 1769 2905
2905 1553 1769
1769 1553 2905
2514 1387 2494
1387 2494 2514
2494 1387 2514
2291 971 2092
2092 971 2291
971 2092 2291
2367 2078 2403
2403 2078 2367
2078 2367 2403
1451 1633 2883
2883 1451 1633
1633 1451 2883
1639 1547 1865
1547 1639 1865
1865 1547 1639
1186 191 1916
1916 191 1186
191 1186 1916
1618 938 2428
2428 938 1618
938 1618 2428
2408 1447 2389
1447 2389 2408
2389 1447 2408
2881 2579 2777
2777 2579 2881
2579 2777 2881
1262 1054 1524
1524 1054 1262
1054 1262 1524
2228 55 665
665 55 2228
55 665 2228
2918 91 2921
2921 91 2918
91 2918 2921
1320 804 2414
2414 804 1320
804 1320 2414
2339 1743 2975
2975 1743 2339
1743 2339 2975
1662 1799 1899
1799 1662 1899
1899 1662 1799
313 930 2987
2987 313 930
930 313 2987
2582 655 2902
655 2582 2902
2902 655 2582
935 560 599
560 599 935
599 560 935
2720 554 2321
554 2321 2720
2321 554 2720
1395 856 2432
856 1395 2432
2432 856 1395
1576 1887 2236
2236 1576 1887
1887 1576 2236
884 460 2244
2244 460 884
460 884 2244
1019 321 748
321 748 1019
748 321 1019
2016 761 812
812 761 2016
761 812 2016
1594 888 981
888 981 1594
981 888 1594
2082 885 2453
2453 885 2082
885 2082 2453
2490 1337 2257
2257 1337 2490
1337 2257 2490
383 898 1932
898 383 1932
1932 383 898
1800 903 2002
2002 903 1800
903 1800 2002
1071 293 2365
2365 293 1071
293 1071 2365
2155 1351 2430
1351 2155 2430
2430 1351 2155
2410 392 2284
2284 392 2410
392 2284 2410
1786 550 1442
550 1442 1786
1442 550 1786
2449 1247 2166
1247 2166 2449
2166 1247 2449
2261 157 862
157 862 2261
862 157 2261
672 54 1694
1694 54 672
54 672 1694
2633 1177 1199
1199 1177 2633
1177 1199 2633
2089 73 2320
2320 73 2089
73 2089 2320
196 802 2904
802 196 2904
2904 196 802
1905 613 1330
613 1330 1905
1330 613 1905
1599 1363 2762
1363 1599 2762
2762 1363 1599
1759 2724 2789
2789 1759 2724
2724 1759 2789
828 574 2607
574 828 2607
2607 574 828
1519 277 1745
277 1519 1745
1745 277 1519
1487 370 1556
370 1487 1556
1556 370 1487
2233 687 831
831 687 2233
687 831 2233
1070 603 1754
1754 603 1070
603 1070 1754
2448 671 753
671 753 2448
753 671 2448
281 1483 2023
1483 281 2023
2023 281 1483
1724 640 1516
1516 640 1724
640 1516 1724
2559 1 2717
1 2559 2717
2717 1 2559
887 2501 2901
2901 887 2501
2501 887 2901
569 418 1558
418 569 1558
1558 418 569
2234 2623 2798
2623 2234 2798
2798 2234 2623
48 879 2469
879 48 2469
2469 48 879
350 1117 2122
1117 350 2122
2122 350 1117
2114 1867 2034
1867 2034 2114
2034 1867 2114
320 841 1431
1431 320 841
841 320 1431
2478 584 1081
584 1081 2478
1081 584 2478
1964 98 2330
2330 98 1964
98 1964 2330
1423 1375 2112
1375 1423 2112
2112 1375 1423
780 188 1420
188 780 1420
1420 188 780
1993 2687 2949
2687 1993 2949
2949 1993 2687
590 1489 2796
2796 590 1489
1489 590 2796
2306 1016 1622
1622 1016 2306
1016 1622 2306
2608 1181 2616
1181 2608 2616
2616 1181 2608
2817 1939 2812
1939 2812 2817
2812 1939 2817
1176 1615 2246
1615 1176 2246
2246 1176 1615
2860 35 1527
1527 35 2860
35 1527 2860
244 1341 1571
1341 244 1571
1571 244 1341
1640 997 1496
1496 997 1640
997 1496 1640
2708 463 2788
2788 463 2708
463 2708 2788
1123 303 1463
1463 303 1123
303 1123 1463
2682 52 956
52 956 2682
956 52 2682
2702 957 2897
957 2702 2897
2897 957 2702
1390 336 2085
336 1390 2085
2085 336 1390
805 483 2990
483 805 2990
2990 483 805
2914 1175 2680
1175 2680 2914
2680 1175 2914
2272 571 951
571 951 2272
951 571 2272
757 1838 2821
1838 757 2821
2821 757 1838
1659 71 217
217 71 1659
71 217 1659
96 389 2534
389 96 2534
2534 96 389
2751 1400 1921
1400 1921 2751
1921 1400 2751
2470 411 594
411 594 2470
594 411 2470
1918 1542 2352
1542 1918 2352
2352 1542 1918
479 1474 1550
1550 479 1474
1474 479 1550
715 743 1132
743 715 1132
1132 715 743
2704 864 2287
864 2287 2704
2287 864 2704
987 2044 2193
2044 987 2193
2193 987 2044
34 525 1310
1310 34 525
525 34 1310
2123 190 1010
190 1010 2123
1010 190 2123
2311 243 2964
2964 243 2311
243 2311 2964
2020 437 1228
437 1228 2020
1228 437 2020
588 4 2673
4 588 2673
2673 4 588
1824 747 2772
2772 747 1824
747 1824 2772
1636 729 1119
729 1119 1636
1119 729 1636
234 1427 1473
1473 234 1427
1427 234 1473
2179 1062 2117
2117 1062 2179
1062 2117 2179
113 201 797
201 113 797
797 113 201
1646 591 1895
1895 591 1646
591 1646 1895
1499 491 690
491 690 1499
690 491 1499
420 1568 2186
2186 420 1568
1568 420 2186
2221 1765 2358
1765 2221 2358
2358 1765 2221
1464 395 1242
1242 395 1464
395 1242 1464
2809 364 2557
364 2557 2809
2557 364 2809
800 1208 2359
1208 800 2359
2359 800 1208
636 1677 2831
2831 636 1677
1677 636 2831
915 883 2029
2029 883 915
883 915 2029
1975 522 790
790 522 1975
522 790 1975
520 2468 2626
2468 520 2626
2626 520 2468
1039 873 2177
873 1039 2177
2177 873 1039
324 1588 2340
2340 324 1588
1588 324 2340
2642 2021 2741
2021 2642 2741
2741 2021 2642
268 626 849
849 268 626
626 268 849
1708 414 2785
414 1708 2785
2785 414 1708
2554 45 2551
2551 45 2554
45 2551 2554
2015 399 2606
399 2015 2606
2606 399 2015
1041 712 764
764 712 1041
712 764 1041
1629 2095 2297
2297 1629 2095
2095 1629 2297
1774 2194 2391
2391 1774 2194
2194 1774 2391
2547 231 968
231 968 2547
968 231 2547
1584 940 2991
940 1584 2991
2991 940 1584
1545 1701 2823
1701 1545 2823
2823 1545 1701
1269 2180 2351
2351 1269 2180
2180 1269 2351
555 1140 2097
1140 555 2097
2097 555 1140
1104 2686 2745
2686 1104 2745
2745 1104 2686
1535 1213 2749
2749 1213 1535
1213 1535 2749
2024 2151 2457
2457 2024 2151
2151 2024 2457
2900 1641 2997
1641 2900 2997
2997 1641 2900
2605 775 2164
775 2164 2605
2164 775 2605
1416 1518 1949
1949 1416 1518
1518 1416 1949
1003 529 2531
529 1003 2531
2531 529 1003
860 891 2143
2143 860 891
891 860 2143
1540 2296 2907
2296 1540 2907
2907 1540 2296
26 1401 2459
2459 26 1401
1401 26 2459
731 226 2067
226 731 2067
2067 226 731
1953 514 2968
2968 514 1953
514 1953 2968
2520 789 2730
789 2520 2730
2730 789 2520
2040 306 2334
2334 306 2040
306 2040 2334
1360 1152 2217
1152 1360 2217
2217 1152 1360
2529 1286 1736
1736 1286 2529
1286 1736 2529
273 123 2999
123 273 2999
2999 123 273
972 1357 2357
1357 972 2357
2357 972 1357
2171 397 996
397 996 2171
996 397 2171
446 1371 1787
1787 446 1371
1371 446 1787
986 289 2172
289 986 2172
2172 289 986
1950 1287 1788
1788 1287 1950
1287 1788 1950
1955 121 1989
121 1955 1989
1989 121 1955
233 78 2773
2773 78 233
78 233 2773
471 544 861
544 471 861
861 471 544
658 2337 2354
2337 658 2354
2354 658 2337
1973 106 1767
1767 106 1973
106 1767 1973
1605 227 2447
2447 227 1605
227 1605 2447
803 1488 1549
1549 803 1488
1488 803 1549
1954 1072 1131
1131 1072 1954
1072 1131 1954
2690 950 1355
950 1355 2690
1355 950 2690
1664 1647 2316
1647 1664 2316
2316 1647 1664
181 2433 2657
2433 181 2657
2657 181 2433
766 1380 2475
1380 766 2475
2475 766 1380
1894 976 1617
1617 976 1894
976 1617 1894
2848 2090 2274
2274 2090 2848
2090 2274 2848
2252 160 990
990 160 2252
160 990 2252
630 316 1023
1023 316 630
316 630 1023
235 1058 2168
2168 235 1058
1058 235 2168
1093 81 1619
1619 81 1093
81 1093 1619
23 718 2008
718 23 2008
2008 23 718
1288 148 1979
148 1288 1979
1979 148 1288
1153 844 2966
2966 844 1153
844 1153 2966
401 814 1327
814 401 1327
1327 401 814
2716 380 677
380 677 2716
677 380 2716
172 738 1151
1151 172 738
738 172 1151
606 1578 2958
1578 606 2958
2958 606 1578
2319 1373 2641
1373 2319 2641
2641 1373 2319
1457 107 1437
1437 107 1457
107 1437 1457
744 933 2910
2910 744 933
933 744 2910
3000 2207 2573
2207 2573 3000
2573 2207 3000
2523 262 1562
262 1562 2523
1562 262 2523
1398 1273 2099
1273 1398 2099
2099 1273 1398
20 1294 1735
1294 20 1735
1735 20 1294
2013 681 941
681 941 2013
941 681 2013
472 294 1407
294 472 1407
1407 294 472
533 867 2816
867 533 2816
2816 533 867
2423 1147 2970
2970 1147 2423
1147 2423 2970
492 922 2163
2163 492 922
922 492 2163
1679 482 1428
482 1428 1679
1428 482 1679
2667 30 2778
2778 30 2667
30 2667 2778
2665 239 1879
239 1879 2665
1879 239 2665
791 359 609
609 359 791
359 609 791
676 1552 2886
2886 676 1552
1552 676 2886
773 2492 2929
2492 773 2929
2929 773 2492
999 490 1703
490 999 1703
1703 490 999
85 619 1915
1915 85 619
619 85 1915
2843 1747 2711
2711 1747 2843
1747 2711 2843
2379 56 1695
56 1695 2379
1695 56 2379
2839 1438 1680
1438 1680 2839
1680 1438 2839
1933 163 977
977 163 1933
163 977 1933
2728 378 784
784 378 2728
378 784 2728
1574 1445 2466
2466 1445 1574
1445 1574 2466
2004 1596 2850
2850 1596 2004
1596 2004 2850
436 405 2480
405 436 2480
2480 405 436
2931 698 2572
2572 698 2931
698 2572 2931
2980 1448 2755
2755 1448 2980
1448 2755 2980
1957 948 2503
948 1957 2503
2503 948 1957
829 464 2361
2361 464 829
464 829 2361
1108 1795 2481
2481 1108 1795
1795 1108 2481
1067 612 1811
1811 612 1067
612 1067 1811
2064 1004 1332
1332 1004 2064
1004 1332 2064
2162 32 1966
1966 32 2162
32 1966 2162
444 261 1313
1313 261 444
261 444 1313
2116 1030 2891
2891 1030 2116
1030 2116 2891
1377 842 854
854 842 1377
842 854 1377
1144 1888 2756
2756 1144 1888
1888 1144 2756
765 198 2770
2770 198 765
198 765 2770
2532 1668 2451
2451 1668 2532
1668 2451 2532
1299 1225 1458
1225 1299 1458
1458 1225 1299
252 102 2750
2750 102 252
102 252 2750
1333 1142 1376
1376 1142 1333
1142 1333 1376
2578 894 2518
894 2518 2578
2518 894 2578
344 1156 1863
1156 344 1863
1863 344 1156
732 2595 2805
2805 732 2595
2595 732 2805
1601 271 2134
2134 271 1601
271 1601 2134
2696 173 1555
173 1555 2696
1555 173 2696
1632 1559 2807
1559 1632 2807
2807 1559 1632
1204 699 1890
699 1204 1890
1890 699 1204
1572 2130 2863
2863 1572 2130
2130 1572 2863
1304 1235 2111
2111 1235 1304
1235 1304 2111
1533 333 1940
1940 333 1533
333 1533 1940
2549 77 1388
77 1388 2549
1388 77 2549
428 257 2461
257 428 2461
2461 257 428
2804 1449 2293
2293 1449 2804
1449 2293 2804
2355 1440 1484
1484 1440 2355
1440 1484 2355
1988 1106 1352
1106 1352 1988
1352 1106 1988
1862 347 2909
2909 347 1862
347 1862 2909
1805 926 1565
1565 926 1805
926 1565 1805
517 785 2729
2729 517 785
785 517 2729
2871 1027 1382
1382 1027 2871
1027 1382 2871
249 291 2182
2182 249 291
291 249 2182
840 2295 2495
2495 840 2295
2295 840 2495
299 448 1635
1635 299 448
448 299 1635
1507 602 1669
1669 602 1507
602 1507 1669
1876 362 787
787 362 1876
362 787 1876
241 2285 2458
2285 241 2458
2458 241 2285
1160 179 1174
1174 179 1160
179 1160 1174
1917 2677 2738
2738 1917 2677
2677 1917 2738
1078 549 2139
549 1078 2139
2139 549 1078
108 1025 2564
1025 108 2564
2564 108 1025
1436 1779 2552
1779 1436 2552
2552 1436 1779
205 354 2556
354 205 2556
2556 205 354
2387 100 247
100 247 2387
247 100 2387
1997 1412 1820
1820 1412 1997
1412 1820 1997
223 384 2545
2545 223 384
384 223 2545
2617 159 391
159 391 2617
391 159 2617
2467 2115 2739
2739 2115 2467
2115 2467 2739
1868 1861 2100
2100 1861 1868
1861 1868 2100
895 61 2427
61 895 2427
2427 61 895
323 194 2988
194 323 2988
2988 194 323
1281 1236 2683
1236 1281 2683
2683 1236 1281
1972 326 1637
1637 326 1972
326 1637 1972
2611 975 1065
1065 975 2611
975 1065 2611
1425 1250 2218
1250 1425 2218
2218 1250 1425
1938 886 1264
886 1264 1938
1264 886 1938
1770 2262 2661
2661 1770 2262
2262 1770 2661
772 86 1644
1644 86 772
86 772 1644
486 28 1753
1753 28 486
28 486 1753
1224 2542 2569
2569 1224 2542
2542 1224 2569
2660 577 1621
577 1621 2660
1621 577 2660
1983 1356 1620
1620 1356 1983
1356 1620 1983
2488 2563 2766
2766 2488 2563
2563 2488 2766
57 144 2156
144 57 2156
2156 57 144
1055 2664 2956
2956 1055 2664
2664 1055 2956
2312 1249 2441
2441 1249 2312
1249 2312 2441
1739 376 1296
1296 376 1739
376 1296 1739
1999 1671 2444
2444 1671 1999
1671 1999 2444
607 1503 2974
1503 607 2974
2974 607 1503
979 1740 1870
1870 979 1740
1740 979 1870
2603 1084 2413
2413 1084 2603
1084 2413 2603
1691 2126 2819
2819 1691 2126
2126 1691 2819
1924 182 2597
182 1924 2597
2597 182 1924
770 947 1602
1602 770 947
947 770 1602
1904 1358 2338
2338 1358 1904
1358 1904 2338
2701 2047 2859
2859 2047 2701
2047 2701 2859
1830 813 2811
813 1830 2811
2811 813 1830
1666 921 2070
2070 921 1666
921 1666 2070
535 2594 2725
2594 535 2725
2725 535 2594
1080 415 2025
415 1080 2025
2025 415 1080
1613 2866 2882
2866 1613 2882
2882 1613 2866
2670 904 2088
2088 904 2670
904 2088 2670
2343 495 1846
495 1846 2343
1846 495 2343
2742 1682 2434
1682 2434 2742
2434 1682 2742
1173 553 2747
553 1173 2747
2747 553 1173
662 1221 2758
1221 662 2758
2758 662 1221
2714 264 2695
264 2695 2714
2695 264 2714
2471 461 1600
461 1600 2471
1600 461 2471
1121 723 2589
723 1121 2589
2589 723 1121
2474 2504 2676
2676 2474 2504
2504 2474 2676
678 390 1781
390 678 1781
1781 390 678
1491 709 1544
1544 709 1491
709 1491 1544
1611 2059 2342
2059 1611 2342
2342 1611 2059
457 44 1179
44 457 1179
1179 44 457
2663 2104 2546
2546 2104 2663
2104 2546 2663
2091 865 2575
865 2091 2575
2575 865 2091
853 1265 2693
2693 853 1265
1265 853 2693
2951 280 2939
280 2939 2951
2939 280 2951
1402 426 2895
2895 426 1402
426 1402 2895
596 807 2030
807 596 2030
2030 596 807
470 2039 2658
2658 470 2039
2039 470 2658
2803 866 1970
866 1970 2803
1970 866 2803
713 1404 2329
1404 713 2329
2329 713 1404
1678 567 2936
567 1678 2936
2936 567 1678
1656 1298 2327
2327 1298 1656
1298 1656 2327
136 274 1118
1118 136 274
274 136 1118
1828 693 2394
693 1828 2394
2394 693 1828
1851 325 2993
2993 325 1851
325 1851 2993
2260 1335 2765
1335 2260 2765
2765 1335 2260
310 1598 1627
1598 310 1627
1627 310 1598
736 1713 1766
1766 736 1713
1713 736 1766
1834 1367 1994
1994 1367 1834
1367 1834 1994
1114 624 1528
624 1114 1528
1528 624 1114
570 16 1285
16 570 1285
1285 16 570
2212 1582 1780
1582 1780 2212
1780 1582 2212
2877 1331 1992
1992 1331 2877
1331 1992 2877
876 127 1031
127 876 1031
1031 127 876
809 369 2240
2240 369 809
369 809 2240
1771 1384 2374
1384 1771 2374
2374 1384 1771
510 1326 2705
1326 510 2705
2705 510 1326
402 934 2230
934 402 2230
2230 402 934
847 1551 2348
2348 847 1551
1551 847 2348
2012 1125 1969
1969 1125 2012
1125 1969 2012
2684 1122 1215
1215 1122 2684
1122 1215 2684
2324 2068 2879
2068 2324 2879
2879 2068 2324
964 1255 2581
2581 964 1255
1255 964 2581
119 386 2994
386 119 2994
2994 119 386
1045 518 2419
2419 518 1045
518 1045 2419
1422 720 946
720 946 1422
946 720 1422
2872 1998 2737
2737 1998 2872
1998 2737 2872
2870 2190 2719
2190 2719 2870
2719 2190 2870
1692 1222 1609
1222 1609 1692
1609 1222 1692
2945 1839 2424
1839 2424 2945
2424 1839 2945
240 1014 1340
1014 240 1340
1340 240 1014
1109 688 1089
1089 688 1109
688 1089 1109
90 365 2637
365 90 2637
2637 90 365
1207 66 1616
1616 66 1207
66 1207 1616
141 267 563
563 141 267
267 141 563
1050 1022 2229
2229 1022 1050
1022 1050 2229
421 112 1819
1819 112 421
112 421 1819
1424 2 2060
2060 2 1424
2 1424 2060
2370 1881 2955
1881 2370 2955
2955 1881 2370
1727 2332 2525
2525 1727 2332
2332 1727 2525
1476 258 2255
258 1476 2255
2255 258 1476
1350 2181 2697
2697 1350 2181
2181 1350 2697
708 1292 1485
1292 708 1485
1485 708 1292
1409 1468 2159
2159 1409 1468
1468 1409 2159
330 248 2801
2801 248 330
248 330 2801
497 742 2854
2854 497 742
742 497 2854
1392 38 2671
38 1392 2671
2671 38 1392
974 639 2038
639 974 2038
2038 639 974
2366 1537 1906
1537 1906 2366
1906 1537 2366
2818 1418 1469
1418 1469 2818
1469 1418 2818
103 408 2105
408 103 2105
2105 103 408
2522 2782 2992
2782 2522 2992
2992 2522 2782
300 1930 2530
1930 300 2530
2530 300 1930
1898 783 1763
1763 783 1898
783 1763 1898
737 924 1446
924 737 1446
1446 737 924
689 852 2465
852 689 2465
2465 689 852
49 1825 1990
1990 49 1825
1825 49 1990
1935 855 2328
2328 855 1935
855 1935 2328
1271 1977 2125
1977 1271 2125
2125 1271 1977
1548 851 2294
2294 851 1548
851 1548 2294
1947 1076 2935
2935 1076 1947
1076 1947 2935
2694 1479 1505
1505 1479 2694
1479 1505 2694
2555 902 2405
902 2405 2555
2405 902 2555
367 489 1389
1389 367 489
489 367 1389
453 327 398
327 398 453
398 327 453
526 42 2892
42 526 2892
2892 42 526
2158 2081 2888
2888 2081 2158
2081 2158 2888
963 2049 2896
2049 963 2896
2896 963 2049
152 1579 2055
1579 152 2055
2055 152 1579
2500 75 2533
2533 75 2500
75 2500 2533
2119 1279 1661
1661 1279 2119
1279 1661 2119
2205 504 1086
1086 504 2205
504 1086 2205
1751 511 2619
2619 511 1751
511 1751 2619
388 290 953
953 290 388
290 388 953
2322 1909 2054
1909 2054 2322
2054 1909 2322
346 786 2145
2145 346 786
786 346 2145
1514 1539 2301
2301 1514 1539
1539 1514 2301
1383 212 2110
2110 212 1383
212 1383 2110
1049 88 413
88 413 1049
413 88 1049
2841 1369 1435
1369 1435 2841
1435 1369 2841
1300 618 799
618 799 1300
799 618 1300
982 552 2954
552 982 2954
2954 552 982
1719 1510 2800
2800 1510 1719
1510 1719 2800
2248 21 798
21 798 2248
798 21 2248
2429 72 568
568 72 2429
72 568 2429
881 1717 2646
2646 881 1717
1717 881 2646
1009 8 2982
2982 8 1009
8 1009 2982
1654 339 2511
2511 339 1654
339 1654 2511
2700 1801 2899
2899 1801 2700
1801 2700 2899
620 1263 1396
1396 620 1263
1263 620 1396
2652 615 2363
615 2363 2652
2363 615 2652
717 634 2989
634 717 2989
2989 634 717
601 220 1120
1120 220 601
220 601 1120
2135 701 1378
1378 701 2135
701 1378 2135
2476 296 824
824 296 2476
296 824 2476
1226 477 1017
477 1017 1226
1017 477 1226
1365 265 1630
1630 265 1365
265 1365 1630
2253 559 2176
2176 559 2253
559 2176 2253
1567 210 279
210 279 1567
279 210 1567
1159 1776 2614
1776 1159 2614
2614 1159 1776
1976 1237 2861
1237 1976 2861
2861 1237 1976
889 694 1855
694 889 1855
1855 694 889
1297 161 1945
1945 161 1297
161 1297 1945
156 185 1002
1002 156 185
185 156 1002
1651 228 1443
1443 228 1651
228 1443 1651
1985 215 285
285 215 1985
215 285 1985
1465 822 2027
2027 822 1465
822 1465 2027
551 2754 2919
2754 551 2919
2919 551 2754
2268 696 2041
696 2041 2268
2041 696 2268
484 1088 2142
2142 484 1088
1088 484 2142
1722 242 1362
1362 242 1722
242 1362 1722
1604 1911 2656
1911 1604 2656
2656 1604 1911
174 387 1321
1321 174 387
387 174 1321
2442 1266 1575
1266 1575 2442
1575 1266 2442
1043 1493 2440
2440 1043 1493
1493 1043 2440
1726 319 564
564 319 1726
319 564 1726
168 263 469
469 168 263
263 168 469
1896 1874 2463
1874 1896 2463
2463 1874 1896
2308 1450 2450
1450 2308 2450
2450 1450 2308
366 519 728
519 366 728
728 366 519
954 1103 1844
1103 954 1844
1844 954 1103
2439 810 2017
2017 810 2439
810 2017 2439
2774 208 745
745 208 2774
208 745 2774
1657 629 1240
629 1240 1657
1240 629 1657
1784 1028 1878
1028 1784 1878
1878 1028 1784
1372 1466 2271
2271 1372 1466
1466 1372 2271
2653 147 1444
1444 147 2653
147 1444 2653
1525 361 685
361 685 1525
685 361 1525
1305 493 1257
493 1257 1305
1257 493 1305
897 706 2506
2506 706 897
706 897 2506
2763 2437 2847
2847 2437 2763
2437 2763 2847
58 767 2333
767 58 2333
2333 58 767
494 2482 2865
2865 494 2482
2482 494 2865
476 143 683
683 143 476
143 476 683
2456 684 1675
1675 684 2456
684 1675 2456
2698 184 455
455 184 2698
184 455 2698
1338 914 2203
2203 914 1338
914 1338 2203
1282 377 2550
377 1282 2550
2550 377 1282
547 1197 1253
1253 547 1197
1197 547 1253
314 2037 2834
2037 314 2834
2834 314 2037
1871 255 1790
255 1790 1871
1790 255 1871
2969 1308 2726
2726 1308 2969
1308 2726 2969
795 578 2192
578 795 2192
2192 578 795
1038 435 1403
435 1038 1403
1403 435 1038
2353 1880 1951
1880 1951 2353
1951 1880 2353
704 1580 1974
1974 704 1580
1580 704 1974
2967 2590 2911
2590 2911 2967
2911 2590 2967
1319 2477 2630
2477 1319 2630
2630 1319 2477
1368 253 735
735 253 1368
253 735 1368
857 1426 2464
2464 857 1426
1426 857 2464
1260 966 1758
966 1260 1758
1758 966 1260
1728 868 1665
868 1665 1728
1665 868 1728
1731 1690 2715
2715 1690 1731
1690 1731 2715
2087 1150 1284
1284 1150 2087
1150 1284 2087
2323 1960 2780
1960 2323 2780
2780 1960 2323
1538 70 133
70 133 1538
133 70 1538
1432 1506 1710
1506 1432 1710
1710 1432 1506
534 1346 1434
1434 534 1346
1346 534 1434
2836 348 1581
348 1581 2836
1581 348 2836
754 67 592
67 592 754
592 67 754
1037 64 1075
64 1037 1075
1075 64 1037
2001 1843 2157
1843 2001 2157
2157 1843 2001
605 84 2767
2767 84 605
84 605 2767
1254 877 2238
877 1254 2238
2238 877 1254
422 724 2226
724 422 2226
2226 422 724
1804 1018 2752
2752 1018 1804
1018 1804 2752
2215 1090 2853
2853 1090 2215
1090 2215 2853
515 371 2425
2425 371 515
371 515 2425
1102 1750 2154
1750 1102 2154
2154 1102 1750
374 1191 2786
2786 374 1191
1191 374 2786
298 1927 2431
2431 298 1927
1927 298 2431
2251 1606 2952
2952 1606 2251
1606 2251 2952
2917 1624 1764
1624 1764 2917
1764 1624 2917
952 488 2856
2856 488 952
488 952 2856
2161 806 1908
806 1908 2161
1908 806 2161
2840 129 1513
129 1513 2840
1513 129 2840
1512 468 1746
1746 468 1512
468 1512 1746
1583 1923 2953
2953 1583 1923
1923 1583 2953
750 608 2280
608 750 2280
2280 608 750
2426 1359 1470
1359 1470 2426
1470 1359 2426
2214 793 2045
793 2045 2214
2045 793 2214
575 259 1809
259 575 1809
1809 259 575
2242 1183 2127
1183 2127 2242
2127 1183 2242
2930 900 1230
1230 900 2930
900 1230 2930
2335 176 419
419 176 2335
176 419 2335
101 2510 2922
2922 101 2510
2510 101 2922
1658 1884 2884
2884 1658 1884
1884 1658 2884
251 1349 2131
1349 251 2131
2131 251 1349
2247 1756 2472
1756 2247 2472
2472 1756 2247
178 1205 1227
1205 178 1227
1227 178 1205
1704 942 1732
1732 942 1704
942 1704 1732
960 1295 2713
1295 960 2713
2713 960 1295
1802 1276 1417
1417 1276 1802
1276 1417 1802
13 132 2948
2948 13 132
132 13 2948
1587 808 1521
808 1521 1587
1521 808 1587
155 1094 1577
1577 155 1094
1094 155 1577
1852 17 719
17 719 1852
719 17 1852
2187 230 1283
230 1283 2187
1283 230 2187
1233 1370 2615
1370 1233 2615
2615 1233 1370
2058 1683 2651
1683 2058 2651
2651 1683 2058
63 382 1836
1836 63 382
382 63 1836
2300 180 2666
180 2300 2666
2666 180 2300
1517 356 2080
2080 356 1517
356 1517 2080
2173 441 2960
2960 441 2173
441 2173 2960
670 1154 1910
1910 670 1154
1154 670 1910
2602 918 1928
1928 918 2602
918 1928 2602
561 967 1725
1725 561 967
967 561 1725
1882 1162 2393
1162 1882 2393
2393 1162 1882
1082 122 1920
122 1082 1920
1920 122 1082
2460 1866 2746
2746 1866 2460
1866 2460 2746
1052 943 2033
2033 943 1052
943 1052 2033
363 985 1056
1056 363 985
985 363 1056
2384 585 643
585 643 2384
643 585 2384
1715 906 2398
2398 906 1715
906 1715 2398
2094 1343 2118
1343 2094 2118
2118 1343 2094
1689 216 2873
2873 216 1689
216 1689 2873
302 1256 1768
1768 302 1256
1256 302 1768
2743 1116 2927
1116 2743 2927
2927 1116 2743
33 2588 2916
2588 33 2916
2916 33 2588
1364 292 983
292 983 1364
983 292 1364
1554 417 595
595 417 1554
417 595 1554
1511 1317 2263
2263 1317 1511
1317 1511 2263
1259 503 1196
503 1196 1259
1196 503 1259
2574 478 2880
2880 478 2574
478 2574 2880
1986 652 2794
2794 652 1986
652 1986 2794
2225 566 843
566 843 2225
843 566 2225
1541 25 213
25 213 1541
213 25 1541
755 2178 2624
2178 755 2624
2624 755 2178
1345 1011 2636
2636 1011 1345
1011 1345 2636
1815 581 2645
2645 581 1815
581 1815 2645
2625 1586 2760
2760 1586 2625
1586 2625 2760
1397 740 2837
2837 740 1397
740 1397 2837
2326 1113 2349
2349 1113 2326
1113 2326 2349
961 1634 2073
1634 961 2073
2073 961 1634
423 1610 2415
1610 423 2415
2415 423 1610
565 768 1913
1913 565 768
768 565 1913
2317 1529 2266
2266 1529 2317
1529 2266 2317
1405 1301 1762
1762 1301 1405
1301 1405 1762
454 1021 2508
2508 454 1021
1021 454 2508
929 105 682
105 682 929
682 105 929
2679 730 1073
730 1073 2679
1073 730 2679
1245 1494 2744
2744 1245 1494
1494 1245 2744
1608 2691 2996
2691 1608 2996
2996 1608 2691
14 2822 2978
2822 14 2978
2978 14 2822
351 1889 2362
2362 351 1889
1889 351 2362
1614 1096 1386
1386 1096 1614
1096 1386 1614
2950 2543 2558
2543 2558 2950
2558 2543 2950
2688 2227 2536
2227 2536 2688
2536 2227 2688
1374 1597 2345
1597 1374 2345
2345 1374 1597
2937 1760 2473
2473 1760 2937
1760 2473 2937
1187 135 1891
135 1187 1891
1891 135 1187
2390 969 1919
969 1919 2390
1919 969 2390
458 1837 2979
1837 458 2979
2979 458 1837
15 1139 1471
1471 15 1139
1139 15 1471
439 2211 2779
2211 439 2779
2779 439 2211
725 403 1460
403 725 1460
1460 403 725
1697 988 2519
2519 988 1697
988 1697 2519
1252 1105 1773
1105 1252 1773
1773 1105 1252
2718 509 970
509 970 2718
970 509 2718
1502 527 1982
527 1502 1982
1982 527 1502
1845 1126 2269
1126 1845 2269
2269 1126 1845
1858 734 2761
734 1858 2761
2761 734 1858
2208 653 878
653 878 2208
878 653 2208
2643 558 1530
558 1530 2643
1530 558 2643
2535 2056 2288
2288 2056 2535
2056 2288 2535
875 1649 2912
2912 875 1649
1649 875 2912
2629 111 1566
111 1566 2629
1566 111 2629
2735 2277 2383
2277 2383 2735
2383 2277 2735
1522 1410 1685
1685 1410 1522
1410 1522 1685
635 2399 2596
2399 635 2596
2596 635 2399
1925 140 1328
140 1328 1925
1328 140 1925
2787 576 2864
576 2787 2864
2864 576 2787
1698 1192 1796
1192 1698 1796
1796 1192 1698
315 1723 2063
2063 315 1723
1723 315 2063
654 5 237
237 5 654
5 237 654
1653 647 1098
647 1098 1653
1098 647 1653
2600 1688 1826
1688 1826 2600
1826 1688 2600
29 331 450
331 29 450
450 29 331
2647 137 751
137 751 2647
751 137 2647
1047 959 1136
959 1047 1136
1136 959 1047
1498 146 686
146 686 1498
686 146 1498
51 1366 1482
1366 51 1482
1482 51 1366
2336 2565 2689
2565 2336 2689
2689 2336 2565
1642 99 716
99 716 1642
716 99 1642
2254 1794 2069
1794 2069 2254
2069 1794 2254
2102 355 871
355 871 2102
871 355 2102
297 659 1413
1413 297 659
659 297 1413
679 1218 2235
1218 679 2235
2235 679 1218
2961 197 600
197 600 2961
600 197 2961
2147 31 2083
2083 31 2147
31 2083 2147
1872 622 2250
2250 622 1872
622 1872 2250
2303 1687 2748
1687 2303 2748
2748 1687 2303
89 711 2824
2824 89 711
711 89 2824
1239 973 2524
2524 973 1239
973 1239 2524
2648 1803 2146
1803 2146 2648
2146 1803 2648
2814 27 266
266 27 2814
27 266 2814
131 481 2485
2485 131 481
481 131 2485
832 328 880
328 832 880
880 328 832
1480 2175 2307
2175 1480 2307
2307 1480 2175
610 82 2209
2209 82 610
82 610 2209
714 138 1190
1190 138 714
138 714 1190
1931 1040 1684
1040 1684 1931
1684 1040 1931
645 796 2852
796 645 2852
2852 645 796
2577 850 2613
850 2577 2613
2613 850 2577
2061 149 936
149 936 2061
936 149 2061
254 125 1059
1059 125 254
125 254 1059
1238 162 505
505 162 1238
162 505 1238
2972 989 1733
989 1733 2972
1733 989 2972
360 1069 2983
2983 360 1069
1069 360 2983
825 36 433
433 36 825
36 433 825
2505 978 1074
978 1074 2505
1074 978 2505
452 1956 2659
1956 452 2659
2659 452 1956
1429 154 438
154 438 1429
438 154 1429
920 1672 2793
1672 920 2793
2793 920 1672
1347 183 2109
183 1347 2109
2109 183 1347
821 537 995
537 821 995
995 537 821
2302 827 1414
1414 827 2302
827 1414 2302
2368 1244 2124
2124 1244 2368
1244 2124 2368
932 12 2764
12 932 2764
2764 12 932
2868 2325 2407
2325 2407 2868
2407 2325 2868
2121 1315 2618
2618 1315 2121
1315 2121 2618
1243 1814 2669
2669 1243 1814
1814 1243 2669
1134 1987 2775
2775 1134 1987
1987 1134 2775
994 2795 2962
2962 994 2795
2795 994 2962
2499 1169 2051
2051 1169 2499
1169 2051 2499
1741 238 1702
1702 238 1741
238 1702 1741
2806 1655 2103
2103 1655 2806
1655 2103 2806
1441 1730 2018
1730 1441 2018
2018 1441 1730
2031 394 447
394 447 2031
447 394 2031
2133 1946 2846
1946 2133 2846
2846 1946 2133
1111 2305 2412
2305 1111 2412
2412 1111 2305
2197 245 2491
245 2197 2491
2491 245 2197
1325 1792 2369
1792 1325 2369
2369 1325 1792
925 727 2152
2152 727 925
727 925 2152
117 1267 2259
1267 117 2259
2259 117 1267
1099 2224 2526
2224 1099 2526
2526 1099 2224
1051 278 1475
1475 278 1051
278 1051 1475
187 1185 2096
1185 187 2096
2096 187 1185
2925 2108 2792
2108 2792 2925
2792 2108 2925
206 1289 2768
1289 206 2768
2768 206 1289
2299 1290 2093
1290 2093 2299
2093 1290 2299
1711 501 1995
501 1711 1995
1995 501 1711
1674 95 1978
95 1674 1978
1978 95 1674
317 769 2692
769 317 2692
2692 317 769
2732 2537 2722
2722 2537 2732
2537 2722 2732
680 545 2906
545 680 2906
2906 545 680
1744 43 1673
1673 43 1744
43 1673 1744
1859 404 2627
2627 404 1859
404 1859 2627
1166 373 2416
2416 373 1166
373 1166 2416
1095 1860 2077
2077 1095 1860
1860 1095 2077
1141 139 445
139 445 1141
445 139 1141
1453 863 2185
863 1453 2185
2185 863 1453
2331 1734 2486
1734 2331 2486
2486 1734 2331
1188 341 1129
341 1129 1188
1129 341 1188
165 1721 2170
2170 165 1721
1721 165 2170
2875 126 2071
2071 126 2875
126 2071 2875
342 1251 1293
1251 342 1293
1293 342 1251
2347 400 1189
400 1189 2347
1189 400 2347
833 1563 2496
1563 833 2496
2496 833 1563
46 2567 2740
2567 46 2740
2740 46 2567
1833 372 916
372 916 1833
916 372 1833
80 579 1211
579 80 1211
1211 80 579
816 923 1216
1216 816 923
923 816 1216
2920 1339 2019
1339 2019 2920
2019 1339 2920
2709 657 1012
657 1012 2709
1012 657 2709
1303 836 1178
1178 836 1303
836 1178 1303
1508 177 1200
1200 177 1508
177 1200 1508
1241 1329 1455
1455 1241 1329
1329 1241 1455
473 1381 2075
2075 473 1381
1381 473 2075
2781 1001 1570
1570 1001 2781
1001 1570 2781
1155 1959 2281
2281 1155 1959
1959 1155 2281
2855 668 1203
668 1203 2855
1203 668 2855
631 18 2376
2376 18 631
18 631 2376
62 1532 2940
1532 62 2940
2940 62 1532
1261 2436 2932
2932 1261 2436
2436 1261 2932
839 2137 2183
2183 839 2137
2137 839 2183
1749 548 1869
548 1749 1869
1869 548 1749
1015 2292 2820
2292 1015 2820
2820 1015 2292
2587 65 396
396 65 2587
65 396 2587
2275 776 2289
776 2275 2289
2289 776 2275
1481 221 1467
221 1467 1481
1467 221 1481
2799 523 1777
1777 523 2799
523 1777 2799
543 1984 2527
1984 543 2527
2527 543 1984
1195 309 1161
1161 309 1195
309 1161 1195
434 211 2443
211 434 2443
2443 211 434
2241 830 2721
2721 830 2241
830 2241 2721
2797 1145 2385
2385 1145 2797
1145 2385 2797
2298 572 1170
572 1170 2298
1170 572 2298
1270 1064 2601
2601 1064 1270
1064 1270 2601
2258 1291 2878
1291 2258 2878
2878 1291 2258
1631 1393 2584
1393 1631 2584
2584 1393 1631
1963 1048 1857
1857 1048 1963
1048 1857 1963
1520 1526 2167
2167 1520 1526
1526 1520 2167
288 151 2010
2010 151 288
151 288 2010
2318 272 1798
272 1798 2318
1798 272 2318
430 508 1628
1628 430 508
508 430 1628
175 962 2876
2876 175 962
962 175 2876
60 2580 2662
2662 60 2580
2580 60 2662
697 2668 2699
2699 697 2668
2668 697 2699
204 40 1648
1648 40 204
40 204 1648
937 275 2703
275 937 2703
2703 275 937
2802 425 2200
425 2200 2802
2200 425 2802
1128 2042 2570
2042 1128 2570
2570 1128 2042
1219 1344 1818
1344 1219 1818
1818 1219 1344
2784 617 1557
1557 617 2784
617 1557 2784
614 1077 2644
1077 614 2644
2644 614 1077
2712 762 2678
762 2678 2712
2678 762 2712
1755 905 2462
2462 905 1755
905 1755 2462
1785 169 651
169 651 1785
651 169 1785
2830 1902 2195
1902 2195 2830
2195 1902 2830
1214 164 322
322 164 1214
164 322 1214
1707 587 1806
587 1707 1806
1806 587 1707
2279 429 1307
1307 429 2279
429 1307 2279
756 1663 2942
1663 756 2942
2942 756 1663
2076 616 2375
2375 616 2076
616 2076 2375
345 269 691
269 345 691
691 269 345
311 1849 2378
2378 311 1849
1849 311 2378
2568 1459 2548
2548 1459 2568
1459 2548 2568
726 1232 2835
2835 726 1232
1232 726 2835
2232 440 2828
440 2232 2828
2828 440 2232
758 611 1789
611 758 1789
1789 611 758
358 232 1085
232 358 1085
1085 232 358
1258 1778 2386
1778 1258 2386
2386 1258 1778
580 528 2771
2771 528 580
528 580 2771
2377 2638 2757
2638 2377 2757
2757 2377 2638
2435 815 2048
815 2048 2435
2048 815 2435
353 675 858
675 353 858
858 353 675
2222 818 1087
818 1087 2222
1087 818 2222
2454 2169 2857
2169 2454 2857
2857 2169 2454
2498 229 2497
229 2497 2498
2497 229 2498
1980 1454 2264
2264 1454 1980
1454 1980 2264
2706 1158 2036
1158 2036 2706
2036 1158 2706
2631 674 1379
1379 674 2631
674 1379 2631
1531 114 2583
114 1531 2583
2583 114 1531
1592 276 2734
276 1592 2734
2734 276 1592
424 207 2043
207 424 2043
2043 207 424
2213 2539 2833
2539 2213 2833
2833 2213 2539
917 573 1696
1696 573 917
573 917 1696
375 134 2084
134 375 2084
2084 134 375
2538 931 1000
1000 931 2538
931 1000 2538
1937 1783 2640
1783 1937 2640
2640 1783 1937
1877 1693 1737
1737 1693 1877
1693 1737 1877
1501 480 1948
480 1501 1948
1948 480 1501
250 1718 2065
2065 250 1718
1718 250 2065
1934 1848 2380
2380 1848 1934
1848 1934 2380
449 1821 1900
1821 449 1900
1900 449 1821
1816 628 2791
628 1816 2791
2791 628 1816
1700 432 1182
1182 432 1700
432 1182 1700
287 498 2188
498 287 2188
2188 287 498
1748 2406 2858
2406 1748 2858
2858 1748 2406
2101 83 992
83 992 2101
992 83 2101
2585 193 819
193 819 2585
819 193 2585
312 927 1217
1217 312 927
927 312 1217
116 650 1543
650 116 1543
1543 116 650
1797 695 2934
2934 695 1797
695 1797 2934
912 53 598
53 598 912
598 53 912
2540 980 1810
1810 980 2540
980 1810 2540
1306 115 1827
115 1306 1827
1827 115 1306
958 621 2672
2672 621 958
621 958 2672
2515 150 2220
2220 150 2515
150 2220 2515
1394 2032 2313
2313 1394 2032
2032 1394 2313
1061 1421 2388
2388 1061 1421
1421 1061 2388
1991 410 1712
1712 410 1991
410 1712 1991
368 236 2165
236 368 2165
2165 236 368
2201 589 1536
589 1536 2201
1536 589 2201
1148 74 1248
1248 74 1148
74 1148 1248
1903 524 2894
2894 524 1903
524 1903 2894
2924 110 557
557 110 2924
110 557 2924
2276 475 2210
2210 475 2276
475 2210 2276
1912 1399 1901
1399 1901 1912
1901 1399 1912
1146 700 1452
700 1146 1452
1452 700 1146
1462 467 2484
467 1462 2484
2484 467 1462
153 282 1492
282 153 1492
1492 153 282
919 746 2483
746 919 2483
2483 746 919
2591 928 1032
1032 928 2591
928 1032 2591
1277 722 1201
1201 722 1277
722 1201 1277
338 721 2098
2098 338 721
721 338 2098
2832 79 1822
79 1822 2832
1822 79 2832
2422 1053 1929
1929 1053 2422
1053 1929 2422
214 869 2923
869 214 2923
2923 214 869
556 451 632
632 451 556
451 556 632
2632 1272 2062
2062 1272 2632
1272 2062 2632
1091 2593 2973
2593 1091 2973
2973 1091 2593
633 562 1490
562 633 1490
1490 562 633
1324 1391 2006
2006 1324 1391
1391 1324 2006
1354 1210 2893
2893 1210 1354
1210 1354 2893
2612 2731 2783
2731 2612 2783
2783 2612 2731
2120 1164 1772
1772 1164 2120
1164 1772 2120
2421 166 656
656 166 2421
166 656 2421
739 949 2628
949 739 2628
2628 739 949
308 1115 2928
2928 308 1115
1115 308 2928
1864 646 2654
2654 646 1864
646 1864 2654
1944 409 2397
409 1944 2397
2397 409 1944
1268 37 2842
2842 37 1268
37 1268 2842
1168 870 2404
2404 870 1168
870 1168 2404
1068 2005 2487
2487 1068 2005
2005 1068 2487
1092 1112 1897
1112 1092 1897
1897 1092 1112
882 2026 2346
2346 882 2026
2026 882 2346
2977 1486 2216
1486 2216 2977
2216 1486 2977
2845 94 1013
1013 94 2845
94 1013 2845
416 837 1926
1926 416 837
837 416 1926
1875 521 778
778 521 1875
521 778 1875
2621 993 2710
993 2621 2710
2710 993 2621
199 1184 2204
1184 199 2204
2204 199 1184
186 1274 1415
1274 186 1415
1415 186 1274
2046 1914 2057
1914 2046 2057
2057 1914 2046
307 901 1808
901 307 1808
1808 307 901
2184 93 2959
2959 93 2184
93 2184 2959
2140 50 329
50 329 2140
329 50 2140
896 130 286
130 286 896
286 130 896
487 2341 2622
2341 487 2622
2622 487 2341
195 334 710
710 195 334
334 195 710
2148 284 911
911 284 2148
284 911 2148
823 661 2869
661 823 2869
2869 661 823
2944 597 642
642 597 2944
597 642 2944
666 1180 2149
1180 666 2149
2149 666 1180
2107 1625 2356
2356 1625 2107
1625 2107 2356
2256 357 811
357 811 2256
811 357 2256
158 209 431
209 158 431
431 158 209
1124 24 2382
24 1124 2382
2382 24 1124
2401 260 892
260 892 2401
892 260 2401
1046 703 760
703 760 1046
760 703 1046
1883 1495 2265
1495 1883 2265
2265 1495 1883
1961 2452 2753
2753 1961 2452
2452 1961 2753
2507 2231 2727
2231 2507 2727
2727 2231 2507
2392 270 539
539 270 2392
270 539 2392
2350 641 1817
641 1817 2350
1817 641 2350
2849 500 955
500 955 2849
955 500 2849
2106 2007 2196
2007 2106 2196
2196 2007 2106
1348 604 1942
604 1348 1942
1942 604 1348
872 2446 2898
2898 872 2446
2446 872 2898
1231 352 1729
1729 352 1231
352 1231 1729
407 1670 1832
1670 407 1832
1832 407 1670
2829 59 2022
2022 59 2829
59 2022 2829
2649 1057 2957
1057 2649 2957
2957 1057 2649
1590 1561 1591
1591 1561 1590
1561 1590 1591
1595 499 2219
499 1595 2219
2219 499 1595
2825 109 1791
109 1791 2825
1791 109 2825
1314 2364 2938
2364 1314 2938
2938 1314 2364
1706 913 1034
1034 913 1706
913 1034 1706
1165 586 705
705 586 1165
586 705 1165
2028 530 1761
1761 530 2028
530 1761 2028
1564 393 1585
1585 393 1564
393 1564 1585
2844 1020 1650
1650 1020 2844
1020 1650 2844
1593 1509 1965
1965 1509 1593
1509 1593 1965
2985 87 2639
87 2639 2985
2639 87 2985
412 203 1782
1782 203 412
203 412 1782
2206 2310 2976
2976 2206 2310
2310 2206 2976
2509 1676 2202
1676 2202 2509
2202 1676 2509
733 1149 2838
1149 733 2838
2838 733 1149
1083 648 1807
1807 648 1083
648 1083 1807
301 1198 1813
1813 301 1198
1198 301 1813
1456 782 1008
782 1008 1456
1008 782 1456
759 792 1202
792 759 1202
1202 759 792
2396 845 1841
845 1841 2396
1841 845 2396
1079 536 1626
1626 536 1079
536 1079 1626
638 531 2282
2282 531 638
531 638 2282
1220 246 256
246 256 1220
256 246 1220
1311 343 2191
2191 343 1311
343 1311 2191
2050 462 1652
1652 462 2050
462 1652 2050
485 1135 1603
1135 485 1603
1603 485 1135
1127 834 859
834 859 1127
859 834 1127
781 442 2278
2278 442 781
442 781 2278
305 97 2620
2620 97 305
97 305 2620
1060 513 2808
513 1060 2808
2808 513 1060
2455 2489 2610
2489 2455 2610
2610 2455 2489
1886 1936 2144
1936 1886 2144
2144 1886 1936
2245 874 2759
2759 874 2245
874 2245 2759
771 820 2913
2913 771 820
820 771 2913
893 76 1194
76 893 1194
1194 76 893
1385 506 1829
1829 506 1385
506 1385 1829
427 817 1334
817 427 1334
1334 427 817
507 466 2267
2267 466 507
466 507 2267
381 1234 2198
1234 381 2198
2198 381 1234
2402 1835 2986
1835 2402 2986
2986 1835 2402
707 899 2132
899 707 2132
2132 707 899
1892 224 1353
1353 224 1892
224 1353 1892
2790 1107 2685
1107 2685 2790
2685 1107 2790
1309 171 1738
171 1309 1738
1738 171 1309
1922 1775 2635
2635 1775 1922
1775 1922 2635
170 142 1110
142 170 1110
1110 142 170
583 763 1433
1433 583 763
763 583 1433
2655 1812 2315
1812 2315 2655
2315 1812 2655
124 502 1853
502 124 1853
1853 124 502
2562 104 406
104 406 2562
406 104 2562
385 189 644
644 189 385
189 385 644
2566 19 2113
2113 19 2566
19 2113 2566
2417 1361 2052
2052 1361 2417
1361 2052 2417
752 1212 1847
1847 752 1212
1212 752 1847
222 1138 2553
1138 222 2553
2553 222 1138
379 1546 2000
2000 379 1546
1546 379 2000
2243 465 2776
465 2243 2776
2776 465 2243
2493 1036 2344
2344 1036 2493
1036 2344 2493
1589 1477 2541
1477 1589 2541
2541 1477 1589
1172 2560 2634
2634 1172 2560
2560 1172 2634
2400 945 2136
945 2136 2400
2136 945 2400
1007 1005 1981
1005 1007 1981
1981 1005 1007
538 68 2733
2733 68 538
68 538 2733
910 92 2815
2815 92 910
92 910 2815
1504 219 1066
1066 219 1504
219 1066 1504
1193 2827 2998
2998 1193 2827
2827 1193 2998
1278 2769 2971
2971 1278 2769
2769 1278 2971
1660 623 2141
623 1660 2141
2141 623 1660
2650 777 1342
777 1342 2650
