2853 1753 1983
1753 1983 2853
1983 1753 2853
392 1070 1403
1403 392 1070
1070 392 1403
155 1394 1609
1394 155 1609
1609 155 1394
2034 1061 2943
2943 1061 2034
1061 2034 2943
363 545 1840
1840 363 545
545 363 1840
1088 961 1966
1966 961 1088
961 1088 1966
1201 1492 2606
1492 1201 2606
2606 1201 1492
204 243 1887
243 204 1887
1887 204 243
2474 871 2363
2363 871 2474
871 2363 2474
1307 889 2333
2333 889 1307
889 1307 2333
1381 2089 2718
2089 1381 2718
2718 1381 2089
1928 1246 1369
1369 1246 1928
1246 1369 1928
1509 1747 2021
2021 1509 1747
1747 1509 2021
673 43 2140
43 673 2140
2140 43 673
898 2198 2839
2839 898 2198
2198 898 2839
2432 352 2161
352 2161 2432
2161 352 2432
2447 1991 2178
1991 2178 2447
2178 1991 2447
2518 1135 2471
1135 2471 2518
2471 1135 2518
2200 698 1200
1200 698 2200
698 1200 2200
1799 523 1328
523 1328 1799
1328 523 1799
2365 806 813
806 813 2365
813 806 2365
1031 1327 1788
1327 1031 1788
1788 1031 1327
1830 2596 2800
2596 1830 2800
2800 1830 2596
2709 1736 1805
1805 1736 2709
1736 1805 2709
2354 272 858
272 858 2354
858 272 2354
1681 1074 1715
1715 1074 1681
1074 1681 1715
491 931 2391
2391 491 931
931 491 2391
1988 193 2493
2493 193 1988
193 1988 2493
2903 643 1020
1020 643 2903
643 1020 2903
1189 1785 2047
2047 1189 1785
1785 1189 2047
923 588 1339
1339 588 923
588 923 1339
2332 978 2815
978 2332 2815
2815 978 2332
1639 1732 2555
2555 1639 1732
1732 1639 2555
1600 42 2268
42 1600 2268
2268 42 1600
340 226 1762
226 340 1762
1762 226 340
2568 2054 2830
2054 2568 2830
2830 2054 2568
188 472 969
969 188 472
472 188 969
1252 311 2209
311 1252 2209
2209 311 1252
1619 868 2023
2023 868 1619
868 1619 2023
2487 8 646
646 8 2487
8 646 2487
1654 388 1955
388 1654 1955
1955 388 1654
60 885 2765
885 60 2765
2765 60 885
18 762 2084
2084 18 762
762 18 2084
2711 722 1224
1224 722 2711
722 1224 2711
1466 936 2398
2398 936 1466
936 1466 2398
1816 507 727
727 507 1816
507 727 1816
679 1616 2468
2468 679 1616
1616 679 2468
2055 1945 2570
2570 1945 2055
1945 2055 2570
2243 578 2653
578 2243 2653
2653 578 2243
76 104 1774
1774 76 104
104 76 1774
197 791 2687
2687 197 791
791 197 2687
2843 1147 1416
1416 1147 2843
1147 1416 2843
2737 2498 2734
2498 2734 2737
2734 2498 2737
2483 720 2356
2356 720 2483
720 2356 2483
1392 2041 2725
2041 1392 2725
2725 1392 2041
1585 182 895
895 182 1585
182 895 1585
2416 92 355
355 92 2416
92 355 2416
1519 291 1544
1544 291 1519
291 1519 1544
2221 555 1719
1719 555 2221
555 1719 2221
1145 704 2092
704 1145 2092
2092 704 1145
2337 1273 2310
2310 1273 2337
1273 2310 2337
1517 443 1551
443 1517 1551
1551 443 1517
597 181 2816
181 597 2816
2816 181 597
1194 2320 2543
2320 1194 2543
2543 1194 2320
158 1379 1815
1379 158 1815
1815 158 1379
386 2025 2878
2878 386 2025
2025 386 2878
434 1226 2626
1226 434 2626
2626 434 1226
571 603 744
744 571 603
603 571 744
1121 652 1814
652 1121 1814
1814 652 1121
163 265 2338
2338 163 265
265 163 2338
177 1858 2523
1858 177 2523
2523 177 1858
1856 90 1382
90 1382 1856
1382 90 1856
1855 1967 2118
2118 1855 1967
1967 1855 2118
883 635 2249
635 883 2249
2249 635 883
1660 697 1604
697 1604 1660
1604 697 1660
1376 653 2898
2898 653 1376
653 1376 2898
506 2219 2428
2219 506 2428
2428 506 2219
746 937 1684
1684 746 937
937 746 1684
2544 2545 2918
2545 2544 2918
2918 2544 2545
1314 864 1154
1154 864 1314
864 1154 1314
1896 1055 2347
1055 1896 2347
2347 1055 1896
1256 63 1886
1886 63 1256
63 1256 1886
611 924 2131
924 611 2131
2131 611 924
2019 471 2656
2656 471 2019
471 2019 2656
1080 1728 2652
2652 1080 1728
1728 1080 2652
396 1798 2677
2677 396 1798
1798 396 2677
564 2695 2926
2926 564 2695
2695 564 2926
225 1907 2792
1907 225 2792
2792 225 1907
514 812 1626
812 514 1626
1626 514 812
35 1119 1905
1905 35 1119
1119 35 1905
1511 469 1364
469 1364 1511
1364 469 1511
1759 297 425
297 425 1759
425 297 1759
1482 1901 2478
1901 1482 2478
2478 1482 1901
658 1294 1362
1362 658 1294
1294 658 1362
330 1089 2703
2703 330 1089
1089 330 2703
1190 123 2735
123 1190 2735
2735 123 1190
2275 1091 1424
1091 1424 2275
1424 1091 2275
540 1588 2485
2485 540 1588
1588 540 2485
1389 1016 1428
1016 1389 1428
1428 1016 1389
2798 284 1155
1155 284 2798
284 1155 2798
801 176 783
176 783 801
783 176 801
560 1934 2884
1934 560 2884
2884 560 1934
2384 1065 2534
1065 2384 2534
2534 1065 2384
2336 404 2868
2868 404 2336
404 2336 2868
660 1668 2897
1668 660 2897
2897 660 1668
2775 1977 2608
2608 1977 2775
1977 2608 2775
750 949 2402
949 750 2402
2402 750 949
742 2702 2849
2849 742 2702
2702 742 2849
1750 1141 2288
2288 1141 1750
1141 1750 2288
1233 275 2494
2494 275 1233
275 1233 2494
1545 1791 1979
1979 1545 1791
1791 1545 1979
382 908 1358
1358 382 908
908 382 1358
1499 682 1572
682 1499 1572
1572 682 1499
1618 522 910
910 522 1618
522 910 1618
133 1037 2778
2778 133 1037
1037 133 2778
93 353 1712
1712 93 353
353 93 1712
1388 464 2855
464 1388 2855
2855 464 1388
2409 14 1352
14 1352 2409
1352 14 2409
2913 206 1004
206 1004 2913
1004 206 2913
1811 138 1705
138 1705 1811
1705 138 1811
1548 370 1500
1500 370 1548
370 1500 1548
57 634 2785
634 57 2785
2785 57 634
1215 2039 2659
2039 1215 2659
2659 1215 2039
2908 677 1345
1345 677 2908
677 1345 2908
2086 444 860
444 860 2086
860 444 2086
2186 293 666
666 293 2186
293 666 2186
2928 734 2069
2069 734 2928
734 2069 2928
1780 113 2883
2883 113 1780
113 1780 2883
869 407 1374
1374 407 869
407 869 1374
2289 1451 2222
1451 2222 2289
2222 1451 2289
629 1198 1445
1198 629 1445
1445 629 1198
2664 663 1253
1253 663 2664
663 1253 2664
2593 1432 1881
1432 1881 2593
1881 1432 2593
2807 368 2633
368 2633 2807
2633 368 2807
19 1348 2193
2193 19 1348
1348 19 2193
1086 150 2837
2837 150 1086
150 1086 2837
1221 1239 1287
1287 1221 1239
1239 1221 1287
1018 612 1662
1662 612 1018
612 1018 1662
1182 1163 2376
1163 1182 2376
2376 1163 1182
1628 441 1434
1434 441 1628
441 1434 1628
2533 326 2506
2506 326 2533
326 2506 2533
2520 2425 2552
2552 2425 2520
2425 2520 2552
480 2076 2681
2076 480 2681
2681 480 2076
622 625 1783
1783 622 625
625 622 1783
34 149 1751
149 34 1751
1751 34 149
1383 2057 2996
2057 1383 2996
2996 1383 2057
1310 1996 2278
1996 1310 2278
2278 1310 1996
2179 1971 2392
1971 2179 2392
2392 1971 2179
861 579 2442
579 861 2442
2442 579 861
1036 1039 1565
1039 1036 1565
1565 1036 1039
1567 325 807
807 325 1567
325 807 1567
1508 233 2749
2749 233 1508
233 1508 2749
865 1306 1637
1637 865 1306
1306 865 1637
512 1207 2986
1207 512 2986
2986 512 1207
2185 1956 2499
1956 2185 2499
2499 1956 2185
1033 110 473
110 473 1033
473 110 1033
2528 989 1186
989 1186 2528
1186 989 2528
2856 1078 1778
1078 1778 2856
1778 1078 2856
2240 505 2950
2950 505 2240
505 2240 2950
1570 310 2136
2136 310 1570
310 1570 2136
2642 10 1046
1046 10 2642
10 1046 2642
2020 1168 2107
1168 2020 2107
2107 1168 2020
1839 338 1377
1377 338 1839
338 1377 1839
475 335 1581
335 475 1581
1581 335 475
743 1461 2344
1461 743 2344
2344 743 1461
268 135 1607
135 268 1607
1607 135 268
1097 700 2901
700 1097 2901
2901 700 1097
2205 205 1095
205 1095 2205
1095 205 2205
357 95 2026
95 357 2026
2026 95 357
737 1170 2744
2744 737 1170
1170 737 2744
517 1126 1465
1126 517 1465
1465 517 1126
1067 2739 2931
2739 1067 2931
2931 1067 2739
2085 559 1587
559 1587 2085
1587 559 2085
500 1 2024
2024 1 500
1 500 2024
1142 2230 2286
2230 1142 2286
2286 1142 2230
1467 348 2152
2152 348 1467
348 1467 2152
2991 2662 2691
2662 2691 2991
2691 2662 2991
992 1052 2495
2495 992 1052
1052 992 2495
2540 836 2387
836 2387 2540
2387 836 2540
1165 374 1656
374 1165 1656
1656 374 1165
2722 2214 2565
2565 2214 2722
2214 2565 2722
1898 1071 1274
1274 1071 1898
1071 1274 1898
2835 903 1068
1068 903 2835
903 1068 2835
1373 1969 2443
2443 1373 1969
1969 1373 2443
1347 331 2942
2942 331 1347
331 1347 2942
2890 17 2439
17 2439 2890
2439 17 2890
1915 1495 1974
1495 1915 1974
1974 1495 1915
724 921 1972
921 724 1972
1972 724 921
1117 1410 2318
1410 1117 2318
2318 1117 1410
1624 947 1757
947 1624 1757
1757 947 1624
143 2 2270
2 143 2270
2270 2 143
1171 398 1589
398 1171 1589
1589 398 1171
2294 1077 1436
1436 1077 2294
1077 1436 2294
968 395 1281
395 968 1281
1281 395 968
2155 1522 2164
1522 2155 2164
2164 1522 2155
659 121 321
321 121 659
121 321 659
2253 1965 2825
1965 2253 2825
2825 1965 2253
2135 2431 2635
2431 2135 2635
2635 2135 2431
457 427 2925
2925 427 457
427 457 2925
257 2716 2914
2914 257 2716
2716 257 2914
2536 905 1792
1792 905 2536
905 1792 2536
821 608 1851
1851 608 821
608 821 1851
2524 333 1276
1276 333 2524
333 1276 2524
251 1027 1247
1247 251 1027
1027 251 1247
2043 49 837
49 837 2043
837 49 2043
419 793 1623
793 419 1623
1623 419 793
1205 556 2587
2587 556 1205
556 1205 2587
582 1546 2303
1546 582 2303
2303 582 1546
1280 557 1829
1829 557 1280
557 1280 1829
2399 641 2121
641 2121 2399
2121 641 2399
241 33 2666
2666 33 241
33 241 2666
414 586 2237
586 414 2237
2237 414 586
752 1411 2028
1411 752 2028
2028 752 1411
1576 846 2011
846 1576 2011
2011 846 1576
1125 118 2287
2287 118 1125
118 1125 2287
859 1808 2297
2297 859 1808
1808 859 2297
1433 1028 1196
1028 1196 1433
1196 1028 1433
2972 1123 1738
1738 1123 2972
1123 1738 2972
2070 1556 2770
2770 1556 2070
1556 2070 2770
708 390 2670
390 708 2670
2670 390 708
2515 1292 1698
1292 1698 2515
1698 1292 2515
2126 84 2834
84 2126 2834
2834 84 2126
2773 633 1523
1523 633 2773
633 1523 2773
258 489 2584
2584 258 489
489 258 2584
740 415 570
570 415 740
415 570 740
48 1429 1993
1993 48 1429
1429 48 1993
1613 1235 1456
1456 1235 1613
1235 1456 1613
811 2129 2369
2369 811 2129
2129 811 2369
1834 1984 2290
2290 1834 1984
1984 1834 2290
455 2819 2864
2864 455 2819
2819 455 2864
2675 1308 2331
1308 2331 2675
2331 1308 2675
2192 422 1178
422 1178 2192
1178 422 2192
784 365 2713
365 784 2713
2713 365 784
2637 280 930
930 280 2637
280 930 2637
2558 1366 2127
1366 2127 2558
2127 1366 2558
1848 24 1203
1203 24 1848
24 1203 1848
730 174 2601
174 730 2601
2601 174 730
1686 1048 2699
2699 1048 1686
1048 1686 2699
2212 1298 2747
1298 2212 2747
2747 1298 2212
2708 259 1939
1939 259 2708
259 1939 2708
999 165 1051
165 999 1051
1051 165 999
1026 1151 1825
1825 1026 1151
1151 1026 1825
2804 888 1449
888 1449 2804
1449 888 2804
834 2005 2727
2005 834 2727
2727 834 2005
1372 1079 1213
1079 1213 1372
1213 1079 1372
2246 2605 2977
2605 2246 2977
2977 2246 2605
1998 266 1914
266 1914 1998
1914 266 1998
1761 904 2755
2755 904 1761
904 1761 2755
2714 981 1321
1321 981 2714
981 1321 2714
1615 80 2296
2296 80 1615
80 1615 2296
1561 412 1787
412 1561 1787
1787 412 1561
1958 815 1251
815 1251 1958
1251 815 1958
983 690 928
928 690 983
690 928 983
1566 1218 2088
2088 1218 1566
1218 1566 2088
2263 468 2251
2251 468 2263
468 2251 2263
228 1876 2385
1876 228 2385
2385 228 1876
1124 2117 2207
2207 1124 2117
2117 1124 2207
2410 1407 2030
1407 2030 2410
2030 1407 2410
152 1676 2130
2130 152 1676
1676 152 2130
494 2134 2896
2134 494 2896
2896 494 2134
126 1422 2872
1422 126 2872
2872 126 1422
1919 270 1360
1360 270 1919
270 1360 1919
1185 2457 2912
2457 1185 2912
2912 1185 2457
1744 820 2144
820 1744 2144
2144 820 1744
1087 438 1739
1739 438 1087
438 1087 1739
1860 380 2008
380 1860 2008
2008 380 1860
1062 2062 2492
2062 1062 2492
2492 1062 2062
1217 987 1877
987 1217 1877
1877 987 1217
2549 381 1290
1290 381 2549
381 1290 2549
1828 1515 2184
2184 1515 1828
1515 1828 2184
1107 1692 2068
1692 1107 2068
2068 1107 1692
519 384 418
418 384 519
384 418 519
518 932 1944
932 518 1944
1944 518 932
2657 651 1836
651 1836 2657
1836 651 2657
214 344 433
344 214 433
433 214 344
2349 1359 1400
1359 1400 2349
1400 1359 2349
2072 416 1002
1002 416 2072
416 1002 2072
2616 1209 1520
1209 1520 2616
1520 1209 2616
2583 146 279
146 279 2583
279 146 2583
731 1578 2847
1578 731 2847
2847 731 1578
446 1525 2971
1525 446 2971
2971 446 1525
2930 1535 1807
1535 1807 2930
1807 1535 2930
1867 2098 2875
2875 1867 2098
2098 1867 2875
134 2002 2393
2002 134 2393
2393 134 2002
1558 2298 2360
2360 1558 2298
2298 1558 2360
2412 112 1781
112 1781 2412
1781 112 2412
1622 83 1765
83 1622 1765
1765 83 1622
1439 1590 2109
2109 1439 1590
1590 1439 2109
1768 343 411
411 343 1768
343 411 1768
1693 965 2095
965 1693 2095
2095 965 1693
1094 1296 2985
1296 1094 2985
2985 1094 1296
583 623 1336
623 583 1336
1336 583 623
1399 1580 2990
1580 1399 2990
2990 1399 1580
189 1219 2165
2165 189 1219
1219 189 2165
1950 2620 2984
2620 1950 2984
2984 1950 2620
1594 1120 1478
1120 1478 1594
1478 1120 1594
1300 498 1559
1559 498 1300
498 1300 1559
2562 946 2119
946 2119 2562
2119 946 2562
1109 327 1391
327 1109 1391
1391 327 1109
664 1295 2717
2717 664 1295
1295 664 2717
2065 703 2669
2669 703 2065
703 2065 2669
1813 346 2381
346 1813 2381
2381 346 1813
509 1340 1414
1414 509 1340
1340 509 1414
7 726 2077
2077 7 726
726 7 2077
1249 73 211
211 73 1249
73 211 1249
2031 1093 2511
1093 2031 2511
2511 1093 2031
2064 1330 1518
1330 1518 2064
1518 1330 2064
452 580 2828
580 452 2828
2828 452 580
510 369 1131
1131 369 510
369 510 1131
2382 1620 1631
1620 1631 2382
1631 1620 2382
1874 1418 2748
2748 1418 1874
1418 1874 2748
2502 566 639
566 639 2502
639 566 2502
1740 428 657
428 657 1740
657 428 1740
1862 1112 2885
2885 1112 1862
1112 1862 2885
800 1819 2361
1819 800 2361
2361 800 1819
1289 1483 2831
2831 1289 1483
1483 1289 2831
826 52 1156
1156 52 826
52 826 1156
2063 1257 2651
1257 2063 2651
2651 1257 2063
1782 802 1530
1530 802 1782
802 1530 1782
2724 1325 1653
1325 1653 2724
1653 1325 2724
753 1222 1284
1222 753 1284
1284 753 1222
212 1261 1926
1926 212 1261
1261 212 1926
2509 2441 2721
2721 2441 2509
2441 2509 2721
322 1531 2649
1531 322 2649
2649 322 1531
1725 2341 2397
2397 1725 2341
2341 1725 2397
2094 901 2022
2022 901 2094
901 2022 2094
287 1959 2673
1959 287 2673
2673 287 1959
2887 2190 2730
2730 2190 2887
2190 2730 2887
1017 1303 1771
1771 1017 1303
1303 1017 1771
2304 41 2907
2907 41 2304
41 2304 2907
913 1351 1687
1351 913 1687
1687 913 1351
851 1661 2215
2215 851 1661
1661 851 2215
1188 1050 2603
2603 1050 1188
1050 1188 2603
2539 769 2945
769 2539 2945
2945 769 2539
454 191 2322
2322 191 454
191 454 2322
585 46 2954
2954 46 585
46 585 2954
1431 541 1985
541 1431 1985
1985 541 1431
942 1872 1949
1872 942 1949
1949 942 1872
2375 716 876
716 876 2375
876 716 2375
1144 549 606
549 606 1144
606 549 1144
749 628 1769
628 749 1769
1769 628 749
283 1674 2415
2415 283 1674
1674 283 2415
1427 1606 1883
1606 1427 1883
1883 1427 1606
2426 45 1260
1260 45 2426
45 1260 2426
854 777 1460
1460 777 854
777 854 1460
2647 1667 2569
2569 1667 2647
1667 2569 2647
1652 423 2952
2952 423 1652
423 1652 2952
1671 318 2357
318 1671 2357
2357 318 1671
640 373 2386
373 640 2386
2386 373 640
2120 1925 1933
1933 1925 2120
1925 1933 2120
1106 521 2905
521 1106 2905
2905 521 1106
763 661 718
718 661 763
661 718 763
2643 619 2245
619 2245 2643
2245 619 2643
2101 141 2272
2272 141 2101
141 2101 2272
162 1861 2993
2993 162 1861
1861 162 2993
1690 108 1586
1586 108 1690
108 1586 1690
431 768 1673
1673 431 768
768 431 1673
2269 397 636
397 636 2269
636 397 2269
2873 462 481
462 481 2873
481 462 2873
1402 1029 2000
1029 1402 2000
2000 1029 1402
364 1085 2066
1085 364 2066
2066 364 1085
2771 1417 2166
2166 1417 2771
1417 2166 2771
2922 267 2976
267 2922 2976
2976 267 2922
2046 1005 2761
1005 2046 2761
2761 1005 2046
2078 106 1384
1384 106 2078
106 1384 2078
1716 1011 2679
2679 1011 1716
1011 1716 2679
934 792 2508
792 934 2508
2508 792 934
2729 2299 2419
2299 2419 2729
2419 2299 2729
2769 1127 2191
2191 1127 2769
1127 2191 2769
1063 604 1824
1824 604 1063
604 1063 1824
2125 1582 2007
2007 1582 2125
1582 2007 2125
86 1592 2988
2988 86 1592
1592 86 2988
2083 54 1937
1937 54 2083
54 1937 2083
1132 808 1291
808 1132 1291
1291 808 1132
849 1645 2602
2602 849 1645
1645 849 2602
1786 235 2707
235 1786 2707
2707 235 1786
40 1629 2624
1629 40 2624
2624 40 1629
1128 695 2210
695 1128 2210
2210 695 1128
662 1795 2801
1795 662 2801
2801 662 1795
1335 575 1474
1474 575 1335
575 1335 1474
1564 187 1906
1906 187 1564
187 1564 1906
2693 1181 2808
1181 2693 2808
2808 1181 2693
59 1035 1713
1713 59 1035
1035 59 1713
164 950 1875
1875 164 950
950 164 1875
525 613 2743
613 525 2743
2743 525 613
30 131 2688
131 30 2688
2688 30 131
2018 1767 2033
1767 2018 2033
2033 1767 2018
699 1108 1513
1513 699 1108
1108 699 1513
406 994 1228
1228 406 994
994 406 1228
2003 692 3000
692 2003 3000
3000 692 2003
707 424 892
424 707 892
892 424 707
2283 55 1244
1244 55 2283
55 1244 2283
997 890 2915
890 997 2915
2915 890 997
1869 620 2160
2160 620 1869
620 1869 2160
1177 1191 1357
1357 1177 1191
1191 1177 1357
1009 874 2350
2350 874 1009
874 1009 2350
2433 829 2220
2220 829 2433
829 2220 2433
1365 1975 2963
1975 1365 2963
2963 1365 1975
785 98 1324
1324 98 785
98 785 1324
638 445 2093
2093 445 638
445 638 2093
1857 316 1216
316 1216 1857
1216 316 1857
2099 2388 2809
2388 2099 2809
2809 2099 2388
1409 161 2902
161 1409 2902
2902 161 1409
1211 216 1636
1636 216 1211
216 1211 1636
20 409 1270
1270 20 409
409 20 1270
2309 1448 2578
1448 2309 2578
2578 1448 2309
145 565 2638
565 145 2638
2638 145 565
2639 1909 2342
1909 2342 2639
2342 1909 2639
2422 691 2600
691 2422 2600
2600 691 2422
1866 1180 2482
2482 1180 1866
1180 1866 2482
2817 2777 2850
2777 2817 2850
2850 2777 2817
1683 336 1930
336 1683 1930
1930 336 1683
1243 593 2082
2082 593 1243
593 1243 2082
1454 1471 2362
1471 1454 2362
2362 1454 1471
2756 899 2947
2947 899 2756
899 2756 2947
550 324 1803
324 550 1803
1803 324 550
546 232 790
232 546 790
790 232 546
1754 632 2326
632 1754 2326
2326 632 1754
156 891 1476
891 156 1476
1476 156 891
1853 21 85
85 21 1853
21 85 1853
1161 1104 1297
1104 1161 1297
1297 1104 1161
1435 1401 1659
1401 1435 1659
1659 1401 1435
459 1184 2953
1184 459 2953
2953 459 1184
1173 1322 2682
2682 1173 1322
1322 1173 2682
986 201 617
617 201 986
201 617 986
1315 862 1947
1947 862 1315
862 1315 1947
1477 1153 2560
1153 1477 2560
2560 1153 1477
96 847 2424
847 96 2424
2424 96 847
2806 853 873
853 873 2806
873 853 2806
2009 1056 2267
2267 1056 2009
1056 2009 2267
1895 1695 1863
1863 1695 1895
1695 1863 1895
2793 701 1237
1237 701 2793
701 1237 2793
609 797 1452
1452 609 797
797 609 1452
2782 115 2231
115 2231 2782
2231 115 2782
631 2103 2157
2157 631 2103
2103 631 2157
569 2168 2580
2168 569 2580
2580 569 2168
2176 282 2224
282 2176 2224
2224 282 2176
944 1066 1801
1066 944 1801
1801 944 1066
2965 128 2690
128 2690 2965
2690 128 2965
786 642 2223
2223 642 786
642 786 2223
1602 1514 2182
1514 1602 2182
2182 1514 1602
288 1464 1970
1464 288 1970
1970 288 1464
875 51 770
770 51 875
51 770 875
2307 2372 2940
2372 2307 2940
2940 2307 2372
2418 771 2848
771 2418 2848
2848 771 2418
2791 1024 2811
2811 1024 2791
1024 2791 2811
1672 572 1663
1663 572 1672
572 1663 1672
1577 798 993
993 798 1577
798 993 1577
1849 1331 2238
1331 1849 2238
2238 1331 1849
262 840 879
840 262 879
879 262 840
1936 819 2122
2122 819 1936
819 1936 2122
2788 442 1497
1497 442 2788
442 1497 2788
2989 9 1784
9 1784 2989
1784 9 2989
1700 366 2880
366 1700 2880
2880 366 1700
2763 426 2440
426 2440 2763
2440 426 2763
332 1473 2881
1473 332 2881
2881 332 1473
82 1441 2698
1441 82 2698
2698 82 1441
2505 1922 2787
1922 2505 2787
2787 1922 2505
2235 809 2163
809 2163 2235
2163 809 2235
1212 132 1921
132 1212 1921
1921 132 1212
391 1490 1537
1537 391 1490
1490 391 1537
1440 1426 2137
1426 1440 2137
2137 1426 1440
2882 508 2340
508 2340 2882
2340 508 2882
680 1175 2059
2059 680 1175
1175 680 2059
972 171 2204
171 972 2204
2204 171 972
2865 2110 2514
2110 2514 2865
2514 2110 2865
2465 2438 2692
2692 2438 2465
2438 2465 2692
1138 2262 2557
2262 1138 2557
2557 1138 2262
1317 1539 1964
1539 1317 1964
1964 1317 1539
2389 1054 1640
1054 1640 2389
1640 1054 2389
2436 371 1268
371 1268 2436
1268 371 2436
2784 1030 2195
1030 2195 2784
2195 1030 2784
1796 2074 2577
2577 1796 2074
2074 1796 2577
2841 1472 1621
1621 1472 2841
1472 1621 2841
857 1420 1648
1648 857 1420
1420 857 1648
1316 354 501
501 354 1316
354 501 1316
2027 1258 1375
1258 1375 2027
1375 1258 2027
1770 970 2516
2516 970 1770
970 1770 2516
301 2448 2490
2490 301 2448
2448 301 2490
870 867 2720
867 870 2720
2720 867 870
1084 1045 1405
1045 1084 1405
1405 1045 1084
1396 217 2726
217 1396 2726
2726 217 1396
2280 2292 2936
2292 2280 2936
2936 2280 2292
1528 2368 2668
2668 1528 2368
2368 1528 2668
2258 2339 2955
2339 2258 2955
2955 2258 2339
70 531 1997
531 70 1997
1997 70 531
65 1059 2874
2874 65 1059
1059 65 2874
982 2489 2824
2489 982 2824
2824 982 2489
2434 102 2772
2772 102 2434
102 2434 2772
2526 2437 2854
2854 2437 2526
2437 2526 2854
2550 447 601
601 447 2550
447 601 2550
1096 1935 2466
1935 1096 2466
2466 1096 1935
511 1871 2573
1871 511 2573
2573 511 1871
1658 482 2173
482 1658 2173
2173 482 1658
1041 723 850
723 850 1041
850 723 1041
1044 963 1312
963 1044 1312
1312 963 1044
2450 1380 1408
1408 1380 2450
1380 1408 2450
1802 799 2535
799 1802 2535
2535 799 1802
1549 1507 1526
1526 1507 1549
1507 1526 1549
1279 535 757
757 535 1279
535 757 1279
958 880 2919
880 958 2919
2919 880 958
2236 2359 2417
2417 2236 2359
2359 2236 2417
2813 296 1963
296 1963 2813
1963 296 2813
2719 537 1841
1841 537 2719
537 1841 2719
261 767 2648
2648 261 767
767 261 2648
420 1259 2764
2764 420 1259
1259 420 2764
1670 345 2979
2979 345 1670
345 1670 2979
1100 1552 2658
2658 1100 1552
1552 1100 2658
1646 1598 2300
2300 1598 1646
1598 1646 2300
1304 2061 2889
2061 1304 2889
2889 1304 2061
2169 56 1505
1505 56 2169
56 1505 2169
2454 183 998
998 183 2454
183 998 2454
450 1015 2036
1015 450 2036
2036 450 1015
900 1501 1703
1501 900 1703
1703 900 1501
186 2757 2760
2760 186 2757
2757 186 2760
2650 313 1113
313 1113 2650
1113 313 2650
2842 360 400
360 400 2842
400 360 2842
2154 953 1323
953 1323 2154
1323 953 2154
1398 342 1913
1913 342 1398
342 1398 1913
2529 185 2247
2247 185 2529
185 2247 2529
573 2619 2973
2619 573 2973
2973 573 2619
120 2123 2279
2123 120 2279
2279 120 2123
77 97 383
383 77 97
97 77 383
2644 137 548
137 548 2644
548 137 2644
437 524 2517
524 437 2517
2517 437 524
542 2358 2980
2980 542 2358
2358 542 2980
1527 2588 2997
2588 1527 2997
2997 1527 2588
2148 943 2959
943 2148 2959
2959 943 2148
1903 196 2751
196 1903 2751
2751 196 1903
1946 1817 2174
1817 1946 2174
2174 1817 1946
64 966 2975
966 64 2975
2975 64 966
2444 99 1664
1664 99 2444
99 1664 2444
2423 1758 2706
1758 2423 2706
2706 1758 2423
100 2017 2904
2904 100 2017
2017 100 2904
1443 2400 2645
2400 1443 2645
2645 1443 2400
991 689 2464
2464 689 991
689 991 2464
2983 477 918
477 918 2983
918 477 2983
516 234 2141
234 516 2141
2141 234 516
403 393 948
393 403 948
948 393 403
2260 502 990
990 502 2260
502 990 2260
835 79 1583
1583 79 835
79 835 1583
1842 2153 2613
2153 1842 2613
2613 1842 2153
1129 385 1981
385 1129 1981
1981 385 1129
2035 250 1187
1187 250 2035
250 1187 2035
435 2479 2611
2611 435 2479
2479 435 2611
1393 198 236
198 236 1393
236 198 1393
2105 1665 2006
1665 2006 2105
2006 1665 2105
2575 227 577
227 577 2575
577 227 2575
430 1647 2654
1647 430 2654
2654 430 1647
2949 295 2115
2115 295 2949
295 2115 2949
654 1669 2689
1669 654 2689
2689 654 1669
935 1326 1694
1694 935 1326
1326 935 1694
239 202 1167
1167 202 239
202 239 1167
920 179 2738
2738 179 920
179 920 2738
595 1827 2328
2328 595 1827
1827 595 2328
2073 2274 2501
2274 2073 2501
2501 2073 2274
2467 299 1733
299 1733 2467
1733 299 2467
1013 758 878
878 758 1013
758 878 1013
159 2380 2810
2810 159 2380
2380 159 2810
772 209 527
527 209 772
209 527 772
1873 305 828
828 305 1873
305 828 1873
168 1929 1992
1992 168 1929
1929 168 1992
539 830 2923
830 539 2923
2923 539 830
2941 323 2313
2313 323 2941
323 2313 2941
1160 1285 2790
2790 1160 1285
1285 1160 2790
175 1110 2750
1110 175 2750
2750 175 1110
1485 28 810
810 28 1485
28 810 1485
2877 2183 2561
2561 2183 2877
2183 2561 2877
2371 919 2037
919 2037 2371
2037 919 2371
711 1385 1940
1385 711 1940
1940 711 1385
1710 1810 2566
1810 1710 2566
2566 1710 1810
656 89 2355
2355 89 656
89 656 2355
1743 1057 1319
1057 1319 1743
1319 1057 1743
1533 705 1752
705 1533 1752
1752 705 1533
139 91 621
91 139 621
621 91 139
671 596 684
684 596 671
596 671 684
1470 1245 1948
1245 1470 1948
1948 1245 1470
173 203 2032
2032 173 203
203 173 2032
2158 1506 2470
1506 2158 2470
2470 1506 2158
2974 877 2970
877 2970 2974
2970 877 2974
2014 670 2446
670 2014 2446
2446 670 2014
47 694 2264
2264 47 694
694 47 2264
2345 709 2181
709 2181 2345
2181 709 2345
2604 589 1502
1502 589 2604
589 1502 2604
2859 1305 2348
2348 1305 2859
1305 2348 2859
2106 166 1655
166 1655 2106
1655 166 2106
1766 461 1450
461 1450 1766
1450 461 1766
1878 962 2879
962 1878 2879
2879 962 1878
1275 229 1248
1248 229 1275
229 1248 1275
952 760 906
760 906 952
906 760 952
1651 160 1174
160 1174 1651
1174 160 1651
976 2001 2266
2001 976 2266
2266 976 2001
1254 207 1102
1102 207 1254
207 1102 1254
2044 562 2987
2987 562 2044
562 2044 2987
1823 1760 1809
1760 1809 1823
1809 1760 1823
184 242 2379
2379 184 242
242 184 2379
2111 2199 2696
2199 2111 2696
2696 2111 2199
1745 117 926
117 926 1745
926 117 1745
253 1293 1302
1293 253 1302
1302 253 1293
2112 200 1510
1510 200 2112
200 1510 2112
1542 1790 2049
2049 1542 1790
1790 1542 2049
306 12 312
312 12 306
12 306 312
2458 167 2594
167 2458 2594
2594 167 2458
2188 882 2628
882 2188 2628
2628 882 2188
2700 1459 2597
2597 1459 2700
1459 2597 2700
2961 1481 2281
1481 2281 2961
2281 1481 2961
529 307 1250
307 529 1250
1250 307 529
2315 496 1208
1208 496 2315
496 1208 2315
2496 458 2004
458 2004 2496
2004 458 2496
2585 1491 2128
1491 2128 2585
2128 1491 2585
2420 739 2701
2701 739 2420
739 2420 2701
2622 208 2401
208 2401 2622
2401 208 2622
2234 1868 2395
2395 1868 2234
1868 2234 2395
1406 1354 1415
1354 1406 1415
1415 1354 1406
2364 1206 2346
2346 1206 2364
1206 2346 2364
1818 590 974
590 974 1818
974 590 1818
2906 1571 2938
1571 2906 2938
2938 1571 2906
2967 429 2704
2704 429 2967
429 2704 2967
584 956 2888
956 584 2888
2888 584 956
1595 470 1496
470 1496 1595
1496 470 1595
717 647 1157
1157 647 717
647 717 1157
81 649 2900
649 81 2900
2900 81 649
1430 1463 2911
2911 1430 1463
1463 1430 2911
2208 1800 2629
2629 1800 2208
1800 2208 2629
367 2271 2927
2927 367 2271
2271 367 2927
2572 624 1342
624 1342 2572
1342 624 2572
13 803 2981
803 13 2981
2981 13 803
2414 678 2430
678 2414 2430
2430 678 2414
2500 485 2460
2460 485 2500
485 2460 2500
655 224 1350
224 655 1350
1350 224 655
2067 1320 1601
1320 1601 2067
1601 1320 2067
2201 1775 2079
1775 2079 2201
2079 1775 2201
844 2145 2671
2145 844 2671
2671 844 2145
2758 914 1083
914 1083 2758
1083 914 2758
977 1395 2462
2462 977 1395
1395 977 2462
594 1195 1238
1195 594 1238
1238 594 1195
2551 1568 2285
1568 2285 2551
2285 1568 2551
1812 277 1139
277 1139 1812
1139 277 1812
2090 738 2581
738 2090 2581
2581 738 2090
2150 614 725
614 725 2150
725 614 2150
2491 6 552
6 552 2491
552 6 2491
1494 789 1714
1714 789 1494
789 1494 1714
1413 1150 1164
1150 1164 1413
1164 1150 1413
2091 103 996
103 996 2091
996 103 2091
1897 36 1931
36 1897 1931
1931 36 1897
1487 715 2712
2712 715 1487
715 1487 2712
1890 1007 2705
1007 1890 2705
2705 1007 1890
2406 959 1982
1982 959 2406
959 1982 2406
561 616 681
616 561 681
681 561 616
2172 2319 2812
2812 2172 2319
2319 2172 2812
1008 1717 2591
1717 1008 2591
2591 1008 1717
223 686 1236
1236 223 686
686 223 1236
2138 1140 1579
1140 1579 2138
1579 1140 2138
2378 1081 1101
1081 1101 2378
1101 1081 2378
2133 1012 1361
1012 1361 2133
1361 1012 2133
2291 984 1003
1003 984 2291
984 1003 2291
2846 5 16
5 16 2846
16 5 2846
2507 478 2394
478 2394 2507
2394 478 2507
153 1038 1573
1573 153 1038
1038 153 1573
1826 377 2366
2366 377 1826
377 1826 2366
492 1090 1990
1990 492 1090
1090 492 1990
2678 2630 2982
2982 2630 2678
2630 2678 2982
74 957 2052
957 74 2052
2052 74 957
2783 1453 1741
1741 1453 2783
1453 1741 2783
2484 754 2892
754 2484 2892
2892 754 2484
1554 285 2663
285 1554 2663
2663 285 1554
2456 685 1136
1136 685 2456
685 1136 2456
2917 592 2860
592 2860 2917
2860 592 2917
271 732 2935
732 271 2935
2935 271 732
1721 1697 2259
1697 1721 2259
2259 1697 1721
1122 1575 1711
1711 1122 1575
1575 1122 1711
1889 2170 2261
2261 1889 2170
2170 1889 2261
736 532 1534
1534 532 736
532 736 1534
2822 827 2202
827 2202 2822
2202 827 2822
774 1677 2225
2225 774 1677
1677 774 2225
2343 1220 1555
1555 1220 2343
1220 1555 2343
728 2390 2537
2390 728 2537
2537 728 2390
169 215 2435
215 169 2435
2435 169 215
2513 147 1231
1231 147 2513
147 1231 2513
887 302 1962
1962 302 887
302 887 1962
309 1822 2327
1822 309 2327
2327 309 1822
1227 1987 2592
2592 1227 1987
1987 1227 2592
1043 1133 1563
1563 1043 1133
1133 1043 1563
1210 2547 2968
2547 1210 2968
2968 1210 2547
2254 1049 2216
2216 1049 2254
1049 2216 2254
2741 1166 1591
1591 1166 2741
1166 1591 2741
2177 1309 2284
2284 1309 2177
1309 2177 2284
2876 1172 1973
1973 1172 2876
1172 1973 2876
44 714 1859
1859 44 714
714 44 1859
964 1512 2048
2048 964 1512
1512 964 2048
909 71 2814
71 909 2814
2814 71 909
2599 1918 2488
2488 1918 2599
1918 2488 2599
2167 1114 2978
2978 1114 2167
1114 2167 2978
1630 1763 2273
1763 1630 2273
2273 1630 1763
2010 602 2541
602 2010 2541
2541 602 2010
1884 610 2239
2239 610 1884
610 1884 2239
1538 2805 2886
2805 1538 2886
2886 1538 2805
2754 328 1764
1764 328 2754
328 1764 2754
2924 238 2053
2053 238 2924
238 2053 2924
94 194 1116
194 94 1116
1116 94 194
1844 347 841
347 841 1844
841 347 1844
315 2759 2995
2995 315 2759
2759 315 2995
971 289 1835
289 971 1835
1835 289 971
1516 2226 2723
2226 1516 2723
2723 1516 2226
1010 915 1748
1748 915 1010
915 1010 1748
2521 213 1311
213 1311 2521
1311 213 2521
1278 87 543
543 87 1278
87 543 1278
439 513 2196
2196 439 513
513 439 2196
688 1943 2636
1943 688 2636
2636 688 1943
2050 467 1468
467 1468 2050
1468 467 2050
1266 818 2595
2595 818 1266
818 1266 2595
1685 1346 1980
1980 1346 1685
1346 1685 1980
824 248 2574
248 824 2574
2574 248 824
2276 2311 2992
2992 2276 2311
2311 2276 2992
1870 687 1019
687 1019 1870
1019 687 1870
2665 1202 2477
2477 1202 2665
1202 2477 2665
32 1263 2736
1263 32 2736
2736 32 1263
2715 1204 2797
1204 2715 2797
2797 1204 2715
1864 788 1633
788 1633 1864
1633 788 1864
553 256 832
256 553 832
832 256 553
1232 1299 2546
2546 1232 1299
1299 1232 2546
2232 672 2563
2563 672 2232
672 2232 2563
1143 2519 2607
2607 1143 2519
2519 1143 2607
2564 190 2413
2413 190 2564
190 2413 2564
1779 107 2826
2826 107 1779
107 1779 2826
2740 281 676
676 281 2740
281 676 2740
1159 626 1329
1329 626 1159
626 1159 1329
350 591 1707
1707 350 591
591 350 1707
180 1001 2944
2944 180 1001
1001 180 2944
1746 195 2891
2891 195 1746
195 1746 2891
62 2427 2870
2870 62 2427
2427 62 2870
304 2503 2609
2503 304 2609
2609 304 2503
1022 319 2159
319 1022 2159
2159 319 1022
69 1912 2571
1912 69 2571
2571 69 1912
2779 765 985
765 985 2779
985 765 2779
551 255 2189
255 551 2189
2189 255 551
2937 843 2627
2627 843 2937
843 2627 2937
1957 1162 2851
1162 1957 2851
2851 1162 1957
1793 599 1368
599 1368 1793
1368 599 1793
1152 1000 2321
1000 1152 2321
2321 1000 1152
1064 1099 2058
2058 1064 1099
1099 1064 2058
1550 2146 2486
2486 1550 2146
2146 1550 2486
713 218 547
547 218 713
218 547 713
787 954 1042
954 787 1042
1042 787 954
1488 1390 2752
1390 1488 2752
2752 1390 1488
2197 1882 2799
2799 1882 2197
1882 2197 2799
2852 1286 2667
2667 1286 2852
1286 2667 2852
290 702 1169
1169 290 702
702 290 1169
554 1378 2227
2227 554 1378
1378 554 2227
127 848 1462
1462 127 848
848 127 1462
863 927 2618
927 863 2618
2618 863 927
314 938 1989
938 314 1989
1989 314 938
2038 58 741
741 58 2038
58 741 2038
1543 222 2306
2306 222 1543
222 1543 2306
1318 759 2802
759 1318 2802
2802 759 1318
1742 1047 2958
1047 1742 2958
2958 1047 1742
2838 356 2257
356 2257 2838
2257 356 2838
244 178 1942
178 244 1942
1942 178 244
916 668 1223
1223 668 916
668 916 1223
925 823 1995
823 925 1995
1995 823 925
1846 645 1894
1894 645 1846
645 1846 1894
101 130 1706
130 101 1706
1706 101 130
2910 484 2229
2229 484 2910
484 2229 2910
1075 1092 1425
1092 1075 1425
1425 1075 1092
1649 796 907
907 796 1649
796 907 1649
29 1148 2206
1148 29 2206
2206 29 1148
1480 2016 2929
2016 1480 2929
2929 1480 2016
1938 1804 2962
1804 1938 2962
2962 1804 1938
2171 31 2674
2674 31 2171
31 2171 2674
2631 440 1032
440 1032 2631
1032 440 2631
1072 260 2233
260 1072 2233
2233 260 1072
2871 2248 2530
2530 2248 2871
2248 2530 2871
1134 842 2586
2586 842 1134
842 1134 2586
490 1904 2302
2302 490 1904
1904 490 2302
479 50 1893
1893 50 479
50 479 1893
1605 37 1288
37 1288 1605
1288 37 1605
1902 973 2463
2463 973 1902
973 1902 2463
607 1916 2634
1916 607 2634
2634 607 1916
2733 25 1301
1301 25 2733
25 1301 2733
576 1214 1397
1397 576 1214
1214 576 1397
170 1553 1650
1553 170 1650
1650 170 1553
1854 298 2353
2353 298 1854
298 1854 2353
2762 72 379
379 72 2762
72 379 2762
2909 528 1098
528 1098 2909
1098 528 2909
1806 125 825
825 125 1806
125 825 1806
1923 1103 1941
1103 1923 1941
1941 1103 1923
2686 129 2097
2097 129 2686
129 2097 2686
1569 1130 2293
2293 1130 1569
1130 1569 2293
1277 1847 2335
1847 1277 2335
2335 1277 1847
2845 341 432
432 341 2845
341 432 2845
1486 11 893
893 11 1486
11 893 1486
122 1458 1625
1625 122 1458
1458 122 1625
68 781 980
980 68 781
781 68 980
1927 975 2104
975 1927 2104
2104 975 1927
831 401 1777
1777 401 831
401 831 1777
929 912 2421
912 929 2421
2421 912 929
1789 269 1865
1865 269 1789
269 1789 1865
995 504 776
776 504 995
504 776 995
1599 294 2612
2612 294 1599
294 1599 2612
154 911 1627
911 154 1627
1627 154 911
574 1536 1999
1999 574 1536
1536 574 1999
2351 1455 1611
1455 1611 2351
1611 1455 2351
3 192 1679
192 3 1679
1679 3 192
940 1272 1718
1718 940 1272
1272 940 1718
27 2579 2803
2803 27 2579
2579 27 2803
1105 1447 2766
1447 1105 2766
2766 1105 1447
2404 816 2951
2951 816 2404
816 2404 2951
2396 116 1820
1820 116 2396
116 1820 2396
618 2250 2305
2305 618 2250
2250 618 2305
567 1584 2330
2330 567 1584
1584 567 2330
111 378 2939
2939 111 378
378 111 2939
2661 136 2862
136 2661 2862
2862 136 2661
2051 1560 2476
1560 2051 2476
2476 1560 2051
1917 536 2840
536 1917 2840
2840 536 1917
466 1437 2367
2367 466 1437
1437 466 2367
436 1666 2589
1666 436 2589
2589 436 1666
2445 866 1614
866 1614 2445
1614 866 2445
2610 394 1023
394 1023 2610
1023 394 2610
1794 533 2139
533 1794 2139
2139 533 1794
1313 199 1954
199 1313 1954
1954 199 1313
1338 2407 2746
2407 1338 2746
2746 1338 2407
1960 1158 1920
1158 1920 1960
1920 1158 1960
303 1240 2071
2071 303 1240
1240 303 2071
2731 105 362
105 362 2731
362 105 2731
637 941 1498
1498 637 941
941 637 1498
1635 2029 2045
2045 1635 2029
2029 1635 2045
833 650 745
650 745 833
745 650 833
1524 329 2042
329 1524 2042
2042 329 1524
1446 1603 2960
1603 1446 2960
2960 1446 1603
2857 1699 2836
1699 2836 2857
2836 1699 2857
2453 249 1332
249 1332 2453
1332 249 2453
2895 497 1838
1838 497 2895
497 1838 2895
782 735 822
735 782 822
822 735 782
2211 1069 1475
1475 1069 2211
1069 1475 2211
1675 1610 2323
1610 1675 2323
2323 1610 1675
1344 2087 2844
2844 1344 2087
2087 1344 2844
2921 884 939
939 884 2921
884 939 2921
1891 2255 2672
2672 1891 2255
2255 1891 2672
856 721 2818
2818 721 856
721 856 2818
2334 2452 2994
2994 2334 2452
2452 2334 2994
544 264 855
264 544 855
855 264 544
534 1597 2776
2776 534 1597
1597 534 2776
630 2893 2957
2893 630 2957
2957 630 2893
2277 1756 2510
1756 2277 2510
2510 1756 2277
706 38 308
38 308 706
308 38 706
1702 1479 1880
1479 1702 1880
1880 1479 1702
1484 2149 2768
2768 1484 2149
2149 1484 2768
2142 1720 2282
2282 1720 2142
1720 2142 2282
300 600 1910
1910 300 600
600 300 1910
1722 142 1053
1053 142 1722
142 1053 1722
2614 669 1193
1193 669 2614
669 1193 2614
598 359 755
359 598 755
755 359 598
1730 2352 2969
2352 1730 2969
2969 1730 2352
1832 1911 2370
1911 1832 2370
2370 1832 1911
2308 881 1356
1356 881 2308
881 1356 2308
1034 756 1682
1682 756 1034
756 1034 1682
2527 2655 2697
2697 2527 2655
2655 2527 2697
1040 1593 1797
1797 1040 1593
1593 1040 1797
2789 172 1634
1634 172 2789
172 1634 2789
761 988 2774
2774 761 988
988 761 2774
2753 538 2408
2408 538 2753
538 2408 2753
2124 605 1469
605 1469 2124
1469 605 2124
2480 230 2998
2998 230 2480
230 2480 2998
2080 2632 2786
2786 2080 2632
2632 2080 2786
2829 1146 2795
1146 2795 2829
2795 1146 2829
263 61 453
453 61 263
61 263 453
2548 1255 2373
1255 2373 2548
2373 1255 2548
15 22 2525
2525 15 22
22 15 2525
766 1014 2265
2265 766 1014
1014 766 2265
1724 845 917
917 845 1724
845 917 1724
2932 503 1709
1709 503 2932
503 1709 2932
449 1731 2383
1731 449 2383
2383 449 1731
2685 1412 1678
1678 1412 2685
1412 1678 2685
247 780 1772
780 247 1772
1772 247 780
2256 751 2869
2869 751 2256
751 2256 2869
1892 778 1843
778 1843 1892
1843 778 1892
1363 951 2728
951 1363 2728
2728 951 1363
273 66 2934
66 273 2934
2934 66 273
1073 1596 2710
2710 1073 1596
1596 1073 2710
902 1643 2459
1643 902 2459
2459 902 1643
246 1353 2532
2532 246 1353
1353 246 2532
2242 231 2684
2684 231 2242
231 2242 2684
2933 2147 2781
2781 2147 2933
2147 2781 2933
499 896 897
897 499 896
896 499 897
465 1115 1951
1951 465 1115
1115 465 1951
486 2374 2767
2767 486 2374
2374 486 2767
413 615 2481
615 413 2481
2481 413 615
922 1641 2013
1641 922 2013
2013 922 1641
237 955 2461
955 237 2461
2461 237 955
2449 421 2429
2429 421 2449
421 2429 2449
817 1149 2187
2187 817 1149
1149 817 2187
814 1404 1976
1404 814 1976
1976 814 1404
2538 1821 2081
2081 1821 2538
1821 2081 2538
1025 286 1386
1386 286 1025
286 1025 1386
2469 1334 2116
2116 1334 2469
1334 2116 2469
2114 252 2451
252 2114 2451
2451 252 2114
1735 109 2899
109 1735 2899
2899 109 1735
1234 78 2162
78 1234 2162
2162 78 1234
2680 2329 2832
2329 2680 2832
2832 2329 2680
2175 667 1387
667 1387 2175
1387 667 2175
2241 1265 2108
2108 1265 2241
1265 2108 2241
2316 53 114
114 53 2316
53 114 2316
1691 1076 1179
1179 1076 1691
1076 1179 1691
1225 1612 2556
2556 1225 1612
1612 1225 2556
1696 124 488
488 124 1696
124 488 1696
463 2582 2863
2863 463 2582
2582 463 2863
1242 748 2102
2102 748 1242
748 1242 2102
1978 1282 1444
1282 1444 1978
1444 1282 1978
4 1371 2228
2228 4 1371
1371 4 2228
474 568 2040
2040 474 568
568 474 2040
2475 402 2194
2194 402 2475
402 2194 2475
144 2403 2946
2946 144 2403
2403 144 2946
2694 1723 2598
1723 2598 2694
2598 1723 2694
1708 1006 1644
1644 1006 1708
1006 1644 1708
1924 1370 1608
1608 1370 1924
1370 1608 1924
852 2683 2956
2683 852 2956
2956 852 2683
1727 839 2156
2156 839 1727
839 1727 2156
1118 795 1355
1355 795 1118
795 1118 1355
530 2377 2531
2531 530 2377
2377 530 2531
2218 558 2012
558 2012 2218
2012 558 2218
219 1367 2217
1367 219 2217
2217 219 1367
2405 674 1271
674 1271 2405
1271 674 2405
710 1704 1888
1888 710 1704
1704 710 1888
2615 1529 1532
1529 1532 2615
1532 1529 2615
1060 1749 2646
1749 1060 2646
2646 1060 1749
1773 460 2151
2151 460 1773
460 1773 2151
1183 276 292
276 292 1183
292 276 1183
2567 1632 2132
1632 2132 2567
2132 1632 2567
2745 1850 2833
2833 1850 2745
1850 2745 2833
1541 1283 1642
1642 1283 1541
1283 1541 1642
1333 337 2590
2590 337 1333
337 1333 2590
515 351 389
351 389 515
389 351 515
2411 960 979
960 979 2411
979 960 2411
399 1657 2617
2617 399 1657
1657 399 2617
417 39 140
140 39 417
39 140 417
2894 1726 1961
1726 1961 2894
1961 1726 2894
2732 1442 2512
1442 2512 2732
2512 1442 2732
2920 2015 2866
2015 2866 2920
2866 2015 2920
1776 1680 1852
1852 1680 1776
1680 1776 1852
733 408 1617
1617 408 733
408 733 1617
1689 683 2324
683 1689 2324
2324 683 1689
387 75 967
75 387 967
967 75 387
2576 838 1952
838 1952 2576
1952 838 2576
1755 210 483
210 483 1755
483 210 1755
349 67 1986
67 349 1986
1986 67 349
245 358 2100
358 245 2100
2100 245 358
254 712 1899
712 254 1899
1899 254 712
88 894 2794
2794 88 894
894 88 2794
2096 1521 2143
2143 1521 2096
1521 2096 2143
278 1423 1540
1540 278 1423
1423 278 1540
2948 1994 2244
1994 2244 2948
2244 1994 2948
148 729 2916
2916 148 729
729 148 2916
804 648 2180
648 804 2180
2180 648 804
1837 487 2455
2455 487 1837
487 1837 2455
1419 1879 2295
2295 1419 1879
1879 1419 2295
1262 23 240
240 23 1262
23 240 1262
372 1267 2113
2113 372 1267
1267 372 2113
2060 405 1421
1421 405 2060
405 1421 2060
1489 665 1230
1230 665 1489
665 1230 1489
2542 563 2317
2317 563 2542
