2195 53 526
53 526 2195
526 53 2195
1180 122 2993
122 1180 2993
2993 122 1180
472 2713 2874
2713 472 2874
2874 472 2713
36 202 545
202 36 545
545 36 202
1122 1657 1797
1797 1122 1657
1657 1122 1797
2862 1130 1458
1130 1458 2862
1458 1130 2862
2532 1330 1398
1398 1330 2532
1330 1398 2532
2671 280 901
280 901 2671
901 280 2671
1624 1554 2463
1554 1624 2463
2463 1554 1624
1544 112 636
112 636 1544
636 112 1544
1784 406 852
852 406 1784
406 852 1784
1028 31 749
749 31 1028
31 749 1028
2510 1787 2628
1787 2510 2628
2628 1787 2510
2834 1003 1917
1003 1917 2834
1917 1003 2834
1256 250 1237
1237 250 1256
250 1237 1256
1898 1600 1911
1911 1600 1898
1600 1898 1911
1435 1223 1644
1223 1435 1644
1644 1223 1435
770 323 2689
2689 323 770
323 770 2689
980 506 1557
506 980 1557
1557 506 980
1822 2286 2886
2286 1822 2886
2886 1822 2286
399 2062 2538
2538 399 2062
2062 399 2538
45 1065 1337
1065 45 1337
1337 45 1065
247 264 1731
1731 247 264
264 247 1731
1024 158 1842
1842 158 1024
158 1024 1842
363 713 1170
1170 363 713
713 363 1170
2260 1153 1367
1367 1153 2260
1153 1367 2260
361 455 1621
1621 361 455
455 361 1621
1257 531 2219
2219 531 1257
531 1257 2219
1551 2188 2936
2936 1551 2188
2188 1551 2936
2468 669 1725
1725 669 2468
669 1725 2468
806 1353 2845
1353 806 2845
2845 806 1353
2922 2622 2851
2622 2851 2922
2851 2622 2922
414 532 1843
532 414 1843
1843 414 532
1515 1157 1819
1819 1157 1515
1157 1515 1819
2840 305 2598
305 2598 2840
2598 305 2840
2784 1442 2273
1442 2273 2784
2273 1442 2784
296 1563 1715
1563 296 1715
1715 296 1563
135 1164 1615
1615 135 1164
1164 135 1615
2649 775 2472
775 2472 2649
2472 775 2649
2087 319 334
319 334 2087
334 319 2087
2974 938 2632
2632 938 2974
938 2632 2974
975 786 912
912 786 975
786 912 975
469 486 2967
2967 469 486
486 469 2967
1545 712 2215
2215 712 1545
712 1545 2215
269 2745 2962
2962 269 2745
2745 269 2962
580 640 1120
640 580 1120
1120 580 640
2888 752 1231
752 1231 2888
1231 752 2888
1040 758 1894
758 1040 1894
1894 758 1040
522 401 431
401 431 522
431 401 522
2322 352 2918
2918 352 2322
352 2322 2918
2573 1614 2261
2261 1614 2573
1614 2261 2573
2817 952 1468
1468 952 2817
952 1468 2817
2793 1748 1783
1748 1783 2793
1783 1748 2793
491 862 1366
862 491 1366
1366 491 862
1091 300 1290
300 1091 1290
1290 300 1091
105 886 1649
1649 105 886
886 105 1649
1324 2499 2617
2617 1324 2499
2499 1324 2617
2396 693 2347
693 2347 2396
2347 693 2396
2461 83 908
908 83 2461
83 908 2461
884 417 2141
417 884 2141
2141 417 884
2787 316 2077
2077 316 2787
316 2077 2787
2314 1915 2639
1915 2314 2639
2639 1915 2314
1252 1692 2763
2763 1252 1692
1692 1252 2763
1317 286 1322
1322 286 1317
286 1317 1322
2756 2740 2966
2966 2740 2756
2740 2756 2966
2556 115 123
115 123 2556
123 115 2556
1112 1907 2013
1907 1112 2013
2013 1112 1907
1255 1569 2331
2331 1255 1569
1569 1255 2331
195 1841 2414
1841 195 2414
2414 195 1841
895 201 555
555 201 895
201 555 895
861 1370 2228
2228 861 1370
1370 861 2228
30 1124 2258
1124 30 2258
2258 30 1124
275 60 2395
2395 60 275
60 275 2395
1269 22 2421
2421 22 1269
22 1269 2421
964 1140 1792
1792 964 1140
1140 964 1792
1428 958 2748
958 1428 2748
2748 958 1428
2248 1248 2737
2737 1248 2248
1248 2248 2737
757 1570 2679
2679 757 1570
1570 757 2679
718 585 1539
1539 585 718
585 718 1539
1586 993 2118
2118 993 1586
993 1586 2118
1129 1488 2621
2621 1129 1488
1488 1129 2621
2132 263 2897
263 2132 2897
2897 263 2132
129 283 2017
283 129 2017
2017 129 283
709 972 2086
2086 709 972
972 709 2086
2008 353 866
866 353 2008
353 866 2008
212 2517 2625
2625 212 2517
2517 212 2625
2809 71 1762
1762 71 2809
71 1762 2809
339 1281 2947
2947 339 1281
1281 339 2947
350 81 1242
81 350 1242
1242 81 350
1388 944 2854
2854 944 1388
944 1388 2854
293 1202 1568
1568 293 1202
1202 293 1568
1454 1053 2338
2338 1053 1454
1053 1454 2338
2203 659 1156
1156 659 2203
659 1156 2203
2208 591 2582
591 2208 2582
2582 591 2208
2475 1965 2850
1965 2475 2850
2850 1965 2475
2476 583 1710
583 1710 2476
1710 583 2476
2593 873 1696
873 1696 2593
1696 873 2593
2805 1380 1413
1380 1413 2805
1413 1380 2805
1531 1445 1642
1445 1531 1642
1642 1445 1531
730 720 1980
720 730 1980
1980 720 730
824 845 2038
845 824 2038
2038 824 845
2075 2346 2999
2346 2075 2999
2999 2075 2346
2309 373 610
373 610 2309
610 373 2309
2555 1328 2647
2647 1328 2555
1328 2555 2647
1278 445 2749
445 1278 2749
2749 445 1278
717 1434 1949
1949 717 1434
1434 717 1949
1033 1489 2057
1489 1033 2057
2057 1033 1489
2364 996 2148
2148 996 2364
996 2148 2364
892 554 2450
554 892 2450
2450 554 892
1418 223 1655
223 1418 1655
1655 223 1418
2654 1082 2568
1082 2568 2654
2568 1082 2654
2772 612 2702
2702 612 2772
612 2702 2772
1707 315 2271
2271 315 1707
315 1707 2271
1088 814 2586
2586 814 1088
814 1088 2586
1046 561 1634
561 1046 1634
1634 561 1046
1034 920 1587
920 1034 1587
1587 920 1034
2588 107 2211
2211 107 2588
107 2211 2588
1972 2193 2509
2193 1972 2509
2509 1972 2193
994 1548 1918
1548 994 1918
1918 994 1548
326 2156 2743
2743 326 2156
2156 326 2743
630 1604 2677
1604 630 2677
2677 630 1604
2623 354 396
354 396 2623
396 354 2623
2753 318 1513
1513 318 2753
318 1513 2753
1365 760 2363
2363 760 1365
760 1365 2363
593 2069 2505
2505 593 2069
2069 593 2505
1212 763 815
763 815 1212
815 763 1212
1872 333 2760
333 1872 2760
2760 333 1872
2958 748 2619
748 2619 2958
2619 748 2958
2839 213 954
954 213 2839
213 954 2839
1103 1821 2109
1821 1103 2109
2109 1103 1821
2723 869 1430
869 1430 2723
1430 869 2723
47 566 1113
1113 47 566
566 47 1113
98 949 1868
949 98 1868
1868 98 949
1110 1727 1746
1727 1110 1746
1746 1110 1727
1940 1764 2446
2446 1764 1940
1764 1940 2446
871 1983 1998
1983 871 1998
1998 871 1983
1276 675 2583
2583 675 1276
675 1276 2583
1654 637 1690
637 1654 1690
1690 637 1654
1000 187 657
657 187 1000
187 657 1000
1555 1448 1865
1865 1448 1555
1448 1555 1865
2877 1494 2496
1494 2496 2877
2496 1494 2877
67 302 2045
302 67 2045
2045 67 302
1163 454 1997
454 1163 1997
1997 454 1163
1199 1272 2733
1272 1199 2733
2733 1199 1272
1076 989 2092
989 1076 2092
2092 989 1076
1667 271 2522
271 1667 2522
2522 271 1667
490 89 1996
89 490 1996
1996 89 490
2011 274 298
298 274 2011
274 298 2011
111 2498 2806
2806 111 2498
2498 111 2806
1801 2489 2855
2489 1801 2855
2855 1801 2489
249 891 1492
1492 249 891
891 249 1492
2971 777 2348
2348 777 2971
777 2348 2971
329 2343 2495
2495 329 2343
2343 329 2495
56 1016 2578
1016 56 2578
2578 56 1016
1210 199 1396
1396 199 1210
199 1210 1396
2304 186 313
313 186 2304
186 313 2304
273 1270 1887
1887 273 1270
1270 273 1887
2867 2422 2429
2429 2422 2867
2422 2429 2867
308 1211 2901
2901 308 1211
1211 308 2901
560 1823 2428
2428 560 1823
1823 560 2428
422 141 1932
141 422 1932
1932 141 422
281 780 836
780 281 836
836 281 780
505 2423 2739
2423 505 2739
2739 505 2423
765 381 646
381 646 765
646 381 765
2393 771 1244
771 1244 2393
1244 771 2393
1925 1414 2571
1414 1925 2571
2571 1414 1925
655 2019 2761
2019 655 2761
2761 655 2019
1542 1881 2302
1881 1542 2302
2302 1542 1881
2445 1734 2310
1734 2310 2445
2310 1734 2445
1934 44 1508
44 1508 1934
1508 44 1934
2907 1198 2550
2550 1198 2907
1198 2550 2907
139 839 2497
839 139 2497
2497 139 839
2541 1689 2695
1689 2541 2695
2695 1689 2541
536 2441 2746
2441 536 2746
2746 536 2441
2101 54 279
279 54 2101
54 279 2101
1115 1146 2265
2265 1115 1146
1146 1115 2265
410 704 1189
1189 410 704
704 410 1189
2303 735 2048
735 2048 2303
2048 735 2303
2407 2054 2221
2221 2054 2407
2054 2221 2407
2233 287 761
761 287 2233
287 761 2233
133 514 2686
2686 133 514
514 133 2686
259 727 2010
727 259 2010
2010 259 727
1668 1776 2569
1776 1668 2569
2569 1668 1776
2711 1171 1962
1962 1171 2711
1171 1962 2711
395 2032 2926
2926 395 2032
2032 395 2926
2884 794 1407
794 1407 2884
1407 794 2884
889 921 2789
2789 889 921
921 889 2789
1336 813 2253
813 1336 2253
2253 813 1336
547 239 1181
1181 239 547
239 547 1181
2144 2249 2326
2249 2144 2326
2326 2144 2249
1283 464 1298
1298 464 1283
464 1283 1298
2094 696 863
863 696 2094
696 863 2094
1611 1526 2811
2811 1526 1611
1526 1611 2811
1424 953 2185
953 1424 2185
2185 953 1424
1048 686 1369
1369 686 1048
686 1048 1369
2043 1504 2969
1504 2043 2969
2969 1504 2043
1241 1534 2424
1534 1241 2424
2424 1241 1534
1338 1345 2415
1345 1338 2415
2415 1338 1345
596 1354 1729
1729 596 1354
1354 596 1729
475 858 1279
858 475 1279
1279 475 858
2731 651 1010
651 1010 2731
1010 651 2731
856 1832 2325
2325 856 1832
1832 856 2325
2526 260 2883
260 2526 2883
2883 260 2526
2658 897 2757
897 2658 2757
2757 897 2658
63 90 429
90 63 429
429 63 90
1253 136 495
136 495 1253
495 136 1253
1451 2254 2970
2254 1451 2970
2970 1451 2254
2352 648 1026
648 1026 2352
1026 648 2352
2162 2564 2946
2564 2162 2946
2946 2162 2564
2719 1810 2179
2179 1810 2719
1810 2179 2719
2488 74 498
74 498 2488
498 74 2488
1905 146 256
256 146 1905
146 256 1905
2256 2262 2942
2942 2256 2262
2262 2256 2942
829 246 605
605 246 829
246 605 829
2379 55 463
463 55 2379
55 463 2379
478 1830 2276
1830 478 2276
2276 478 1830
2766 1047 2238
1047 2238 2766
2238 1047 2766
368 1698 2986
2986 368 1698
1698 368 2986
840 1635 2531
2531 840 1635
1635 840 2531
1186 2313 2762
2313 1186 2762
2762 1186 2313
35 838 2924
2924 35 838
838 35 2924
1532 2316 2875
2316 1532 2875
2875 1532 2316
588 1596 2487
1596 588 2487
2487 588 1596
2236 341 2452
341 2236 2452
2452 341 2236
1118 647 1573
647 1118 1573
1573 647 1118
2863 2908 2953
2908 2863 2953
2953 2863 2908
1567 175 617
617 175 1567
175 617 1567
480 2226 2611
2226 480 2611
2611 480 2226
607 403 1230
403 607 1230
1230 403 607
2613 898 2005
2005 898 2613
898 2005 2613
1321 927 1340
1340 927 1321
927 1321 1340
407 1372 1386
1372 407 1386
1386 407 1372
2448 822 1939
822 1939 2448
1939 822 2448
58 1299 2009
1299 58 2009
2009 58 1299
1875 12 1191
1191 12 1875
12 1191 1875
1476 1292 2172
2172 1292 1476
1292 1476 2172
641 1029 2832
1029 641 2832
2832 641 1029
219 1616 2278
1616 219 2278
2278 219 1616
1767 459 2880
459 1767 2880
2880 459 1767
2225 26 2633
26 2225 2633
2633 26 2225
366 144 635
144 366 635
635 144 366
793 32 1861
32 793 1861
1861 32 793
714 92 2814
2814 92 714
92 714 2814
2403 1507 2026
1507 2026 2403
2026 1507 2403
2418 658 1019
1019 658 2418
658 1019 2418
15 1732 2275
1732 15 2275
2275 15 1732
235 1265 2777
1265 235 2777
2777 235 1265
1543 1660 2142
1660 1543 2142
2142 1543 1660
217 1166 2900
2900 217 1166
1166 217 2900
2204 57 1062
57 1062 2204
1062 57 2204
1182 75 1203
1203 75 1182
75 1182 1203
1149 948 2988
948 1149 2988
2988 948 1149
932 1352 2638
1352 932 2638
2638 932 1352
783 746 1669
746 783 1669
1669 746 783
2483 592 1834
1834 592 2483
592 1834 2483
1961 831 2147
831 1961 2147
2147 831 1961
2004 289 744
744 289 2004
289 744 2004
1562 2535 2707
2535 1562 2707
2707 1562 2535
1282 375 705
375 705 1282
705 375 1282
62 1648 2058
1648 62 2058
2058 62 1648
1779 206 1268
206 1268 1779
1268 206 1779
1193 9 496
496 9 1193
9 496 1193
2137 1055 1738
1738 1055 2137
1055 1738 2137
2994 1469 2320
2320 1469 2994
1469 2320 2994
2515 1063 2097
1063 2097 2515
2097 1063 2515
29 1417 2595
2595 29 1417
1417 29 2595
1744 2163 2950
2163 1744 2950
2950 1744 2163
2783 377 1522
1522 377 2783
377 1522 2783
2477 2088 2680
2088 2477 2680
2680 2088 2477
1811 2095 2596
2095 1811 2596
2596 1811 2095
1711 157 1658
1658 157 1711
157 1658 1711
372 565 2728
2728 372 565
565 372 2728
2605 2064 2328
2328 2064 2605
2064 2328 2605
120 1254 2669
2669 120 1254
1254 120 2669
567 38 2683
38 567 2683
2683 38 567
1012 1541 2579
1541 1012 2579
2579 1012 1541
2123 153 1955
1955 153 2123
153 1955 2123
1708 1137 1862
1137 1708 1862
1862 1137 1708
1174 1597 2524
2524 1174 1597
1597 1174 2524
2965 1758 2773
2773 1758 2965
1758 2773 2965
2838 1906 2458
1906 2458 2838
2458 1906 2838
2243 571 2443
571 2243 2443
2443 571 2243
2434 511 1688
511 1688 2434
1688 511 2434
1218 2344 2913
2913 1218 2344
2344 1218 2913
167 2184 2287
2287 167 2184
2184 167 2287
183 917 2143
917 183 2143
2143 183 917
2049 1313 2929
2929 1313 2049
1313 2049 2929
1004 1439 2269
2269 1004 1439
1439 1004 2269
458 1866 2939
2939 458 1866
1866 458 2939
1631 1691 2315
1691 1631 2315
2315 1631 1691
2247 1584 1605
1584 1605 2247
1605 1584 2247
276 1427 2500
1427 276 2500
2500 276 1427
1196 426 1609
1609 426 1196
426 1196 1609
1145 25 468
468 25 1145
25 468 1145
1622 1227 2242
2242 1227 1622
1227 1622 2242
442 1039 1155
1155 442 1039
1039 442 1155
2353 1547 2776
1547 2353 2776
2776 1547 2353
1601 110 2409
2409 110 1601
110 1601 2409
1042 618 2442
2442 618 1042
618 1042 2442
1288 703 1362
1362 703 1288
703 1288 1362
2318 1375 2938
2938 1375 2318
1375 2318 2938
733 507 2860
2860 507 733
507 733 2860
2140 841 885
841 885 2140
885 841 2140
2964 2738 2825
2738 2825 2964
2825 2738 2964
2345 1144 1677
1677 1144 2345
1144 1677 2345
1993 1160 1937
1937 1160 1993
1160 1937 1993
1986 86 2796
86 1986 2796
2796 86 1986
303 1581 2584
1581 303 2584
2584 303 1581
297 388 1759
1759 297 388
388 297 1759
2645 1325 2486
2486 1325 2645
1325 2486 2645
716 1653 2479
2479 716 1653
1653 716 2479
1305 528 624
624 528 1305
528 624 1305
2447 2437 2852
2852 2437 2447
2437 2447 2852
558 1678 2119
1678 558 2119
2119 558 1678
2307 2792 2941
2941 2307 2792
2792 2307 2941
2391 208 2375
2375 208 2391
208 2375 2391
2721 2530 2549
2530 2549 2721
2549 2530 2721
2764 1506 2558
2558 1506 2764
1506 2558 2764
245 241 1796
241 245 1796
1796 241 245
503 473 2449
2449 473 503
473 503 2449
1224 613 848
848 613 1224
613 848 1224
2336 621 1382
1382 621 2336
621 1382 2336
1663 1701 2006
2006 1663 1701
1701 1663 2006
365 542 1640
1640 365 542
542 365 1640
2044 1286 1486
1486 1286 2044
1286 1486 2044
447 999 1192
1192 447 999
999 447 1192
1463 880 2561
2561 880 1463
880 1463 2561
1455 700 887
887 700 1455
700 887 1455
1878 1271 1479
1271 1479 1878
1479 1271 1878
1121 622 1143
1143 622 1121
622 1121 1143
2332 489 1436
1436 489 2332
489 1436 2332
661 1610 2397
2397 661 1610
1610 661 2397
956 1490 2425
2425 956 1490
1490 956 2425
817 919 1097
1097 817 919
919 817 1097
1176 785 2024
785 1176 2024
2024 785 1176
1900 1473 2115
2115 1473 1900
1473 1900 2115
1627 753 2557
753 1627 2557
2557 753 1627
1300 792 971
971 792 1300
792 971 1300
479 1560 2015
1560 479 2015
2015 479 1560
2374 929 2175
929 2175 2374
2175 929 2374
2934 754 1574
754 1574 2934
1574 754 2934
1665 1177 1809
1809 1177 1665
1177 1665 1809
1087 1377 2433
2433 1087 1377
1377 1087 2433
2078 435 3000
435 2078 3000
3000 435 2078
1393 69 234
69 234 1393
234 69 1393
1464 1827 2257
2257 1464 1827
1827 1464 2257
688 517 745
745 517 688
517 688 745
1331 1273 2819
1273 1331 2819
2819 1273 1331
2296 189 1743
1743 189 2296
189 1743 2296
2125 1054 1617
1054 1617 2125
1617 1054 2125
1356 476 2807
476 1356 2807
2807 476 1356
801 2063 2540
2540 801 2063
2063 801 2540
2741 767 2003
2003 767 2741
767 2003 2741
309 562 1529
562 309 1529
1529 309 562
2547 17 1576
1576 17 2547
17 1576 2547
2506 540 2255
540 2255 2506
2255 540 2506
2759 864 1628
864 1628 2759
1628 864 2759
1311 330 678
678 330 1311
330 678 1311
252 601 1546
601 252 1546
1546 252 601
327 978 1909
1909 327 978
978 327 1909
1495 1528 1874
1528 1495 1874
1874 1495 1528
2534 369 1400
1400 369 2534
369 1400 2534
1069 1213 2171
1213 1069 2171
2171 1069 1213
161 653 681
681 161 653
653 161 681
2301 1238 1833
1833 1238 2301
1238 1833 2301
383 1081 2968
1081 383 2968
2968 383 1081
2612 2699 2905
2905 2612 2699
2699 2612 2905
1114 1591 2235
1591 1114 2235
2235 1114 1591
2047 1167 1583
1583 1167 2047
1167 1583 2047
590 299 1450
1450 299 590
299 590 1450
2697 728 2709
728 2697 2709
2709 728 2697
278 292 2405
2405 278 292
292 278 2405
393 1011 1933
1011 393 1933
1933 393 1011
37 581 2263
581 37 2263
2263 37 581
633 1703 1901
1703 633 1901
1901 633 1703
2098 2126 2933
2933 2098 2126
2126 2098 2933
2341 28 2071
28 2071 2341
2071 28 2341
2521 533 737
737 533 2521
533 737 2521
2149 77 432
432 77 2149
77 432 2149
764 150 2822
150 764 2822
2822 150 764
312 2685 2696
2696 312 2685
2685 312 2696
1975 1038 1347
1347 1038 1975
1038 1347 1975
2190 413 787
787 413 2190
413 787 2190
1891 43 160
43 160 1891
160 43 1891
584 215 216
215 216 584
216 215 584
602 310 2339
2339 310 602
310 602 2339
1125 819 1274
819 1125 1274
1274 819 1125
2196 1825 2567
2567 1825 2196
1825 2196 2567
2227 1006 2234
2234 1006 2227
1006 2227 2234
1406 233 671
671 233 1406
233 671 1406
465 853 1134
1134 465 853
853 465 1134
2536 1261 1358
1261 1358 2536
1358 1261 2536
378 942 1228
1228 378 942
942 378 1228
2525 742 957
957 742 2525
742 957 2525
2920 1988 2323
2323 1988 2920
1988 2323 2920
1723 782 2996
2996 782 1723
782 1723 2996
1672 902 2170
902 1672 2170
2170 902 1672
2630 734 2885
2885 734 2630
734 2630 2885
2765 97 1050
97 1050 2765
1050 97 2765
702 492 1945
1945 492 702
492 702 1945
670 538 2164
538 670 2164
2164 538 670
2537 719 2858
2858 719 2537
719 2537 2858
2856 1755 2493
2493 1755 2856
1755 2493 2856
2989 1770 2267
2267 1770 2989
1770 2267 2989
2342 211 242
211 242 2342
242 211 2342
963 61 1493
1493 61 963
61 963 1493
2274 76 2616
76 2274 2616
2616 76 2274
452 374 1168
1168 374 452
374 452 1168
1150 114 1502
1502 114 1150
114 1150 1502
1512 2036 2161
2036 1512 2161
2161 1512 2036
1041 461 1267
1267 461 1041
461 1041 1267
1426 662 2457
662 1426 2457
2457 662 1426
2266 205 2059
205 2059 2266
2059 205 2266
830 394 738
738 394 830
394 738 830
1719 1594 1671
1671 1594 1719
1594 1671 1719
2157 1845 2305
2305 1845 2157
1845 2157 2305
2609 1813 2116
2116 1813 2609
1813 2116 2609
2290 1027 1385
1027 1385 2290
1385 1027 2290
1057 1233 2594
1233 1057 2594
2594 1057 1233
1296 182 918
918 182 1296
182 918 1296
2337 559 2698
559 2337 2698
2698 559 2337
2178 872 2781
872 2178 2781
2781 872 2178
2324 152 2462
152 2324 2462
2462 152 2324
1606 878 1127
1127 878 1606
878 1127 1606
1566 706 890
890 706 1566
706 890 1566
1383 170 2919
170 1383 2919
2919 170 1383
2401 2016 2217
2217 2016 2401
2016 2217 2401
2575 2000 2917
2000 2575 2917
2917 2000 2575
2948 673 1499
673 1499 2948
1499 673 2948
119 10 572
10 119 572
572 10 119
420 1226 2833
2833 420 1226
1226 420 2833
2710 1447 2279
1447 2279 2710
2279 1447 2710
2124 169 821
169 821 2124
821 169 2124
2597 253 2775
253 2597 2775
2775 253 2597
842 1197 2284
2284 842 1197
1197 842 2284
471 140 1438
1438 140 471
140 471 1438
2070 314 1060
314 1060 2070
1060 314 2070
2626 708 1694
1694 708 2626
708 1694 2626
2042 1483 1771
1771 1483 2042
1483 1771 2042
421 643 2183
643 421 2183
2183 421 643
868 1475 2520
2520 868 1475
1475 868 2520
894 1368 2329
2329 894 1368
1368 894 2329
797 1410 2546
1410 797 2546
2546 797 1410
1412 2386 2436
2386 1412 2436
2436 1412 2386
200 1303 1565
1303 200 1565
1565 200 1303
2678 96 126
96 126 2678
126 96 2678
311 586 1232
586 311 1232
1232 311 586
424 802 2372
802 424 2372
2372 424 802
2150 121 1524
121 1524 2150
1524 121 2150
59 307 676
676 59 307
307 59 676
2608 324 1334
1334 324 2608
324 1334 2608
2893 599 849
849 599 2893
599 849 2893
844 266 2650
266 844 2650
2650 266 844
1285 1537 2382
2382 1285 1537
1537 1285 2382
1446 1705 2490
2490 1446 1705
1705 1446 2490
2659 896 2411
2411 896 2659
896 2411 2659
2978 1275 2455
1275 2455 2978
2455 1275 2978
1794 230 2358
230 1794 2358
2358 230 1794
434 1664 2533
2533 434 1664
1664 434 2533
2192 1045 2168
1045 2168 2192
2168 1045 2192
85 1319 1514
1514 85 1319
1319 85 1514
694 2076 2952
2076 694 2952
2952 694 2076
1981 433 457
433 457 1981
457 433 1981
2871 226 2692
2692 226 2871
226 2692 2871
1942 2158 2720
2720 1942 2158
2158 1942 2720
2591 2299 2438
2299 2438 2591
2438 2299 2591
2169 40 1623
1623 40 2169
40 1623 2169
1812 1207 2349
1207 1812 2349
2349 1207 1812
955 1316 2563
2563 955 1316
1316 955 2563
1585 574 961
961 574 1585
574 961 1585
1680 190 769
190 769 1680
769 190 1680
1921 1944 2504
1944 1921 2504
2504 1921 1944
267 2294 2987
2294 267 2987
2987 267 2294
2084 2250 2291
2291 2084 2250
2250 2084 2291
2478 18 2041
2041 18 2478
18 2041 2478
451 180 1259
1259 180 451
180 451 1259
39 1309 2230
1309 39 2230
2230 39 1309
2037 262 2927
262 2037 2927
2927 262 2037
2085 437 2400
437 2085 2400
2400 437 2085
2899 163 1079
163 1079 2899
1079 163 2899
1603 2079 2334
2334 1603 2079
2079 1603 2334
232 270 1686
270 232 1686
1686 232 270
2412 1994 2146
2146 1994 2412
1994 2146 2412
1096 427 1775
427 1096 1775
1775 427 1096
904 138 790
790 138 904
138 790 904
2751 1679 1722
1679 1722 2751
1722 1679 2751
2820 2715 2768
2715 2768 2820
2768 2715 2820
2636 1730 2067
2067 1730 2636
1730 2067 2636
127 1116 1343
1343 127 1116
1116 127 1343
1433 1131 1973
1131 1433 1973
1973 1131 1433
2676 906 2581
906 2581 2676
2581 906 2676
1008 1461 2200
2200 1008 1461
1461 1008 2200
2951 1645 2491
2491 1645 2951
1645 2491 2951
1899 1985 2930
2930 1899 1985
1985 1899 2930
2114 826 1159
1159 826 2114
826 1159 2114
1849 50 2945
2945 50 1849
50 1849 2945
512 2035 2542
2542 512 2035
2035 512 2542
2816 191 1897
1897 191 2816
191 1897 2816
1308 220 1277
1277 220 1308
220 1277 1308
2963 726 2494
2494 726 2963
726 2494 2963
1423 391 1817
391 1423 1817
1817 391 1423
2729 660 1301
660 1301 2729
1301 660 2729
2366 2365 2714
2714 2365 2366
2365 2366 2714
573 2201 2355
2355 573 2201
2201 573 2355
1073 779 2485
2485 779 1073
779 1073 2485
2791 1457 2189
1457 2189 2791
2189 1457 2791
1208 294 2283
294 1208 2283
2283 294 1208
707 2368 2565
2368 707 2565
2565 707 2368
1741 2052 2516
2052 1741 2516
2516 1741 2052
1117 2050 2308
2050 1117 2308
2308 1117 2050
2559 423 697
697 423 2559
423 697 2559
2473 537 2810
2810 537 2473
537 2473 2810
2033 781 2312
781 2033 2312
2312 781 2033
625 1297 2292
2292 625 1297
1297 625 2292
24 627 2755
627 24 2755
2755 24 627
1002 903 2620
903 1002 2620
2620 903 1002
1806 80 1938
80 1806 1938
1938 80 1806
1453 1885 2868
1885 1453 2868
2868 1453 1885
251 42 482
482 42 251
42 251 482
732 2471 2512
2471 732 2512
2512 732 2471
460 2684 2828
2828 460 2684
2684 460 2828
1329 1132 1374
1132 1329 1374
1374 1132 1329
2199 834 2644
834 2199 2644
2644 834 2199
983 430 879
430 879 983
879 430 983
484 82 154
154 82 484
82 154 484
1753 1778 2410
1778 1753 2410
2410 1753 1778
1184 104 1220
104 1184 1220
1220 104 1184
715 2039 2160
2160 715 2039
2039 715 2160
1702 1558 1920
1920 1558 1702
1558 1702 1920
1533 1864 2073
1864 1533 2073
2073 1533 1864
2240 117 2911
2911 117 2240
117 2240 2911
450 1902 2102
1902 450 2102
2102 450 1902
2928 23 166
166 23 2928
23 166 2928
2282 1847 2865
1847 2282 2865
2865 1847 2282
1859 2456 2687
2456 1859 2687
2687 1859 2456
2925 453 674
674 453 2925
453 674 2925
1449 945 968
968 945 1449
945 968 1449
2481 171 2827
2827 171 2481
171 2481 2827
8 356 1128
356 8 1128
1128 8 356
2272 1956 1957
1957 1956 2272
1956 1957 2272
1291 589 2660
2660 589 1291
589 1291 2660
1564 550 2544
550 1564 2544
2544 550 1564
2090 347 598
347 598 2090
598 347 2090
776 1360 1661
1661 776 1360
1360 776 1661
2643 148 456
148 456 2643
456 148 2643
1858 2053 2693
2053 1858 2693
2693 1858 2053
2100 1943 2027
2027 1943 2100
1943 2027 2100
2651 1152 2949
2949 1152 2651
1152 2651 2949
1005 986 2747
986 1005 2747
2747 986 1005
804 1712 1837
1712 804 1837
1837 804 1712
2120 321 1022
321 1022 2120
1022 321 2120
2511 106 2606
2606 106 2511
106 2511 2606
1958 398 1390
1390 398 1958
398 1390 1958
2954 488 1089
1089 488 2954
488 1089 2954
875 1246 2177
1246 875 2177
2177 875 1246
448 721 2508
721 448 2508
2508 448 721
2492 194 939
939 194 2492
194 939 2492
631 638 1214
638 631 1214
1214 631 638
2297 284 497
497 284 2297
284 497 2297
1293 1001 1102
1001 1102 1293
1102 1001 1293
1109 1123 1501
1501 1109 1123
1123 1109 1501
2890 1432 1795
1432 1795 2890
1795 1432 2890
2389 1312 1517
1312 1517 2389
1517 1312 2389
335 2154 2398
2398 335 2154
2154 335 2398
534 1090 2688
1090 534 2688
2688 534 1090
128 739 1349
1349 128 739
739 128 1349
2797 418 1422
1422 418 2797
418 1422 2797
985 2454 2668
2454 985 2668
2668 985 2454
959 336 2464
336 959 2464
2464 336 959
1099 322 2220
2220 322 1099
322 1099 2220
1467 2295 2362
2362 1467 2295
2295 1467 2362
1111 385 2961
385 1111 2961
2961 385 1111
1870 485 1440
485 1440 1870
1440 485 1870
1147 1592 2808
1592 1147 2808
2808 1147 1592
977 41 2202
2202 41 977
41 977 2202
943 1169 1963
1963 943 1169
1169 943 1963
164 855 1357
855 164 1357
1357 164 855
2408 690 2206
690 2206 2408
2206 690 2408
1379 741 2330
741 1379 2330
2330 741 1379
1025 493 926
926 493 1025
493 926 1025
177 672 711
711 177 672
672 177 711
2959 188 1768
1768 188 2959
188 1768 2959
1684 611 2130
611 1684 2130
2130 611 1684
2849 1083 2985
1083 2849 2985
2985 1083 2849
768 1852 1903
1903 768 1852
1852 768 1903
1697 587 874
587 874 1697
874 587 1697
535 582 2599
582 535 2599
2599 535 582
910 343 2197
343 910 2197
2197 343 910
2944 1780 1926
1780 1926 2944
1926 1780 2944
2529 196 1384
196 1384 2529
1384 196 2529
192 784 1967
784 192 1967
1967 192 784
2317 883 2725
883 2317 2725
2725 883 2317
1774 523 1119
523 1119 1774
1119 523 1774
244 756 1756
756 244 1756
1756 244 756
1882 405 1927
1927 405 1882
405 1882 1927
94 1670 1989
1670 94 1989
1989 94 1670
1844 103 1068
103 1068 1844
1068 103 1844
2173 332 2782
332 2173 2782
2782 332 2173
411 2112 2853
2112 411 2853
2853 411 2112
306 288 2861
288 306 2861
2861 288 306
990 510 2634
2634 510 990
510 990 2634
965 1739 2523
2523 965 1739
1739 965 2523
521 70 916
70 521 916
916 70 521
2213 1626 2902
1626 2213 2902
2902 1626 2213
2244 409 2977
2977 409 2244
409 2244 2977
1148 1714 2072
2072 1148 1714
1714 1148 2072
1556 425 2122
425 1556 2122
2122 425 1556
1575 227 1142
1142 227 1575
227 1142 1575
905 546 1206
1206 546 905
546 905 1206
1350 214 1638
1638 214 1350
214 1350 1638
1346 1769 2480
1769 1346 2480
2480 1346 1769
1289 2585 2672
2672 1289 2585
2585 1289 2672
1824 1652 1974
1974 1652 1824
1652 1824 1974
2653 1078 1310
1310 1078 2653
1078 1310 2653
1392 21 1947
1947 21 1392
21 1392 1947
995 882 2750
2750 882 995
882 995 2750
66 529 2872
529 66 2872
2872 66 529
1013 2587 2800
2800 1013 2587
2587 1013 2800
2 155 1064
1064 2 155
155 2 1064
137 1183 2706
2706 137 1183
1183 137 2706
1538 609 984
984 609 1538
609 984 1538
2028 805 2560
2560 805 2028
805 2028 2560
2356 2091 2642
2642 2091 2356
2091 2356 2642
2068 854 2700
2700 854 2068
854 2068 2700
701 1072 2876
2876 701 1072
1072 701 2876
1740 1342 2518
1342 1740 2518
2518 1342 1740
364 1344 1441
1344 364 1441
1441 364 1344
553 504 1886
504 553 1886
1886 504 553
2357 860 1742
860 1742 2357
1742 860 2357
2896 1643 1704
1704 1643 2896
1643 1704 2896
1582 125 2174
125 1582 2174
2174 125 1582
1785 1474 2932
2932 1474 1785
1474 1785 2932
2914 539 604
539 604 2914
604 539 2914
2034 518 1391
1391 518 2034
518 1391 2034
1846 467 1351
467 1351 1846
1351 467 1846
2474 2370 2691
2370 2474 2691
2691 2370 2474
979 1579 1735
1735 979 1579
1579 979 1735
2992 1216 1936
1936 1216 2992
1216 1936 2992
2030 2467 2570
2570 2030 2467
2467 2030 2570
2378 2099 2507
2099 2378 2507
2507 2099 2378
2129 79 255
255 79 2129
79 255 2129
2231 1307 1752
1307 1752 2231
1752 1307 2231
1676 1107 2844
2844 1107 1676
1107 1676 2844
1518 1923 2770
2770 1518 1923
1923 1518 2770
2300 348 846
846 348 2300
348 846 2300
1201 1243 2670
2670 1201 1243
1243 1201 2670
238 900 1399
1399 238 900
900 238 1399
2881 931 2232
931 2232 2881
2232 931 2881
1023 20 1419
20 1023 1419
1419 20 1023
597 1335 2298
1335 597 2298
2298 597 1335
2117 444 1364
1364 444 2117
444 1364 2117
2384 893 2972
2972 893 2384
893 2384 2972
1035 1577 2799
1577 1035 2799
2799 1035 1577
2482 723 843
723 843 2482
843 723 2482
2503 102 301
301 102 2503
102 301 2503
1718 1687 2136
1687 1718 2136
2136 1687 1718
2083 494 2113
494 2083 2113
2113 494 2083
145 1789 2181
2181 145 1789
1789 145 2181
93 412 1595
412 93 1595
1595 93 412
1482 2065 2842
2842 1482 2065
2065 1482 2842
162 982 1820
1820 162 982
982 162 1820
1049 552 1361
1361 552 1049
552 1049 1361
1904 1158 2859
1158 1904 2859
2859 1158 1904
1808 1085 1138
1138 1085 1808
1085 1138 1808
210 1165 1462
1165 210 1462
1462 210 1165
724 1618 1931
1618 724 1931
1931 724 1618
229 595 2465
2465 229 595
595 229 2465
2133 2060 2576
2576 2060 2133
2060 2133 2576
257 925 2801
2801 257 925
925 257 2801
644 513 2624
2624 513 644
513 644 2624
2847 689 2857
2857 689 2847
689 2847 2857
1890 577 2285
577 1890 2285
2285 577 1890
1765 544 2818
2818 544 1765
544 1765 2818
788 969 2288
969 788 2288
2288 788 969
2553 1876 2894
2894 1876 2553
1876 2553 2894
1425 225 2056
2056 225 1425
225 1425 2056
1052 516 2795
516 1052 2795
2795 516 1052
519 240 1205
240 519 1205
1205 240 519
1571 685 796
796 685 1571
685 796 1571
825 1443 1630
1443 825 1630
1630 825 1443
2973 1733 2767
2767 1733 2973
1733 2767 2973
2151 176 1924
176 1924 2151
1924 176 2151
1969 755 1893
755 1893 1969
1893 755 1969
997 221 2194
2194 221 997
221 997 2194
2519 778 1295
1295 778 2519
778 1295 2519
68 203 1717
203 68 1717
1717 68 203
899 218 1826
218 899 1826
1826 218 899
132 428 1139
428 132 1139
1139 132 428
2371 876 1647
876 1647 2371
1647 876 2371
462 1020 2359
1020 462 2359
2359 462 1020
2836 360 1637
1637 360 2836
360 1637 2836
1561 1018 2829
1018 1561 2829
2829 1018 1561
2001 1095 1977
1977 1095 2001
1095 1977 2001
325 487 2270
2270 325 487
487 325 2270
1766 1590 1619
1619 1590 1766
1590 1619 1766
520 1951 2007
2007 520 1951
1951 520 2007
2293 515 941
941 515 2293
515 941 2293
402 174 2552
174 402 2552
2552 174 402
1896 509 2682
2682 509 1896
509 1896 2682
2399 947 2096
2096 947 2399
947 2096 2399
1728 416 2469
2469 416 1728
416 1728 2469
243 1333 2815
1333 243 2815
2815 243 1333
2802 1745 2104
1745 2104 2802
2104 1745 2802
1355 304 1021
304 1021 1355
1021 304 1355
808 258 811
811 258 808
258 808 811
549 1485 2031
2031 549 1485
1485 549 2031
1804 1976 2778
1976 1804 2778
2778 1804 1976
2979 962 1599
962 1599 2979
1599 962 2979
2166 2153 2841
2841 2153 2166
2153 2166 2841
725 946 1782
1782 725 946
946 725 1782
2780 747 2277
747 2277 2780
2277 747 2780
695 960 2182
960 695 2182
2182 695 960
2794 773 1154
773 1154 2794
1154 773 2794
2823 207 1639
207 1639 2823
1639 207 2823
2103 608 2082
608 2082 2103
2082 608 2103
543 6 1036
1036 6 543
6 543 1036
967 934 2080
934 967 2080
2080 934 967
16 563 1070
1070 16 563
563 16 1070
1411 684 2640
2640 684 1411
684 1411 2640
2648 1889 2420
2420 1889 2648
1889 2420 2648
2718 626 2388
2388 626 2718
626 2388 2718
1101 691 1080
1080 691 1101
691 1080 1101
1673 1222 2572
1222 1673 2572
2572 1222 1673
2131 1302 1772
1772 1302 2131
1302 1772 2131
2878 349 2916
349 2878 2916
2916 349 2878
184 2023 2976
2976 184 2023
2023 184 2976
2694 1510 2306
1510 2306 2694
2306 1510 2694
928 1612 2923
2923 928 1612
1612 928 2923
1982 877 2381
877 1982 2381
2381 877 1982
1625 1884 2655
1884 1625 2655
2655 1625 1884
370 1104 2239
1104 370 2239
2239 370 1104
338 1736 1863
1736 338 1863
1863 338 1736
1105 443 1954
443 1105 1954
1954 443 1105
224 328 1162
1162 224 328
328 224 1162
2155 667 1978
667 1978 2155
1978 667 2155
800 320 390
320 390 800
390 320 800
2662 379 1251
379 1251 2662
1251 379 2662
2108 1017 1935
1935 1017 2108
1017 1935 2108
1970 1799 2145
2145 1799 1970
1799 1970 2145
2040 857 1249
1249 857 2040
857 1249 2040
156 1108 1466
1466 156 1108
1108 156 1466
1835 131 1240
1240 131 1835
131 1240 1835
620 1172 2451
1172 620 2451
2451 620 1172
1527 1209 1763
1209 1527 1763
1763 1209 1527
49 629 2402
629 49 2402
2402 49 629
2940 2218 2562
2218 2562 2940
2562 2218 2940
84 850 1264
1264 84 850
850 84 1264
1151 663 2152
663 1151 2152
2152 663 1151
2128 639 1200
1200 639 2128
639 1200 2128
530 1084 1093
1084 530 1093
1093 530 1084
2835 970 1009
1009 970 2835
970 1009 2835
1800 1991 2335
1991 1800 2335
2335 1800 1991
2268 118 2246
2246 118 2268
118 2246 2268
2139 344 1856
344 1856 2139
1856 344 2139
1815 2251 2615
2251 1815 2615
2615 1815 2251
2629 1695 2214
2214 1695 2629
1695 2214 2629
1883 268 1929
268 1883 1929
1929 268 1883
1294 649 2528
649 1294 2528
2528 649 1294
766 1403 2848
1403 766 2848
2848 766 1403
803 400 2377
2377 400 803
400 803 2377
1855 922 1602
922 1602 1855
1602 922 1855
2431 237 731
731 237 2431
237 731 2431
1984 481 1339
1339 481 1984
481 1339 1984
1966 1067 1465
1465 1067 1966
1067 1465 1966
2385 2435 2590
2590 2385 2435
2435 2385 2590
2708 795 1674
1674 795 2708
795 1674 2708
1348 222 502
222 502 1348
502 222 1348
1007 387 449
387 449 1007
449 387 1007
1867 331 2237
2237 331 1867
331 1867 2237
2427 382 1761
382 1761 2427
1761 382 2427
1971 14 1437
14 1437 1971
1437 14 1971
1429 1015 2387
1015 1429 2387
2387 1015 1429
2012 1185 2055
2055 1185 2012
1185 2012 2055
1995 1500 2769
2769 1500 1995
1500 1995 2769
1306 78 2413
2413 78 1306
78 1306 2413
1848 1749 2701
2701 1749 1848
1749 1848 2701
798 351 1505
1505 351 798
351 798 1505
376 645 2551
645 376 2551
2551 376 645
2983 1376 2732
1376 2732 2983
2732 1376 2983
346 134 236
134 236 346
236 134 346
809 1381 2779
1381 809 2779
2779 809 1381
2440 729 1258
729 1258 2440
1258 729 2440
2984 665 2826
665 2826 2984
2826 665 2984
168 1387 2909
2909 168 1387
1387 168 2909
2210 2351 2957
2351 2210 2957
2957 2210 2351
1326 1877 2460
1877 1326 2460
2460 1326 1877
1540 2134 2981
2981 1540 2134
2134 1540 2981
2744 642 2903
2903 642 2744
642 2744 2903
2376 600 2604
600 2376 2604
2604 600 2376
1037 722 1452
722 1037 1452
1452 722 1037
2804 568 1523
1523 568 2804
568 1523 2804
1737 1287 1968
1287 1737 1968
1968 1287 1737
1754 384 1179
1179 384 1754
384 1179 1754
998 575 1593
1593 575 998
575 998 1593
1444 1484 1552
1484 1444 1552
1552 1444 1484
1332 483 799
799 483 1332
483 799 1332
1608 1675 2046
2046 1608 1675
1675 1608 2046
2252 679 2327
679 2252 2327
2327 679 2252
2222 357 1359
357 1359 2222
1359 357 2222
823 1314 2631
2631 823 1314
1314 823 2631
628 992 1656
992 628 1656
1656 628 992
2280 1341 2704
1341 2280 2704
2704 1341 2280
1061 818 2956
2956 818 1061
818 1061 2956
1666 914 2020
914 1666 2020
2020 914 1666
228 100 2722
2722 100 228
100 228 2722
2025 699 1791
699 1791 2025
1791 699 2025
1262 470 2724
2724 470 1262
470 1262 2724
774 1094 1394
1094 774 1394
1394 774 1094
832 1598 2311
2311 832 1598
1598 832 2311
851 1620 2726
1620 851 2726
2726 851 1620
1750 1713 2135
2135 1713 1750
1713 1750 2135
2390 933 1327
933 1327 2390
1327 933 2390
1840 446 2663
2663 446 1840
446 1840 2663
1239 1044 1777
1777 1044 1239
1044 1239 1777
2319 2637 2887
2887 2319 2637
2637 2319 2887
2813 909 2980
2980 909 2813
909 2813 2980
2406 466 1059
1059 466 2406
466 1059 2406
2892 359 2921
359 2892 2921
2921 359 2892
698 1487 2758
2758 698 1487
1487 698 2758
2742 88 1816
1816 88 2742
88 1816 2742
2879 198 340
198 340 2879
340 198 2879
1987 1802 2798
2798 1802 1987
1802 1987 2798
1536 2209 2394
2394 1536 2209
2209 1536 2394
277 386 2417
386 277 2417
2417 277 386
2373 736 1217
1217 736 2373
736 1217 2373
666 248 632
248 632 666
632 248 666
2657 1873 1928
1873 1928 2657
1928 1873 2657
2716 109 2866
2866 109 2716
109 2716 2866
680 564 2289
564 680 2289
2289 564 680
337 1106 2186
2186 337 1106
1106 337 2186
1373 13 981
13 981 1373
981 13 1373
1371 1100 2159
1100 1371 2159
2159 1100 1371
1161 48 2752
48 1161 2752
2752 48 1161
1491 209 2484
209 1491 2484
2484 209 1491
159 2610 2997
2997 159 2610
2610 159 2997
2641 1836 2603
2603 1836 2641
1836 2603 2641
1850 606 2990
2990 606 1850
606 1850 2990
930 1397 2889
2889 930 1397
1397 930 2889
2106 2548 2812
2812 2106 2548
2548 2106 2812
474 1304 1709
1709 474 1304
1304 474 1709
2191 101 1404
101 1404 2191
1404 101 2191
2014 677 2786
2786 677 2014
677 2014 2786
2029 419 810
419 810 2029
810 419 2029
2419 1074 1869
1074 1869 2419
1869 1074 2419
1480 380 579
380 579 1480
579 380 1480
578 991 1066
1066 578 991
991 578 1066
2574 1378 2074
1378 2074 2574
2074 1378 2574
358 616 2652
2652 358 616
616 358 2652
911 1860 2735
2735 911 1860
1860 911 2735
2187 1888 2577
2577 1888 2187
1888 2187 2577
2093 816 2127
816 2093 2127
2127 816 2093
1421 52 2470
52 1421 2470
2470 52 1421
1456 1247 1315
1247 1315 1456
1315 1247 1456
603 65 1459
65 603 1459
1459 65 603
1699 615 1318
1318 615 1699
615 1318 1699
2002 73 1401
73 1401 2002
1401 73 2002
2392 404 1497
404 1497 2392
1497 404 2392
1416 1402 2229
1402 1416 2229
2229 1402 1416
113 1141 2906
1141 113 2906
2906 113 1141
556 254 1922
254 556 1922
1922 254 556
1773 837 1405
837 1405 1773
1405 837 1773
2717 147 1525
1525 147 2717
147 1525 2717
557 1854 2627
2627 557 1854
1854 557 2627
2527 1726 1818
1726 1818 2527
1818 1726 2527
1395 362 2703
2703 362 1395
362 1395 2703
692 1478 2021
2021 692 1478
1478 692 2021
2734 1720 1857
1857 1720 2734
1720 1857 2734
1188 317 772
317 772 1188
772 317 1188
1912 2502 2830
2502 1912 2830
2830 1912 2502
2545 865 1135
1135 865 2545
865 1135 2545
1519 1790 2674
2674 1519 1790
1790 1519 2674
762 654 2882
2882 654 762
654 762 2882
1530 1607 2380
1607 1530 2380
2380 1530 1607
569 935 1098
1098 569 935
935 569 1098
2843 5 2661
5 2661 2843
2661 5 2843
27 438 2105
438 27 2105
2105 27 438
342 907 2224
2224 342 907
907 342 2224
1051 833 2904
2904 833 1051
833 1051 2904
87 436 2614
436 87 2614
2614 87 436
1682 231 1031
1031 231 1682
231 1031 1682
1363 1481 2774
2774 1363 1481
1481 1363 2774
2466 1589 1721
1589 1721 2466
1721 1589 2466
1058 576 1195
1195 576 1058
576 1058 1195
1953 204 1550
1550 204 1953
204 1550 1953
2943 116 2675
2675 116 2943
116 2675 2943
1520 548 888
888 548 1520
548 888 1520
924 634 750
750 634 924
634 750 924
397 197 2165
197 397 2165
2165 197 397
656 682 2991
2991 656 682
682 656 2991
1805 951 1651
1651 951 1805
951 1651 1805
1234 2459 2607
2607 1234 2459
2459 1234 2607
2831 1853 2895
1853 2831 2895
2895 1853 2831
614 64 1960
1960 64 614
64 614 1960
477 1014 1477
1477 477 1014
1014 477 1477
2995 2416 2600
2416 2600 2995
2600 2416 2995
1578 173 2212
173 1578 2212
2212 173 1578
1190 1056 1260
1056 1190 1260
1260 1056 1190
1075 551 1910
1910 551 1075
551 1075 1910
51 185 1032
1032 51 185
185 51 1032
740 570 940
570 740 940
940 570 740
664 7 440
440 7 664
7 440 664
1043 1706 2982
1706 1043 2982
2982 1043 1706
2223 172 2580
172 2223 2580
2580 172 2223
2241 2198 2975
2198 2241 2975
2975 2198 2241
1071 1700 2618
2618 1071 1700
1700 1071 2618
1633 1659 2340
2340 1633 1659
1659 1633 2340
710 847 2771
847 710 2771
2771 710 847
1280 1030 1650
1650 1030 1280
1030 1280 1650
1892 1716 2690
1716 1892 2690
2690 1716 1892
1133 751 2432
2432 751 1133
751 1133 2432
1793 34 2107
34 1793 2107
2107 34 1793
1204 291 2998
291 1204 2998
2998 291 1204
2061 1879 1913
1879 1913 2061
1913 1879 2061
1225 1803 2566
2566 1225 1803
1803 1225 2566
1641 827 2167
2167 827 1641
827 1641 2167
2864 142 807
142 807 2864
807 142 2864
2444 389 1681
389 1681 2444
1681 389 2444
1880 2180 2321
2180 1880 2321
2321 1880 2180
1572 124 1786
124 1572 1786
1786 124 1572
881 33 859
33 859 881
859 33 881
1807 743 1919
743 1807 1919
1919 743 1807
261 1516 1559
1559 261 1516
1516 261 1559
870 1908 2646
2646 870 1908
1908 870 2646
1236 11 1496
11 1236 1496
1496 11 1236
1126 165 2656
165 1126 2656
2656 165 1126
2681 937 1460
937 1460 2681
1460 937 2681
2514 524 2259
2259 524 2514
524 2259 2514
1420 619 2912
2912 619 1420
619 1420 2912
1979 501 1194
1194 501 1979
501 1194 1979
392 2821 2869
2821 392 2869
2869 392 2821
2754 1173 1408
1408 1173 2754
1173 1408 2754
2664 181 2667
2667 181 2664
181 2664 2667
1535 2404 2824
2404 1535 2824
2824 1535 2404
923 265 2543
265 923 2543
2543 265 923
149 594 1839
594 149 1839
1839 149 594
2931 812 2635
812 2635 2931
2635 812 2931
1751 1498 2264
2264 1498 1751
1498 1751 2264
1229 1629 1930
1629 1229 1930
1930 1229 1629
2207 272 2666
272 2207 2666
2666 272 2207
3 1553 2846
1553 3 2846
2846 3 1553
2089 1580 2870
2870 1580 2089
1580 2089 2870
950 1472 2066
1472 950 2066
2066 950 1472
966 91 2803
91 966 2803
2803 91 966
2539 295 2354
2354 295 2539
295 2354 2539
1092 1470 1511
1470 1092 1511
1511 1092 1470
2018 2216 2790
2790 2018 2216
2216 2018 2790
2592 988 2891
2891 988 2592
988 2592 2891
915 1266 2873
1266 915 2873
2873 915 1266
1219 178 1948
178 1219 1948
1948 178 1219
1 1086 1187
1086 1 1187
1187 1 1086
2110 1221 1829
1221 1829 2110
1829 1221 2110
415 1323 2138
1323 415 2138
2138 415 1323
1916 1757 2022
2022 1757 1916
1757 1916 2022
1632 19 1941
1941 19 1632
19 1632 1941
2910 1831 1992
1992 1831 2910
1831 1992 2910
1788 1959 1990
1959 1788 1990
1990 1788 1959
1693 500 1431
500 1431 1693
1431 500 1693
1871 1263 2383
1263 1871 2383
2383 1263 1871
687 499 1389
499 687 1389
1389 499 687
525 759 1320
