1472 446 635
446 635 1472
635 446 1472
922 96 1348
96 922 1348
1348 96 922
1346 428 2404
2404 428 1346
428 1346 2404
1576 155 475
155 475 1576
475 155 1576
2983 390 1957
390 1957 2983
1957 390 2983
436 1733 2830
1733 436 2830
2830 436 1733
2590 1950 2758
2758 1950 2590
1950 2590 2758
2984 698 1708
698 1708 2984
1708 698 2984
2521 2872 2980
2872 2521 2980
2980 2521 2872
2349 1712 1884
1712 1884 2349
1884 1712 2349
2073 279 1836
1836 279 2073
279 1836 2073
2723 153 1522
153 1522 2723
1522 153 2723
442 295 1467
295 442 1467
1467 295 442
2286 301 654
654 301 2286
301 654 2286
1555 25 1805
25 1555 1805
1805 25 1555
2394 421 861
861 421 2394
421 861 2394
2966 12 1974
1974 12 2966
12 1974 2966
969 1109 1700
1109 969 1700
1700 969 1109
499 495 2447
495 499 2447
2447 495 499
1779 693 1875
1875 693 1779
693 1779 1875
1629 78 412
78 412 1629
412 78 1629
556 1325 2080
2080 556 1325
1325 556 2080
248 1940 2537
2537 248 1940
1940 248 2537
2808 1627 2544
2544 1627 2808
1627 2544 2808
2592 288 1748
288 1748 2592
1748 288 2592
708 769 2277
769 708 2277
2277 708 769
291 239 896
239 291 896
896 239 291
1815 1120 2296
1120 1815 2296
2296 1120 1815
2256 1319 1761
1319 1761 2256
1761 1319 2256
2594 2000 2992
2992 2000 2594
2000 2594 2992
939 220 1306
1306 220 939
220 939 1306
2193 1407 1764
1407 1764 2193
1764 1407 2193
2815 974 987
987 974 2815
974 987 2815
1158 2183 2655
2183 1158 2655
2655 1158 2183
638 1257 1305
1257 638 1305
1305 638 1257
166 2084 2637
2637 166 2084
2084 166 2637
800 771 848
848 771 800
771 800 848
790 899 2391
899 790 2391
2391 790 899
647 94 101
101 94 647
94 101 647
262 1872 2555
1872 262 2555
2555 262 1872
2487 872 2459
2459 872 2487
872 2459 2487
2136 404 481
481 404 2136
404 481 2136
170 890 1906
890 170 1906
1906 170 890
1037 364 694
364 694 1037
694 364 1037
1911 1545 2337
1545 1911 2337
2337 1545 1911
2304 523 2070
523 2070 2304
2070 523 2304
768 2379 2579
2379 768 2579
2579 768 2379
2826 462 965
965 462 2826
462 965 2826
1433 2100 2475
2100 1433 2475
2475 1433 2100
1179 398 1497
398 1179 1497
1497 398 1179
2895 839 1827
839 1827 2895
1827 839 2895
1287 1246 1773
1773 1246 1287
1246 1287 1773
128 675 2469
2469 128 675
675 128 2469
846 1569 1653
1653 846 1569
1569 846 1653
1253 706 1417
706 1253 1417
1417 706 1253
2985 1117 2833
1117 2833 2985
2833 1117 2985
47 855 2252
2252 47 855
855 47 2252
748 819 1910
819 748 1910
1910 748 819
2700 856 2234
2234 856 2700
856 2234 2700
1577 1027 1453
1453 1027 1577
1027 1453 1577
564 328 1693
328 564 1693
1693 328 564
1371 2511 2624
2624 1371 2511
2511 1371 2624
2035 234 2602
2602 234 2035
234 2035 2602
1155 865 1281
865 1155 1281
1281 865 1155
1028 518 1011
518 1011 1028
1011 518 1028
174 287 845
287 174 845
845 174 287
2127 2357 2438
2438 2127 2357
2357 2127 2438
1861 952 1687
1687 952 1861
952 1687 1861
1561 384 681
384 681 1561
681 384 1561
286 1488 2620
1488 286 2620
2620 286 1488
2907 816 1292
816 1292 2907
1292 816 2907
2344 840 2577
840 2344 2577
2577 840 2344
1930 546 570
546 570 1930
570 546 1930
409 2701 2766
2701 409 2766
2766 409 2701
1054 1311 1372
1372 1054 1311
1311 1054 1372
198 1782 2718
2718 198 1782
1782 198 2718
1128 133 1938
133 1128 1938
1938 133 1128
2828 1766 1963
1766 1963 2828
1963 1766 2828
1675 1007 1214
1214 1007 1675
1007 1214 1675
1799 1718 2064
2064 1718 1799
1718 1799 2064
1176 1336 1989
1336 1176 1989
1989 1176 1336
1996 909 2669
909 1996 2669
2669 909 1996
453 1962 2226
2226 453 1962
1962 453 2226
2750 620 2068
2068 620 2750
620 2068 2750
2272 534 720
534 720 2272
720 534 2272
1329 151 2155
2155 151 1329
151 1329 2155
1508 1113 2660
1113 1508 2660
2660 1113 1508
48 811 1855
811 48 1855
1855 48 811
2911 1695 2670
1695 2670 2911
2670 1695 2911
1898 1049 1613
1613 1049 1898
1049 1613 1898
1890 213 2079
213 1890 2079
2079 213 1890
868 598 1665
598 868 1665
1665 598 868
2717 921 2056
921 2056 2717
2056 921 2717
1031 1022 2492
1022 1031 2492
2492 1022 1031
325 246 1637
246 325 1637
1637 246 325
1535 218 2121
218 1535 2121
2121 218 1535
644 131 2303
131 644 2303
2303 131 644
604 467 1094
1094 467 604
467 604 1094
2170 580 2309
580 2170 2309
2309 580 2170
1780 643 1891
643 1780 1891
1891 643 1780
2251 1703 2102
2102 1703 2251
1703 2102 2251
699 852 2271
2271 699 852
852 699 2271
2190 1057 1352
1057 1352 2190
1352 1057 2190
484 1590 2755
2755 484 1590
1590 484 2755
718 152 490
490 152 718
152 490 718
1405 1105 2331
2331 1105 1405
1105 1405 2331
334 661 1149
661 334 1149
1149 334 661
1715 517 2186
2186 517 1715
517 1715 2186
1633 1195 1524
1524 1195 1633
1195 1524 1633
2803 2149 2471
2149 2471 2803
2471 2149 2803
26 1410 1655
1655 26 1410
1410 26 1655
1100 349 744
744 349 1100
349 744 1100
1034 1148 2498
2498 1034 1148
1148 1034 2498
2412 2568 2752
2752 2412 2568
2568 2412 2752
9 260 2929
260 9 2929
2929 9 260
275 377 2461
377 275 2461
2461 275 377
1115 277 2217
2217 277 1115
277 1115 2217
878 2305 2593
2305 878 2593
2593 878 2305
2765 208 737
208 737 2765
737 208 2765
2782 1531 2981
2981 1531 2782
1531 2782 2981
1598 383 2920
2920 383 1598
383 1598 2920
2730 1170 2288
1170 2288 2730
2288 1170 2730
1876 43 2681
43 1876 2681
2681 43 1876
497 95 2457
95 497 2457
2457 95 497
1602 1446 1587
1446 1587 1602
1587 1446 1602
1595 1358 2820
1358 1595 2820
2820 1358 1595
264 367 1641
367 264 1641
1641 264 367
742 2724 2959
2724 742 2959
2959 742 2724
1495 1237 2922
1237 1495 2922
2922 1237 1495
2110 2341 2530
2530 2110 2341
2341 2110 2530
1750 1606 2868
1606 1750 2868
2868 1606 1750
1137 584 2393
2393 584 1137
584 1137 2393
801 322 1736
322 801 1736
1736 322 801
1534 374 1174
374 1174 1534
1174 374 1534
2540 838 2375
2375 838 2540
838 2375 2540
772 2145 2327
2145 772 2327
2327 772 2145
247 1069 1801
1069 247 1801
1801 247 1069
2886 2239 2301
2239 2301 2886
2301 2239 2886
304 1157 2986
1157 304 2986
2986 304 1157
1612 576 2834
2834 576 1612
576 1612 2834
67 1344 2099
1344 67 2099
2099 67 1344
1224 618 2963
2963 618 1224
618 1224 2963
832 1323 2508
2508 832 1323
1323 832 2508
257 960 2795
960 257 2795
2795 257 960
2956 289 1484
1484 289 2956
289 1484 2956
2008 1475 2853
2853 1475 2008
1475 2008 2853
1706 52 1273
52 1273 1706
1273 52 1706
119 63 1649
63 119 1649
1649 63 119
2954 1144 1423
1423 1144 2954
1144 1423 2954
2390 1614 2502
1614 2390 2502
2502 1614 2390
881 321 2423
2423 321 881
321 881 2423
1964 1021 2709
2709 1021 1964
1021 1964 2709
2873 1238 1456
1238 1456 2873
1456 1238 2873
950 1924 2866
2866 950 1924
1924 950 2866
2158 593 1839
1839 593 2158
593 1839 2158
2501 639 2165
2165 639 2501
639 2165 2501
2556 2250 2925
2925 2250 2556
2250 2556 2925
1707 1759 2098
2098 1707 1759
1759 1707 2098
2968 1691 2103
1691 2103 2968
2103 1691 2968
823 1550 2430
2430 823 1550
1550 823 2430
1543 386 477
477 386 1543
386 477 1543
1892 2059 2915
2059 1892 2915
2915 1892 2059
2627 877 2810
2810 877 2627
877 2627 2810
88 1546 1765
1765 88 1546
1546 88 1765
259 1243 1939
1939 259 1243
1243 259 1939
134 2308 2899
2308 134 2899
2899 134 2308
678 1594 2997
2997 678 1594
1594 678 2997
1519 347 2695
2695 347 1519
347 1519 2695
2618 947 2585
947 2585 2618
2585 947 2618
2195 255 2244
255 2195 2244
2244 255 2195
184 2082 2982
2982 184 2082
2082 184 2982
1494 1361 1588
1361 1494 1588
1588 1361 1494
2930 40 572
572 40 2930
40 572 2930
1701 350 2989
350 1701 2989
2989 350 1701
1516 292 312
292 312 1516
312 292 1516
835 1902 2478
1902 835 2478
2478 835 1902
2403 1948 2854
1948 2403 2854
2854 1948 2403
794 701 2990
701 794 2990
2990 701 794
2318 15 108
108 15 2318
15 108 2318
1096 1396 1589
1396 1096 1589
1589 1096 1396
1581 1345 1869
1345 1581 1869
1869 1345 1581
582 20 380
20 380 582
380 20 582
171 617 2768
2768 171 617
617 171 2768
2307 2563 2836
2836 2307 2563
2563 2307 2836
599 2727 2818
2727 599 2818
2818 599 2727
1267 946 2500
2500 946 1267
946 1267 2500
2458 176 2615
2615 176 2458
176 2458 2615
1058 540 2927
2927 540 1058
540 1058 2927
2897 1127 2505
1127 2505 2897
2505 1127 2897
2486 940 1541
1541 940 2486
940 1541 2486
767 456 1538
456 767 1538
1538 456 767
1211 1510 1544
1510 1211 1544
1544 1211 1510
358 30 420
30 358 420
420 30 358
830 1966 2176
2176 830 1966
1966 830 2176
2504 2914 2952
2914 2504 2952
2952 2504 2914
2374 991 2285
2285 991 2374
991 2285 2374
2517 1526 2572
2572 1526 2517
1526 2517 2572
2894 1584 2558
2558 1584 2894
1584 2558 2894
1867 606 2779
2779 606 1867
606 1867 2779
1093 1917 2040
1917 1093 2040
2040 1093 1917
1483 1630 2330
2330 1483 1630
1630 1483 2330
763 1387 1566
1387 763 1566
1566 763 1387
1838 28 1139
28 1139 1838
1139 28 1838
341 1920 2399
1920 341 2399
2399 341 1920
2722 452 753
452 753 2722
753 452 2722
2806 468 2338
468 2338 2806
2338 468 2806
2465 1071 2792
2792 1071 2465
1071 2465 2792
1998 1318 1694
1318 1694 1998
1694 1318 1998
2799 687 1843
1843 687 2799
687 1843 2799
1536 64 424
424 64 1536
64 424 1536
1791 79 316
79 316 1791
316 79 1791
344 1477 2214
1477 344 2214
2214 344 1477
2761 333 1979
333 1979 2761
1979 333 2761
966 479 2409
2409 479 966
479 966 2409
1669 1592 2753
1592 1669 2753
2753 1592 1669
251 779 1347
779 251 1347
1347 251 779
1142 907 2926
907 1142 2926
2926 907 1142
1383 1860 2027
1860 1383 2027
2027 1383 1860
756 1091 2450
1091 756 2450
2450 756 1091
2247 397 1418
1418 397 2247
397 1418 2247
2534 1835 2644
2644 1835 2534
1835 2534 2644
1244 1489 2416
1489 1244 2416
2416 1244 1489
535 1015 1229
1229 535 1015
1015 535 1229
2721 1850 2218
2218 1850 2721
1850 2218 2721
38 656 2294
2294 38 656
656 38 2294
1899 193 249
193 249 1899
249 193 1899
2567 1260 1490
1490 1260 2567
1260 1490 2567
1080 1540 2676
1540 1080 2676
2676 1080 1540
1411 2001 2315
2001 1411 2315
2315 1411 2001
651 2437 2840
2437 651 2840
2840 651 2437
2969 1182 2746
1182 2746 2969
2746 1182 2969
2493 311 1849
311 1849 2493
1849 311 2493
120 1312 2041
2041 120 1312
1312 120 2041
516 537 978
978 516 537
537 516 978
543 440 1068
1068 440 543
440 543 1068
1893 765 2205
2205 765 1893
765 1893 2205
1670 81 2748
2748 81 1670
81 1670 2748
2678 379 1824
1824 379 2678
379 1824 2678
1804 549 1949
549 1804 1949
1949 549 1804
2293 283 645
645 283 2293
283 645 2293
2759 1719 2116
2116 1719 2759
1719 2116 2759
2734 230 2862
230 2734 2862
2862 230 2734
2097 664 2368
664 2097 2368
2368 664 2097
2650 1072 1168
1072 1168 2650
1168 1072 2650
2715 1579 1615
1579 1615 2715
1615 1579 2715
2917 1079 2652
1079 2652 2917
2652 1079 2917
2625 416 485
416 485 2625
485 416 2625
506 80 1464
80 506 1464
1464 80 506
1409 1121 2614
1121 1409 2614
2614 1121 1409
1018 4 2725
4 1018 2725
2725 4 1018
2058 219 2254
2254 219 2058
219 2058 2254
723 406 2754
2754 406 723
406 723 2754
480 254 2600
2600 254 480
254 480 2600
1291 1178 1604
1604 1178 1291
1178 1291 1604
1470 116 389
116 389 1470
389 116 1470
2863 866 2884
866 2863 2884
2884 866 2863
1726 1302 2606
2606 1302 1726
1302 1726 2606
359 141 1339
141 359 1339
1339 141 359
2565 1349 2785
2785 1349 2565
1349 2565 2785
1661 1496 1981
1981 1496 1661
1496 1661 1981
2885 944 2267
944 2267 2885
2267 944 2885
1807 361 712
361 712 1807
712 361 1807
1559 60 510
510 60 1559
60 510 1559
602 1549 2995
1549 602 2995
2995 602 1549
2804 2499 2738
2738 2499 2804
2499 2738 2804
1813 984 1554
984 1554 1813
1554 984 1813
2320 630 1498
1498 630 2320
630 1498 2320
1735 829 2174
2174 829 1735
829 1735 2174
2169 16 273
16 273 2169
273 16 2169
2230 1400 1874
1400 1874 2230
1874 1400 2230
2802 209 2274
2274 209 2802
209 2274 2802
2610 1438 2046
2046 1438 2610
1438 2046 2610
1245 1207 2539
1207 1245 2539
2539 1207 1245
1055 920 927
927 920 1055
920 927 1055
689 1024 2302
2302 689 1024
1024 689 2302
2538 760 2168
2168 760 2538
760 2168 2538
2223 2042 2762
2762 2042 2223
2042 2223 2762
902 1140 2865
2865 902 1140
1140 902 2865
332 2482 2485
2485 332 2482
2482 332 2485
2507 1739 2553
2553 1739 2507
1739 2507 2553
2270 2125 2209
2125 2209 2270
2209 2125 2270
536 2432 2831
2432 536 2831
2831 536 2432
2898 704 1119
704 1119 2898
1119 704 2898
2347 603 1474
603 1474 2347
1474 603 2347
1704 589 2410
589 1704 2410
2410 589 1704
715 646 652
646 652 715
652 646 715
443 1449 2789
2789 443 1449
1449 443 2789
2551 31 154
31 154 2551
154 31 2551
348 1828 2352
1828 348 2352
2352 348 1828
641 983 1832
1832 641 983
983 641 1832
616 99 160
99 160 616
160 99 616
2589 1452 2227
1452 2227 2589
2227 1452 2589
1608 1232 1905
1232 1608 1905
1905 1232 1608
1188 2663 2902
2902 1188 2663
2663 1188 2902
2253 1266 2372
2372 1266 2253
1266 2253 2372
1817 2807 2938
2807 1817 2938
2938 1817 2807
472 169 565
565 169 472
169 472 565
1646 61 2520
2520 61 1646
61 1646 2520
1268 719 1610
719 1268 1610
1610 719 1268
2468 2316 2976
2976 2316 2468
2316 2468 2976
1255 370 2236
370 1255 2236
2236 370 1255
2684 1796 1877
1796 1877 2684
1877 1796 2684
2931 2216 2428
2428 2216 2931
2216 2428 2931
1757 1640 1995
1640 1757 1995
1995 1640 1757
194 717 1774
1774 194 717
717 194 1774
1673 19 1399
19 1399 1673
1399 19 1673
181 1686 2692
1686 181 2692
2692 181 1686
1968 2117 2543
2117 1968 2543
2543 1968 2117
2702 104 1429
1429 104 2702
104 1429 2702
98 1896 2197
2197 98 1896
1896 98 2197
1620 57 2876
2876 57 1620
57 1620 2876
2829 1051 1493
1493 1051 2829
1051 1493 2829
1568 505 2869
2869 505 1568
505 1568 2869
1447 1716 2178
2178 1447 1716
1716 1447 2178
1783 188 1060
188 1060 1783
1060 188 1783
139 5 1724
1724 5 139
5 139 1724
177 886 1564
1564 177 886
886 177 1564
2144 268 2405
2405 268 2144
268 2144 2405
2395 789 1605
1605 789 2395
789 1605 2395
798 1961 2797
1961 798 2797
2797 798 1961
2074 483 997
997 483 2074
483 997 2074
45 393 1226
393 45 1226
1226 45 393
1279 1023 2101
2101 1023 1279
1023 1279 2101
51 608 915
608 51 915
915 51 608
1416 1529 1775
1529 1416 1775
1775 1416 1529
2946 2560 2686
2686 2560 2946
2560 2686 2946
928 1852 2300
1852 928 2300
2300 928 1852
224 1008 2566
1008 224 2566
2566 224 1008
407 487 1769
487 407 1769
1769 407 487
766 958 2479
2479 766 958
958 766 2479
148 1048 2604
1048 148 2604
2604 148 1048
520 1778 2456
2456 520 1778
1778 520 2456
1840 429 2867
429 1840 2867
2867 429 1840
929 640 2906
2906 640 929
640 929 2906
1844 1440 2933
2933 1440 1844
1440 1844 2933
1821 2114 2263
2114 1821 2263
2263 1821 2114
2086 1721 1742
1721 1742 2086
1742 1721 2086
1206 376 2207
376 1206 2207
2207 376 1206
2814 642 2913
642 2814 2913
2913 642 2814
355 2095 2641
2641 355 2095
2095 355 2641
655 150 1290
150 655 1290
1290 150 655
1580 300 1274
300 1274 1580
1274 300 1580
1699 2 2026
2026 2 1699
2 1699 2026
812 222 1882
1882 222 812
222 812 1882
1959 566 2937
2937 566 1959
566 1959 2937
2791 785 1303
1303 785 2791
785 1303 2791
2921 1947 2028
2028 1947 2921
1947 2028 2921
448 346 1991
346 448 1991
1991 346 448
1664 2203 2970
2970 1664 2203
2203 1664 2970
2503 65 803
65 803 2503
803 65 2503
1903 1790 2883
1790 1903 2883
2883 1790 1903
2153 1065 2120
2120 1065 2153
1065 2120 2153
1509 2418 2998
2998 1509 2418
2418 1509 2998
1819 757 1513
1513 757 1819
757 1513 1819
1645 1424 2065
1424 1645 2065
2065 1424 1645
68 1064 2607
1064 68 2607
2607 68 1064
2384 948 2179
2179 948 2384
948 2179 2384
2900 276 2380
276 2380 2900
2380 276 2900
1458 492 1451
492 1451 1458
1451 492 1458
2187 2092 2654
2654 2092 2187
2092 2187 2654
1658 526 833
833 526 1658
526 833 1658
2034 671 1085
1085 671 2034
671 1085 2034
2616 338 1131
1131 338 2616
338 1131 2616
2066 1282 2928
1282 2066 2928
2928 1282 2066
1316 50 981
50 981 1316
981 50 1316
2882 343 2138
343 2138 2882
2138 343 2882
2842 1667 2104
2104 1667 2842
1667 2104 2842
2786 1029 1820
1029 1820 2786
1820 1029 2786
318 2532 2651
2532 318 2651
2651 318 2532
1209 808 2745
2745 808 1209
808 1209 2745
1881 653 1380
1380 653 1881
653 1380 1881
2480 445 2200
445 2200 2480
2200 445 2480
2541 586 1858
586 1858 2541
1858 586 2541
2639 391 778
778 391 2639
391 778 2639
2491 167 784
784 167 2491
167 784 2491
195 1000 1942
1000 195 1942
1942 195 1000
1634 1343 2910
2910 1343 1634
1343 1634 2910
2290 615 1165
1165 615 2290
615 1165 2290
1504 1288 2206
2206 1288 1504
1288 1504 2206
235 2147 2824
2147 235 2824
2824 235 2147
1619 127 1744
1744 127 1619
127 1619 1744
299 934 2411
2411 299 934
934 299 2411
84 622 2444
2444 84 622
622 84 2444
782 1479 2313
1479 782 2313
2313 782 1479
788 430 621
621 430 788
430 621 788
1854 192 2191
2191 192 1854
192 1854 2191
2489 102 2470
2470 102 2489
102 2470 2489
1895 1557 1763
1763 1557 1895
1557 1763 1895
2822 813 1443
1443 813 2822
813 1443 2822
2960 138 2240
138 2240 2960
2240 138 2960
937 1677 1768
1768 937 1677
1677 937 1768
2888 1575 2726
1575 2726 2888
2726 1575 2888
1916 676 2584
2584 676 1916
676 1916 2584
2608 2546 2677
2546 2608 2677
2677 2546 2608
542 1853 2298
1853 542 2298
2298 542 1853
118 11 1705
11 118 1705
1705 11 118
2275 957 2656
957 2275 2656
2656 957 2275
464 1770 2452
1770 464 2452
2452 464 1770
2845 2031 2784
2784 2031 2845
2031 2784 2845
2649 256 455
256 455 2649
455 256 2649
2406 2192 2255
2192 2255 2406
2255 2192 2406
1625 1366 2426
1366 1625 2426
2426 1366 1625
238 2441 2713
2441 238 2713
2713 238 2441
1082 568 735
735 568 1082
568 735 1082
989 136 385
385 136 989
136 385 989
807 1150 2735
1150 807 2735
2735 807 1150
773 1402 2887
2887 773 1402
1402 773 2887
460 2062 2635
2062 460 2635
2635 460 2062
1842 524 1690
524 1690 1842
1690 524 1842
783 1481 2739
2739 783 1481
1481 783 2739
204 1507 2268
1507 204 2268
2268 204 1507
754 2043 2335
2335 754 2043
2043 754 2335
244 1005 2919
2919 244 1005
1005 244 2919
837 1428 2233
2233 837 1428
1428 837 2233
879 2371 2821
2371 879 2821
2821 879 2371
1379 444 2531
2531 444 1379
444 1379 2531
1678 961 2712
2712 961 1678
961 1678 2712
2211 1277 2332
1277 2211 2332
2332 1277 2211
2440 433 1955
433 1955 2440
1955 433 2440
1459 1929 1967
1967 1459 1929
1929 1459 1967
2574 959 2838
2838 959 2574
959 2574 2838
1362 1335 1567
1335 1362 1567
1567 1335 1362
2605 2094 2414
2094 2414 2605
2414 2094 2605
1431 172 897
172 897 1431
897 172 1431
1404 545 2689
545 1404 2689
2689 545 1404
1970 2231 2703
2703 1970 2231
2231 1970 2703
2370 552 2051
2051 552 2370
552 2051 2370
2522 252 2484
252 2484 2522
2484 252 2522
201 1309 2839
2839 201 1309
1309 201 2839
1749 2075 2199
2199 1749 2075
2075 1749 2199
853 182 2731
2731 182 853
182 853 2731
992 2366 2847
2366 992 2847
2847 992 2366
1330 1014 2611
2611 1014 1330
1014 1330 2611
1448 227 1826
227 1448 1826
1826 227 1448
1674 1163 2573
2573 1163 1674
1163 1674 2573
530 2578 2622
2578 530 2622
2622 530 2578
672 1063 1582
1582 672 1063
1063 672 1582
1570 1548 2020
1548 1570 2020
2020 1548 1570
1798 605 2072
2072 605 1798
605 1798 2072
515 1201 2146
2146 515 1201
1201 515 2146
2118 847 1908
847 1908 2118
1908 847 2118
308 786 1466
786 308 1466
1466 308 786
683 579 1988
1988 579 683
579 683 1988
342 1004 2273
2273 342 1004
1004 342 2273
870 871 1357
871 870 1357
1357 870 871
663 658 722
658 663 722
722 658 663
669 109 1236
1236 109 669
109 669 1236
696 1370 2264
1370 696 2264
2264 696 1370
2977 1392 1878
1392 1878 2977
1878 1392 2977
2691 1525 2861
1525 2691 2861
2861 1525 2691
826 32 2645
2645 32 826
32 826 2645
2825 1486 1926
1486 1926 2825
1926 1486 2825
164 306 1729
306 164 1729
1729 164 306
1919 329 1816
1816 329 1919
329 1816 1919
1368 438 734
734 438 1368
438 734 1368
1972 964 1197
1197 964 1972
964 1197 1972
697 590 1332
590 697 1332
1332 590 697
2235 294 710
294 710 2235
710 294 2235
1573 1083 1697
1697 1083 1573
1083 1573 1697
471 36 2816
36 471 2816
2816 36 471
917 2242 2369
2242 917 2369
2369 917 2242
2770 650 1672
650 1672 2770
1672 650 2770
1480 758 2248
758 1480 2248
2248 758 1480
749 2017 2182
2182 749 2017
2017 749 2182
2619 541 2856
2856 541 2619
541 2619 2856
2292 266 2364
2364 266 2292
266 2292 2364
1932 1169 1921
1169 1921 1932
1921 1169 1932
941 1698 2512
2512 941 1698
1698 941 2512
1046 27 2744
27 1046 2744
2744 27 1046
1713 2279 2994
2994 1713 2279
2279 1713 2994
214 73 780
780 73 214
73 214 780
1491 818 2642
818 1491 2642
2642 818 1491
105 627 2474
2474 105 627
627 105 2474
55 317 1571
317 55 1571
1571 55 317
2817 1430 2523
2523 1430 2817
1430 2523 2817
1194 905 2362
2362 905 1194
905 1194 2362
972 33 163
33 163 972
163 33 972
1652 327 2892
327 1652 2892
2892 327 1652
721 995 1219
1219 721 995
995 721 1219
123 949 1656
949 123 1656
1656 123 949
951 314 2219
314 951 2219
2219 314 951
1473 657 745
745 657 1473
657 745 1473
2621 827 1973
1973 827 2621
827 1973 2621
2714 469 1800
469 1800 2714
1800 469 2714
2548 1394 1886
1394 1886 2548
1886 1394 2548
2310 74 1252
1252 74 2310
74 1252 2310
2220 1033 2613
1033 2220 2613
2613 1033 2220
2463 1190 1296
1296 1190 2463
1190 1296 2463
1746 1242 2451
1242 1746 2451
2451 1242 1746
2947 1502 2849
1502 2849 2947
2849 1502 2947
1408 1953 2419
2419 1408 1953
1953 1408 2419
2123 1196 1293
1293 1196 2123
1196 1293 2123
2284 1450 2354
1450 2284 2354
2354 1450 2284
1036 894 1321
894 1036 1321
1321 894 1036
797 2587 2688
2688 797 2587
2587 797 2688
1754 1660 2638
1660 1754 2638
2638 1660 1754
891 2536 2871
2536 891 2871
2871 891 2536
666 750 2999
2999 666 750
750 666 2999
2049 776 1743
1743 776 2049
776 1743 2049
233 1059 2398
1059 233 2398
2398 233 1059
916 1943 2626
2626 916 1943
1943 916 2626
1070 178 1818
178 1070 1818
1818 178 1070
1837 368 828
828 368 1837
368 828 1837
2793 2016 2514
2016 2514 2793
2514 2016 2793
1414 1597 2707
1597 1414 2707
2707 1414 1597
2597 2729 2859
2859 2597 2729
2729 2597 2859
557 1951 1985
1985 557 1951
1951 557 1985
1103 241 1578
1578 241 1103
241 1103 1578
2287 2525 2665
2665 2287 2525
2525 2287 2665
2089 1639 2319
2319 1639 2089
1639 2089 2319
512 242 1138
242 512 1138
1138 242 512
2562 87 2988
87 2562 2988
2988 87 2562
1663 1586 2972
2972 1586 1663
1586 1663 2972
2547 1125 1415
1125 1415 2547
1415 1125 2547
1971 962 1256
1256 962 1971
962 1256 1971
1393 619 747
619 747 1393
747 619 1393
2445 1020 2377
1020 2377 2445
2377 1020 2445
496 175 531
175 496 531
531 175 496
1167 1254 1918
1254 1167 1918
1918 1167 1254
309 2096 2837
2096 309 2837
2837 309 2096
1925 908 2382
2382 908 1925
908 1925 2382
1624 1388 2030
1388 1624 2030
2030 1388 1624
2006 660 1642
1642 660 2006
660 1642 2006
2148 307 1574
307 1574 2148
1574 307 2148
2392 137 2353
2353 137 2392
137 2353 2392
1621 363 2036
2036 363 1621
363 1621 2036
1709 180 2265
180 1709 2265
2265 180 1709
1141 62 910
62 910 1141
910 62 1141
1741 13 1478
1478 13 1741
13 1478 1741
1067 69 396
396 69 1067
69 396 1067
673 1210 2014
1210 673 2014
2014 673 1210
1249 2658 2846
2658 1249 2846
2846 1249 2658
2940 970 2048
2048 970 2940
970 2048 2940
1180 2194 2365
2365 1180 2194
2194 1180 2365
1204 388 1935
1935 388 1204
388 1204 1935
893 1887 2965
2965 893 1887
1887 893 2965
1680 2672 2673
2673 1680 2672
2672 1680 2673
2385 427 2472
2472 427 2385
427 2385 2472
2962 488 1711
1711 488 2962
488 1711 2962
1280 411 1944
411 1280 1944
1944 411 1280
1304 1834 1937
1937 1304 1834
1834 1304 1937
229 29 2628
2628 29 229
29 229 2628
1551 290 2029
2029 290 1551
290 1551 2029
1960 1859 2173
1859 1960 2173
2173 1859 1960
2453 911 2788
2788 911 2453
911 2453 2788
889 563 2776
563 889 2776
2776 563 889
1572 562 1161
1161 562 1572
562 1161 1572
502 298 2716
2716 298 502
298 502 2716
2777 2152 2312
2152 2312 2777
2312 2152 2777
746 2634 2878
2634 746 2878
2878 746 2634
1714 2009 2246
2246 1714 2009
2009 1714 2246
1199 232 2659
2659 232 1199
232 1199 2659
1831 985 1462
985 1462 1831
1462 985 1831
1134 2106 2408
2408 1134 2106
2106 1134 2408
1382 1445 2631
2631 1382 1445
1445 1382 2631
1351 1039 1227
1227 1039 1351
1039 1227 1351
2685 408 795
795 408 2685
408 795 2685
3000 1111 1198
1111 1198 3000
1198 1111 3000
923 2004 2964
2964 923 2004
2004 923 2964
2711 560 900
900 560 2711
560 900 2711
1913 1611 1666
1611 1666 1913
1666 1611 1913
501 2087 2397
2087 501 2397
2397 501 2087
2201 1272 2141
2141 1272 2201
1272 2141 2201
24 258 1425
258 24 1425
1425 24 258
561 352 1533
1533 352 561
352 561 1533
1857 508 2135
508 1857 2135
2135 508 1857
1994 611 2657
2657 611 1994
611 1994 2657
1603 857 1183
1183 857 1603
857 1183 1603
1777 597 2774
2774 597 1777
597 1777 2774
527 1599 2557
2557 527 1599
1599 527 2557
2720 2329 2427
2329 2427 2720
2427 2329 2720
2719 1166 1794
1166 1794 2719
1794 1166 2719
1864 1062 1601
1601 1062 1864
1062 1601 1864
1880 933 1324
933 1324 1880
1324 933 1880
918 270 1153
270 918 1153
1153 270 918
2844 1648 2003
2003 1648 2844
1648 2003 2844
1116 600 1542
1542 600 1116
600 1116 1542
221 1758 2124
2124 221 1758
1758 221 2124
573 637 2591
2591 573 637
637 573 2591
2342 340 1689
340 1689 2342
1689 340 2342
1126 2077 2545
2077 1126 2545
2545 1126 2077
1492 976 2119
976 1492 2119
2119 976 1492
1609 686 1216
686 1216 1609
1216 686 1609
2805 588 1043
1043 588 2805
588 1043 2805
1635 132 2488
132 1635 2488
2488 132 1635
2105 2373 2935
2935 2105 2373
2373 2105 2935
1829 1552 2278
2278 1552 1829
1552 1829 2278
919 2024 2466
2466 919 2024
2024 919 2466
165 121 250
121 165 250
250 121 165
1787 956 2923
956 1787 2923
2923 956 1787
509 1771 2732
2732 509 1771
1771 509 2732
2497 415 2156
2156 415 2497
415 2156 2497
2918 1517 1737
1737 1517 2918
1517 1737 2918
1395 634 1009
634 1009 1395
1009 634 1395
2111 684 732
684 732 2111
732 684 2111
2893 793 1965
1965 793 2893
793 1965 2893
762 730 1276
730 762 1276
1276 730 762
2108 1426 1482
1482 1426 2108
1426 1482 2108
690 854 2771
2771 690 854
854 690 2771
2128 478 1298
1298 478 2128
478 1298 2128
2877 814 2666
2666 814 2877
814 2666 2877
2139 925 1936
925 1936 2139
1936 925 2139
1233 1865 2932
1865 1233 2932
2932 1233 1865
434 284 2269
2269 284 434
284 434 2269
2299 1441 1523
1441 1523 2299
1523 1441 2299
2140 1980 2208
1980 2140 2208
2208 1980 2140
223 632 648
632 223 648
648 223 632
2581 1084 1200
1084 1200 2581
1200 1084 2581
2229 2527 2870
2870 2229 2527
2527 2229 2870
2733 903 2189
903 2189 2733
2189 903 2733
2159 674 1145
1145 674 2159
674 1145 2159
2576 422 1978
422 1978 2576
1978 422 2576
1099 834 2583
2583 834 1099
834 1099 2583
844 267 1147
1147 267 844
267 844 1147
820 253 936
253 820 936
936 253 820
1025 500 1173
500 1025 1173
1173 500 1025
980 514 738
514 738 980
738 514 980
1016 1866 2280
1866 1016 2280
2280 1016 1866
115 205 843
843 115 205
205 115 843
2198 504 2232
504 2198 2232
2232 504 2198
702 44 2137
44 702 2137
2137 44 702
623 716 2260
2260 623 716
716 623 2260
2131 1289 2708
2708 1289 2131
1289 2131 2708
1873 806 2071
2071 806 1873
806 1873 2071
1264 2360 2889
2360 1264 2889
2889 1264 2360
437 1751 2383
1751 437 2383
2383 437 1751
2350 885 1283
885 1283 2350
1283 885 2350
1427 418 450
450 418 1427
418 450 1427
2772 1696 2908
2908 1696 2772
1696 2772 2908
2462 278 2455
2455 278 2462
278 2455 2462
774 1650 2781
1650 774 2781
2781 774 1650
1313 1215 2047
1215 1313 2047
2047 1215 1313
2415 575 913
913 575 2415
575 913 2415
1364 1078 2495
2495 1078 1364
1078 1364 2495
636 876 2595
876 636 2595
2595 636 876
1367 1651 1901
1651 1367 1901
1901 1367 1651
1106 360 988
988 360 1106
360 988 1106
892 1756 2477
1756 892 2477
2477 892 1756
207 1503 2055
2055 207 1503
1503 207 2055
1398 1560 2067
2067 1398 1560
1560 1398 2067
2085 555 614
555 614 2085
614 555 2085
2683 491 592
491 592 2683
592 491 2683
2991 382 2012
382 2012 2991
2012 382 2991
1618 924 1731
1731 924 1618
924 1618 1731
1767 1928 1975
1975 1767 1928
1928 1767 1975
1684 331 413
331 413 1684
413 331 1684
2007 1628 2443
1628 2007 2443
2443 1628 2007
1760 761 1808
761 1760 1808
1808 761 1760
2175 685 1143
685 1143 2175
1143 685 2175
2154 578 2184
2184 578 2154
578 2154 2184
511 145 2623
145 511 2623
2623 145 511
1623 670 2122
670 1623 2122
2122 670 1623
1192 225 1976
1976 225 1192
225 1192 1976
2916 35 2582
35 2582 2916
2582 35 2916
2939 272 559
272 559 2939
559 272 2939
285 1616 1871
1616 285 1871
1871 285 1616
2646 898 2045
2045 898 2646
898 2045 2646
507 842 1308
842 507 1308
1308 507 842
58 548 2326
2326 58 548
548 58 2326
1092 1310 2819
2819 1092 1310
1310 1092 2819
375 1401 1505
1401 375 1505
1505 375 1401
335 320 2509
2509 320 335
320 335 2509
2601 567 743
567 743 2601
743 567 2601
1626 1073 1258
1258 1073 1626
1073 1258 1626
2402 1730 2431
1730 2402 2431
2431 1730 2402
1643 357 1868
1868 357 1643
357 1643 1868
875 66 680
680 66 875
66 680 875
1617 202 2002
202 1617 2002
2002 202 1617
1412 930 2633
2633 930 1412
930 1412 2633
179 392 1231
1231 179 392
392 179 1231
764 274 493
493 274 764
274 493 764
2266 1397 1547
1547 1397 2266
1397 1547 2266
1904 1776 2166
1776 1904 2166
2166 1776 1904
2675 1259 1753
1753 1259 2675
1259 1753 2675
2401 2039 2473
2039 2401 2473
2473 2039 2401
1485 70 149
149 70 1485
70 149 1485
2823 2157 2436
2157 2436 2823
2436 2157 2823
281 1982 2704
2704 281 1982
1982 281 2704
2809 261 2813
2813 261 2809
261 2809 2813
503 1056 2435
1056 503 2435
2435 503 1056
2063 2019 2687
2687 2019 2063
2019 2063 2687
1518 1390 2941
1390 1518 2941
2941 1390 1518
146 1270 2295
1270 146 2295
2295 146 1270
271 353 2181
2181 271 353
353 271 2181
2112 1129 2858
2858 1129 2112
1129 2112 2858
2010 76 1002
1002 76 2010
76 1002 2010
1732 2526 2764
2764 1732 2526
2526 1732 2764
1752 197 473
197 473 1752
473 197 1752
2429 1010 2281
1010 2281 2429
2281 1010 2429
2343 1792 2093
1792 2093 2343
2093 1792 2343
2259 585 1030
585 1030 2259
1030 585 2259
1123 46 1809
1809 46 1123
46 1123 1809
867 1993 2664
2664 867 1993
1993 867 2664
113 2172 2245
2172 113 2245
2245 113 2172
122 117 2737
2737 117 122
117 122 2737
2924 751 2794
751 2794 2924
2794 751 2924
2325 2033 2518
2518 2033 2325
2033 2325 2518
2796 129 1269
1269 129 2796
129 1269 2796
726 354 1593
1593 354 726
354 726 1593
369 1350 2258
2258 369 1350
1350 369 2258
1631 935 1702
1702 935 1631
935 1631 1702
1184 859 2291
859 1184 2291
2291 859 1184
2945 114 2078
2078 114 2945
114 2078 2945
1723 439 810
439 810 1723
810 439 1723
2448 2376 2481
2376 2448 2481
2481 2376 2448
2949 236 2773
2773 236 2949
236 2773 2949
1003 736 1132
736 1003 1132
1132 736 1003
1074 72 203
72 203 1074
203 72 1074
1457 998 1342
1342 998 1457
998 1342 1457
1728 2177 2710
2710 1728 2177
2177 1728 2710
2697 142 2151
2151 142 2697
142 2151 2697
2843 591 1248
1248 591 2843
591 1248 2843
822 90 1356
1356 90 822
90 822 1356
2282 522 1487
1487 522 2282
522 1487 2282
1341 206 1101
1101 206 1341
206 1101 1341
990 1822 2490
1822 990 2490
2490 990 1822
1320 529 2891
529 1320 2891
2891 529 1320
1403 612 2142
2142 612 1403
612 1403 2142
1275 1133 2569
2569 1133 1275
1133 1275 2569
162 140 2221
2221 140 162
140 162 2221
851 395 1284
395 851 1284
1284 395 851
665 1802 2890
1802 665 2890
2890 665 1802
904 156 2561
2561 156 904
156 904 2561
1076 2185 2630
2185 1076 2630
2630 1076 2185
938 1050 1682
1050 938 1682
1682 938 1050
525 265 1432
1432 265 525
265 525 1432
2841 1720 2126
2126 1720 2841
1720 2126 2841
2554 688 1413
688 1413 2554
1413 688 2554
1889 713 1933
713 1889 1933
1933 713 1889
613 1740 2699
1740 613 2699
2699 613 1740
1359 2387 2533
2387 1359 2533
2533 1359 2387
2800 186 2143
2143 186 2800
186 2143 2800
583 1644 1734
1734 583 1644
1644 583 1734
1378 226 1265
226 1265 1378
1265 226 1378
2515 293 378
378 293 2515
293 378 2515
2467 1326 2955
2955 1326 2467
1326 2467 2955
609 217 1307
1307 217 609
217 609 1307
1511 296 2552
296 1511 2552
2552 296 1511
1841 482 1095
1095 482 1841
482 1095 1841
2763 513 1384
513 1384 2763
1384 513 2763
2742 804 1251
804 1251 2742
1251 804 2742
2363 400 1223
1223 400 2363
400 1223 2363
183 1297 1795
1297 183 1795
1795 183 1297
2340 200 2130
200 2130 2340
2130 200 2340
2109 724 1185
724 1185 2109
1185 724 2109
625 10 963
10 625 963
963 10 625
463 887 2571
887 463 2571
2571 463 887
2050 303 2974
2974 303 2050
303 2050 2974
1591 365 631
631 365 1591
365 631 1591
1856 237 815
815 237 1856
237 815 1856
880 1089 1607
1607 880 1089
1089 880 1607
1122 1041 2053
1041 1122 2053
2053 1041 1122
305 345 1747
1747 305 345
345 305 1747
1240 831 2425
2425 831 1240
831 1240 2425
337 351 1189
351 337 1189
1189 337 351
2679 994 1228
1228 994 2679
994 1228 2679
387 1193 1299
1193 387 1299
1299 387 1193
1314 1017 2261
2261 1017 1314
1017 1314 2261
610 781 1300
781 610 1300
1300 610 781
2864 414 2550
414 2550 2864
2550 414 2864
1755 587 659
659 587 1755
587 659 1755
97 1159 2790
2790 97 1159
1159 97 2790
1811 159 1156
1156 159 1811
159 1156 1811
263 1331 2506
2506 263 1331
1331 263 2506
2449 85 2798
2798 85 2449
85 2449 2798
2160 1386 1738
1738 1386 2160
1386 1738 2160
282 700 805
805 282 700
700 282 805
2662 809 888
809 888 2662
888 809 2662
1638 103 2705
103 1638 2705
2705 103 1638
2586 2289 2542
2542 2289 2586
2289 2542 2586
2850 14 2599
2599 14 2850
14 2599 2850
1532 1556 1814
1556 1532 1814
1814 1532 1556
1389 1848 2580
2580 1389 1848
1848 1389 2580
2023 1373 2835
2835 1373 2023
1373 2023 2835
372 1114 1883
1883 372 1114
1114 372 1883
82 711 1583
711 82 1583
1583 82 711
2636 1135 1136
1136 1135 2636
1135 1136 2636
2317 216 402
216 402 2317
402 216 2317
1186 1421 2787
2787 1186 1421
1421 1186 2787
419 75 869
75 419 869
869 75 419
2612 432 825
432 825 2612
825 432 2612
168 1476 1788
1476 168 1788
1788 168 1476
1897 454 1035
1035 454 1897
454 1035 1897
2032 199 1952
1952 199 2032
199 1952 2032
677 313 2413
2413 313 677
313 677 2413
126 1879 2323
2323 126 1879
1879 126 2323
2987 1222 1717
1222 1717 2987
1717 1222 2987
2446 231 2857
231 2446 2857
2857 231 2446
2038 1986 2388
1986 2038 2388
2388 1986 2038
147 777 1945
777 147 1945
1945 147 777
953 895 1987
1987 895 953
895 953 1987
2728 558 1862
558 1862 2728
1862 558 2728
553 624 2076
624 553 2076
2076 553 624
49 954 1124
954 49 1124
1124 49 954
2057 668 2975
668 2057 2975
2975 668 2057
2875 1455 2879
2879 1455 2875
1455 2875 2879
2212 1668 1785
1785 1668 2212
1668 1785 2212
2188 759 2832
2832 759 2188
759 2188 2832
2060 381 1328
1328 381 2060
381 1328 2060
975 1377 2420
2420 975 1377
1377 975 2420
2339 1528 2958
1528 2339 2958
2958 1528 2339
968 2346 2694
2346 968 2694
2694 968 2346
1679 1164 1322
1164 1322 1679
1322 1164 1679
6 705 1406
705 6 1406
1406 6 705
2356 459 2171
459 2171 2356
2171 459 2356
2943 1934 2971
2971 1934 2943
1934 2943 2971
1375 324 1202
324 1202 1375
1202 324 1375
1563 2133 2778
2778 1563 2133
2133 1563 2778
362 1810 2741
2741 362 1810
1810 362 2741
71 594 824
824 71 594
594 71 824
1 901 1045
901 1 1045
1045 1 901
1365 53 2407
53 1365 2407
2407 53 1365
945 2617 2901
2617 945 2901
2901 945 2617
366 125 1160
1160 125 366
125 366 1160
42 2107 2132
2107 42 2132
2132 42 2107
470 2422 2516
2516 470 2422
2422 470 2516
2661 1047 1806
1806 1047 2661
1047 1806 2661
2528 2015 2164
2015 2164 2528
2164 2015 2528
1419 157 2204
157 1419 2204
2204 157 1419
943 996 1090
996 943 1090
1090 943 996
1081 858 1360
858 1081 1360
1360 858 1081
2150 1146 2351
2351 1146 2150
1146 2150 2351
1337 787 836
787 836 1337
836 787 1337
2228 882 2680
2680 882 2228
882 2228 2680
1247 187 2706
2706 187 1247
187 1247 2706
1915 1338 1909
1909 1338 1915
1338 1909 1915
210 649 1032
649 210 1032
1032 210 649
1885 1851 2088
1851 1885 2088
2088 1851 1885
999 802 1437
802 999 1437
1437 802 999
1369 728 1203
1203 728 1369
728 1203 1369
1803 662 2851
662 1803 2851
2851 662 1803
1454 425 494
425 494 1454
494 425 1454
874 528 595
595 528 874
528 595 874
1012 596 1662
596 1012 1662
1662 596 1012
2324 91 1941
1941 91 2324
91 1941 2324
1460 1006 2740
1006 1460 2740
2740 1006 1460
107 465 1213
1213 107 465
465 107 1213
752 906 2905
906 752 2905
2905 752 906
1340 1762 2238
2238 1340 1762
1762 1340 2238
725 1154 2736
1154 725 2736
2736 725 1154
2091 741 2667
741 2091 2667
2667 741 2091
2978 22 993
993 22 2978
22 993 2978
2276 796 1001
796 1001 2276
1001 796 2276
100 841 1218
841 100 1218
1218 100 841
2386 1688 2249
1688 2249 2386
2249 1688 2386
1444 1294 1727
1294 1444 1727
1727 1294 1444
1108 550 883
883 550 1108
550 883 1108
405 1847 1922
1847 405 1922
1922 405 1847
18 2054 2417
2417 18 2054
2054 18 2417
2674 34 2018
34 2018 2674
2018 34 2674
1075 37 1553
1553 37 1075
37 1075 1553
1530 3 739
3 739 1530
739 3 1530
2780 326 2953
2953 326 2780
326 2780 2953
733 447 1175
447 733 1175
1175 447 733
2598 695 863
695 863 2598
863 695 2598
1845 1038 2257
2257 1038 1845
1038 1845 2257
2559 1527 1954
1527 1954 2559
1954 1527 2559
1234 1923 2775
1923 1234 2775
2775 1234 1923
2588 551 1097
1097 551 2588
551 1097 2588
574 755 2948
2948 574 755
755 574 2948
2081 1585 2668
2668 1585 2081
1585 2081 2668
2196 1087 2973
1087 2196 2973
2973 1087 2196
1812 1241 1722
1722 1241 1812
1241 1722 1812
1172 626 2262
2262 626 1172
626 1172 2262
2011 1315 2005
2005 1315 2011
1315 2005 2011
1471 601 1793
1793 601 1471
601 1471 1793
2529 1317 1521
1317 1521 2529
1521 1317 2529
59 1235 2957
1235 59 2957
2957 59 1235
2361 111 1632
1632 111 2361
111 1632 2361
23 1659 1681
1681 23 1659
1659 23 1681
967 532 2942
532 967 2942
2942 532 967
2283 2434 2860
2434 2283 2860
2860 2283 2434
161 1789 2760
2760 161 1789
1789 161 2760
1927 356 691
356 691 1927
691 356 1927
315 2115 2381
2115 315 2381
2381 315 2115
982 2496 2643
2643 982 2496
2496 982 2643
173 1019 2629
1019 173 2629
2629 173 1019
1977 682 2640
682 1977 2640
2640 682 1977
2464 2241 2367
2241 2367 2464
2367 2241 2464
1671 280 1044
280 1044 1671
1044 280 1671
1647 2421 2510
2510 1647 2421
2421 1647 2510
112 1098 2767
1098 112 2767
2767 112 1098
319 399 1956
1956 319 399
399 319 1956
1230 1823 1833
1823 1230 1833
1833 1230 1823
2167 850 1191
850 1191 2167
1191 850 2167
2812 799 2113
799 2113 2812
2113 799 2812
1786 1221 1436
1221 1436 1786
1436 1221 1786
2314 426 2564
2564 426 2314
426 2314 2564
1506 571 821
821 571 1506
571 821 1506
2967 2311 2519
2311 2519 2967
2519 2311 2967
2061 1894 2827
2827 1894 2061
1894 2061 2827
2044 864 1657
864 1657 2044
1657 864 2044
1463 1830 2222
1830 1463 2222
2222 1463 1830
1286 581 2213
581 1286 2213
2213 581 1286
1676 727 2400
727 1676 2400
2400 727 1676
1353 2454 2936
2936 1353 2454
2454 1353 2936
1187 1271 2355
1271 1187 2355
2355 1187 1271
339 1468 1863
1863 339 1468
1468 339 1863
707 607 2334
607 707 2334
2334 607 707
519 1239 1355
1355 519 1239
1239 519 1355
2243 971 1683
1683 971 2243
971 1683 2243
1781 394 2328
2328 394 1781
394 1781 2328
1040 2237 2756
2237 1040 2756
2756 1040 2237
1118 1997 2069
2069 1118 1997
1997 1118 2069
1512 17 912
912 17 1512
17 912 1512
2215 92 2904
92 2215 2904
2904 92 2215
977 1171 1622
1171 977 1622
1622 977 1171
1162 191 1992
1992 191 1162
191 1162 1992
1086 1870 2129
2129 1086 1870
1870 1086 2129
1061 1026 1907
1026 1061 1907
1907 1026 1061
1385 1442 1654
1654 1385 1442
1442 1385 1654
2460 310 1434
310 1434 2460
1434 310 2460
1177 158 1537
1537 158 1177
158 1177 1537
56 1053 2202
1053 56 2202
2202 56 1053
628 1278 2396
2396 628 1278
1278 628 2396
77 942 1066
1066 77 942
942 77 1066
2549 498 770
498 770 2549
770 498 2549
2389 269 2596
269 2389 2596
2596 269 2389
1104 740 2881
740 1104 2881
2881 740 1104
86 979 2494
2494 86 979
979 86 2494
2979 21 1374
21 1374 2979
1374 21 2979
1514 1990 2162
1990 1514 2162
2162 1514 1990
466 185 228
185 228 466
228 185 466
1946 1420 2224
1420 1946 2224
2224 1420 1946
544 323 2855
2855 323 544
323 544 2855
792 1130 2442
2442 792 1130
1130 792 2442
401 703 1422
703 401 1422
1422 401 703
1217 461 1327
461 1217 1327
1327 461 1217
457 1285 1499
1285 457 1499
1499 457 1285
538 330 1600
330 538 1600
1600 330 538
2322 89 1088
89 1088 2322
1088 89 2322
1772 215 1984
1984 215 1772
215 1772 1984
486 569 2013
2013 486 569
569 486 2013
336 667 1914
1914 336 667
667 336 1914
2163 435 2210
2210 435 2163
435 2163 2210
1295 2336 2696
2696 1295 2336
2336 1295 2696
629 2769 2951
2769 629 2951
2951 629 2769
1465 2747 2961
2747 1465 2961
2961 1465 2747
791 817 2896
2896 791 817
817 791 2896
2090 1181 2476
2476 1181 2090
1181 2090 2476
2950 1208 1999
1208 1999 2950
1999 1208 2950
2811 1151 2524
2524 1151 2811
1151 2524 2811
1562 8 2880
2880 8 1562
8 1562 2880
1520 41 110
110 41 1520
41 110 1520
143 884 1500
1500 143 884
884 143 1500
2513 189 1112
189 1112 2513
1112 189 2513
39 1501 1725
1725 39 1501
1501 39 1725
2321 729 1636
729 1636 2321
1636 729 2321
1013 1825 2083
2083 1013 1825
1825 1013 2083
417 2749 2751
2751 417 2749
2749 417 2751
955 1107 2378
1107 955 2378
2378 955 1107
1685 190 914
914 190 1685
190 914 1685
83 458 1363
458 83 1363
1363 83 458
1225 633 1381
1381 633 1225
633 1225 1381
973 297 2345
297 973 2345
2345 297 973
449 1461 2052
2052 449 1461
1461 449 2052
1596 533 2852
2852 533 1596
533 1596 2852
1969 986 1912
986 1912 1969
1912 986 1969
714 243 932
243 714 932
932 243 714
2134 1334 2698
1334 2134 2698
