574 80 2370
80 574 2370
2370 80 574
354 428 2750
2750 354 428
428 354 2750
509 2132 2349
2349 509 2132
2132 509 2349
2655 754 1304
1304 754 2655
754 1304 2655
1991 157 341
341 157 1991
157 341 1991
1350 590 1619
1619 590 1350
590 1350 1619
667 969 1554
1554 667 969
969 667 1554
2402 604 1412
1412 604 2402
604 1412 2402
124 387 467
467 124 387
387 124 467
1306 513 1225
513 1225 1306
1225 513 1306
2660 1030 2300
2300 1030 2660
1030 2300 2660
1149 612 1106
1106 612 1149
612 1106 1149
37 246 1136
1136 37 246
246 37 1136
1525 1135 2681
1135 1525 2681
2681 1135 1525
4 79 105
79 4 105
105 4 79
2285 47 2091
2091 47 2285
47 2091 2285
900 1873 2769
2769 900 1873
1873 900 2769
2530 207 1986
1986 207 2530
207 1986 2530
2163 2670 2797
2797 2163 2670
2670 2163 2797
2280 1268 2266
2266 1268 2280
1268 2266 2280
1025 112 2824
2824 112 1025
112 1025 2824
624 2794 2982
2982 624 2794
2794 624 2982
611 1255 1661
1661 611 1255
1255 611 1661
2390 1887 2617
1887 2390 2617
2617 1887 2390
1819 273 1762
273 1762 1819
1762 273 1819
1649 1671 2620
2620 1649 1671
1671 1649 2620
1192 1296 2234
1296 1192 2234
2234 1192 1296
1173 958 1640
1640 958 1173
958 1173 1640
2724 519 2810
2810 519 2724
519 2724 2810
2501 2222 2873
2222 2501 2873
2873 2222 2501
1277 302 2028
2028 302 1277
302 1277 2028
2477 440 818
440 818 2477
818 440 2477
2739 1551 2137
2137 1551 2739
1551 2137 2739
1831 1998 2593
1998 1831 2593
2593 1831 1998
541 2114 2544
2114 541 2544
2544 541 2114
1239 622 2096
622 1239 2096
2096 622 1239
2184 331 1353
1353 331 2184
331 1353 2184
178 2006 2808
2808 178 2006
2006 178 2808
1287 1600 2671
1600 1287 2671
2671 1287 1600
2888 1834 2231
2231 1834 2888
1834 2231 2888
506 1102 1810
1810 506 1102
1102 506 1810
1821 218 1258
218 1258 1821
1258 218 1821
1349 1448 2462
2462 1349 1448
1448 1349 2462
1681 33 1678
33 1678 1681
1678 33 1681
1271 988 1095
1095 988 1271
988 1095 1271
1464 817 2299
817 1464 2299
2299 817 1464
2122 2635 2773
2635 2122 2773
2773 2122 2635
685 734 2573
2573 685 734
734 685 2573
721 410 1897
1897 410 721
410 721 1897
8 1712 2823
1712 8 2823
2823 8 1712
968 314 2729
314 968 2729
2729 314 968
1004 952 2978
952 1004 2978
2978 952 1004
1291 12 464
12 464 1291
464 12 1291
20 36 1441
1441 20 36
36 20 1441
1942 319 915
319 915 1942
915 319 1942
1205 875 2427
875 1205 2427
2427 875 1205
2107 301 986
301 986 2107
986 301 2107
171 1609 2392
1609 171 2392
2392 171 1609
163 1417 2637
2637 163 1417
1417 163 2637
2495 693 1939
693 1939 2495
1939 693 2495
2862 262 2704
262 2704 2862
2704 262 2862
182 596 811
811 182 596
596 182 811
1518 950 1152
1152 950 1518
950 1152 1518
54 222 1597
222 54 1597
1597 54 222
2523 413 853
413 853 2523
853 413 2523
587 114 2328
114 587 2328
2328 114 587
1898 1400 1775
1400 1775 1898
1775 1400 1898
1495 1204 1455
1204 1455 1495
1455 1204 1495
620 1361 2395
2395 620 1361
1361 620 2395
532 750 1807
1807 532 750
750 532 1807
2865 652 852
652 852 2865
852 652 2865
1617 1693 2623
1693 1617 2623
2623 1617 1693
243 275 373
275 243 373
373 243 275
871 1526 2527
1526 871 2527
2527 871 1526
2911 1389 2150
2150 1389 2911
1389 2150 2911
2764 1896 2208
1896 2208 2764
2208 1896 2764
1121 1520 2948
1520 1121 2948
2948 1121 1520
139 108 1971
108 139 1971
1971 108 139
2286 2474 2814
2814 2286 2474
2474 2286 2814
1908 1364 2054
2054 1364 1908
1364 1908 2054
1302 557 966
557 966 1302
966 557 1302
1778 1530 1911
1530 1778 1911
1911 1530 1778
536 127 1083
127 536 1083
1083 127 536
2485 2433 2697
2697 2433 2485
2433 2485 2697
2744 741 1061
741 1061 2744
1061 741 2744
2693 1993 2585
1993 2585 2693
2585 1993 2693
1719 1435 2069
1435 1719 2069
2069 1435 1719
406 2013 2711
2013 406 2711
2711 406 2013
849 547 2590
547 849 2590
2590 547 849
1470 1838 2357
1838 1470 2357
2357 1470 1838
486 359 2416
2416 359 486
359 486 2416
177 577 2935
2935 177 577
577 177 2935
2915 1375 2140
2140 1375 2915
1375 2140 2915
846 802 2599
2599 802 846
802 846 2599
2478 553 808
808 553 2478
553 808 2478
237 1377 1740
1740 237 1377
1377 237 1740
159 50 1643
50 159 1643
1643 50 159
1081 956 1224
956 1081 1224
1224 956 1081
1797 1321 2529
1321 1797 2529
2529 1321 1797
169 397 1521
397 169 1521
1521 169 397
2629 1319 2906
2906 1319 2629
1319 2629 2906
2694 126 2806
126 2694 2806
2806 126 2694
2770 109 2322
2322 109 2770
109 2322 2770
2669 525 2768
525 2669 2768
2768 525 2669
729 940 1613
940 729 1613
1613 729 940
2761 614 653
614 653 2761
653 614 2761
395 761 1414
1414 395 761
761 395 1414
1438 46 1850
46 1438 1850
1850 46 1438
1883 2108 2543
2108 1883 2543
2543 1883 2108
799 35 452
452 35 799
35 452 799
289 1062 1916
1916 289 1062
1062 289 1916
2356 2480 2584
2480 2356 2584
2584 2356 2480
1383 19 1108
19 1108 1383
1108 19 1383
2024 935 962
935 962 2024
962 935 2024
1891 283 1298
283 1298 1891
1298 283 1891
409 1732 1904
1732 409 1904
1904 409 1732
987 1029 2785
2785 987 1029
1029 987 2785
2818 981 1327
1327 981 2818
981 1327 2818
589 1531 2920
2920 589 1531
1531 589 2920
774 2116 2930
2930 774 2116
2116 774 2930
9 1266 2686
1266 9 2686
2686 9 1266
2167 2363 2807
2807 2167 2363
2363 2167 2807
2125 514 1657
514 1657 2125
1657 514 2125
2306 792 1016
1016 792 2306
792 1016 2306
134 954 2428
954 134 2428
2428 134 954
1813 1708 2160
1708 1813 2160
2160 1708 1813
1966 1 1174
1174 1 1966
1 1174 1966
1741 972 1718
972 1718 1741
1718 972 1741
2816 483 2498
2498 483 2816
483 2498 2816
1309 882 2072
2072 882 1309
882 1309 2072
1011 616 691
691 616 1011
616 691 1011
1235 88 1114
1114 88 1235
88 1114 1235
609 1542 1573
1542 609 1573
1573 609 1542
1846 1879 2015
2015 1846 1879
1879 1846 2015
2472 1894 2786
1894 2472 2786
2786 1894 2472
1577 22 1691
22 1577 1691
1691 22 1577
1543 1948 2728
2728 1543 1948
1948 1543 2728
2261 193 214
214 193 2261
193 214 2261
1175 1261 2124
1261 1175 2124
2124 1175 1261
1931 949 2756
2756 949 1931
949 1931 2756
422 2278 2291
2278 422 2291
2291 422 2278
2253 40 398
398 40 2253
40 398 2253
2792 1881 2035
2035 1881 2792
1881 2035 2792
391 211 914
914 211 391
211 391 914
2050 1783 2403
1783 2050 2403
2403 1783 2050
143 374 2991
374 143 2991
2991 143 374
857 641 664
664 641 857
641 664 857
146 1312 2866
1312 146 2866
2866 146 1312
2791 162 1688
1688 162 2791
162 1688 2791
2640 170 2120
2120 170 2640
170 2120 2640
627 2484 2964
2484 627 2964
2964 627 2484
2524 375 1089
1089 375 2524
375 1089 2524
1428 1972 2535
2535 1428 1972
1972 1428 2535
2207 2276 2924
2924 2207 2276
2276 2207 2924
1040 2471 2775
2775 1040 2471
2471 1040 2775
1550 1755 2083
1755 1550 2083
2083 1550 1755
448 1733 2166
2166 448 1733
1733 448 2166
1196 860 2882
2882 860 1196
860 1196 2882
1318 793 1509
793 1318 1509
1509 793 1318
1653 2267 2297
2267 1653 2297
2297 1653 2267
883 1633 2455
1633 883 2455
2455 883 1633
1307 921 2288
2288 921 1307
921 1307 2288
2338 2202 2875
2875 2202 2338
2202 2338 2875
402 383 904
383 402 904
904 383 402
2631 1252 1696
1696 1252 2631
1252 1696 2631
867 2102 2549
2102 867 2549
2549 867 2102
1356 877 1022
877 1022 1356
1022 877 1356
760 805 1098
1098 760 805
805 760 1098
98 1211 1674
1674 98 1211
1211 98 1674
2716 1241 2235
2235 1241 2716
1241 2235 2716
1722 424 1586
1586 424 1722
424 1586 1722
2928 771 1962
1962 771 2928
771 1962 2928
731 1100 2579
2579 731 1100
1100 731 2579
444 549 1985
549 444 1985
1985 444 549
2689 1655 2329
1655 2329 2689
2329 1655 2689
769 595 631
631 595 769
595 631 769
2200 2380 2923
2380 2200 2923
2923 2200 2380
851 993 1794
993 851 1794
1794 851 993
2627 1360 2612
1360 2612 2627
2612 1360 2627
1535 92 2196
2196 92 1535
92 1535 2196
2273 208 2615
208 2273 2615
2615 208 2273
1416 2309 2514
2514 1416 2309
2309 1416 2514
2092 1583 2611
2611 1583 2092
1583 2092 2611
2657 1045 1220
1220 1045 2657
1045 1220 2657
2489 2438 3000
2438 2489 3000
3000 2438 2489
372 806 1581
806 372 1581
1581 372 806
842 2746 2826
2746 842 2826
2826 842 2746
1612 1683 1823
1683 1612 1823
1823 1612 1683
2742 181 548
548 181 2742
181 548 2742
2672 2431 2752
2431 2672 2752
2752 2431 2672
1387 1817 2767
1817 1387 2767
2767 1387 1817
2033 1829 2665
2665 1829 2033
1829 2033 2665
2805 1390 1650
1650 1390 2805
1390 1650 2805
2302 67 1578
67 1578 2302
1578 67 2302
994 1992 2449
2449 994 1992
1992 994 2449
310 184 1337
1337 184 310
184 310 1337
1553 493 1017
1017 493 1553
493 1017 1553
1977 256 419
419 256 1977
256 419 1977
1952 62 1158
1158 62 1952
62 1158 1952
1537 694 1479
1479 694 1537
694 1479 1537
521 1188 1951
1188 521 1951
1951 521 1188
845 924 970
970 845 924
924 845 970
1702 862 2153
862 1702 2153
2153 862 1702
2173 280 2571
2571 280 2173
280 2173 2571
1140 1716 2318
1716 1140 2318
2318 1140 1716
2967 1724 2232
2232 1724 2967
1724 2232 2967
931 1560 1989
1989 931 1560
1560 931 1989
1249 666 2003
666 1249 2003
2003 666 1249
1492 926 2639
2639 926 1492
926 1492 2639
1884 30 1710
30 1710 1884
1710 30 1884
86 167 1621
1621 86 167
167 86 1621
2342 1303 1773
1303 1773 2342
1773 1303 2342
1604 888 2787
2787 888 1604
888 1604 2787
1689 1169 1798
1169 1689 1798
1798 1169 1689
822 844 2945
844 822 2945
2945 822 844
2177 96 948
96 948 2177
948 96 2177
2060 1086 2136
2136 1086 2060
1086 2060 2136
203 1506 2853
2853 203 1506
1506 203 2853
922 858 2663
858 922 2663
2663 858 922
1262 943 998
998 943 1262
943 998 1262
2314 819 1690
1690 819 2314
819 1690 2314
2004 2439 2984
2439 2004 2984
2984 2004 2439
2129 199 1194
1194 199 2129
199 1194 2129
2577 646 2650
646 2577 2650
2650 646 2577
1124 2236 2548
2548 1124 2236
2236 1124 2548
205 21 1635
1635 21 205
21 205 1635
2325 1933 2179
1933 2179 2325
2179 1933 2325
2482 1565 2118
1565 2118 2482
2118 1565 2482
190 1629 2240
1629 190 2240
2240 190 1629
1323 835 2078
2078 835 1323
835 1323 2078
832 266 2969
2969 266 832
266 832 2969
2065 971 2979
971 2065 2979
2979 971 2065
1251 756 1401
1401 756 1251
756 1251 1401
2698 7 880
880 7 2698
7 880 2698
394 978 2730
2730 394 978
978 394 2730
523 1328 1386
1386 523 1328
1328 523 1386
1622 1842 2470
2470 1622 1842
1842 1622 2470
60 899 2143
2143 60 899
899 60 2143
2005 861 1570
1570 861 2005
861 1570 2005
403 1317 1822
1317 403 1822
1822 403 1317
1166 480 2512
2512 480 1166
480 1166 2512
902 1728 2880
1728 902 2880
2880 902 1728
1796 572 2487
572 1796 2487
2487 572 1796
1457 66 788
66 788 1457
788 66 1457
775 675 2847
675 775 2847
2847 675 775
1051 1485 2192
2192 1051 1485
1485 1051 2192
89 1637 2494
1637 89 2494
2494 89 1637
2171 1475 1639
1639 1475 2171
1475 1639 2171
2213 1608 2020
1608 2020 2213
2020 1608 2213
567 290 1594
1594 290 567
290 567 1594
2354 389 463
463 389 2354
389 463 2354
58 1782 2946
1782 58 2946
2946 58 1782
492 296 2735
296 492 2735
2735 296 492
1200 340 1626
1626 340 1200
340 1200 1626
69 511 2831
511 69 2831
2831 69 511
1385 392 640
392 640 1385
640 392 1385
1186 1709 2282
2282 1186 1709
1709 1186 2282
1449 961 983
961 983 1449
983 961 1449
2661 743 2339
743 2339 2661
2339 743 2661
414 1970 2424
2424 414 1970
1970 414 2424
318 504 823
504 318 823
823 318 504
1763 152 2399
2399 152 1763
152 1763 2399
2894 286 2056
286 2056 2894
2056 286 2894
742 545 2914
545 742 2914
2914 545 742
2510 1953 2367
2367 1953 2510
1953 2367 2510
896 859 1863
1863 859 896
859 896 1863
1615 1077 1381
1077 1381 1615
1381 1077 1615
1958 610 1256
610 1256 1958
1256 610 1958
963 2452 2884
2884 963 2452
2452 963 2884
2343 510 696
510 696 2343
696 510 2343
870 804 2388
804 870 2388
2388 804 870
524 221 2002
221 524 2002
2002 221 524
1877 1052 1466
1052 1466 1877
1466 1052 1877
1687 241 2324
2324 241 1687
241 1687 2324
1973 2087 2337
2087 1973 2337
2337 1973 2087
830 1593 2720
1593 830 2720
2720 830 1593
2046 2500 2833
2833 2046 2500
2500 2046 2833
1279 1756 2081
2081 1279 1756
1756 1279 2081
1636 31 1836
31 1636 1836
1836 31 1636
1501 1701 2351
2351 1501 1701
1701 1501 2351
2068 133 1299
133 1299 2068
1299 133 2068
244 1183 1236
1236 244 1183
1183 244 1236
2760 236 1351
236 1351 2760
1351 236 2760
2966 1711 2634
2634 1711 2966
1711 2634 2966
560 364 1888
364 560 1888
1888 364 560
529 689 1774
689 529 1774
1774 529 689
2109 977 1070
977 1070 2109
1070 977 2109
1024 228 699
699 228 1024
228 699 1024
1404 352 738
352 738 1404
738 352 1404
1885 1839 2502
1839 1885 2502
2502 1839 1885
2607 153 2713
2713 153 2607
153 2607 2713
1833 701 2223
2223 701 1833
701 1833 2223
2400 2027 2182
2182 2027 2400
2027 2182 2400
2601 812 2591
2591 812 2601
812 2591 2601
2034 1474 1802
1474 1802 2034
1802 1474 2034
2104 527 1348
527 1348 2104
1348 527 2104
191 59 450
450 59 191
59 191 450
1171 740 2568
2568 740 1171
740 1171 2568
1237 1071 1206
1206 1071 1237
1071 1206 1237
26 607 2630
2630 26 607
607 26 2630
381 1284 1929
1929 381 1284
1284 381 1929
2766 1335 1339
1339 1335 2766
1335 1339 2766
1548 1463 2219
1463 1548 2219
2219 1463 1548
717 2556 2868
2556 717 2868
2868 717 2556
2176 25 1974
25 1974 2176
1974 25 2176
1589 2706 2959
2959 1589 2706
2706 1589 2959
465 2541 2624
2624 465 2541
2541 465 2624
1669 837 964
964 837 1669
837 964 1669
2154 1803 2864
1803 2154 2864
2864 1803 2154
1582 772 1137
772 1137 1582
1137 772 1582
232 2442 2921
2442 232 2921
2921 232 2442
974 1869 1982
1869 974 1982
1982 974 1869
1185 992 2886
992 1185 2886
2886 992 1185
1190 669 2563
669 1190 2563
2563 669 1190
2907 932 1906
932 1906 2907
1906 932 2907
258 245 1063
1063 245 258
245 258 1063
1997 1199 2628
1199 1997 2628
2628 1199 1997
984 941 1020
941 984 1020
1020 941 984
800 1545 2733
2733 800 1545
1545 800 2733
61 6 315
6 61 315
315 6 61
276 1465 2250
1465 276 2250
2250 276 1465
995 1486 2377
2377 995 1486
1486 995 2377
439 308 1027
1027 308 439
308 439 1027
1168 2019 2317
2317 1168 2019
2019 1168 2317
470 1212 1556
1556 470 1212
1212 470 1556
737 838 1233
838 737 1233
1233 737 838
56 1281 1314
1314 56 1281
1281 56 1314
2943 1148 2218
1148 2218 2943
2218 1148 2943
1097 2609 2774
2609 1097 2774
2774 1097 2609
2815 175 1672
175 1672 2815
1672 175 2815
1476 636 1145
636 1145 1476
1145 636 1476
1228 2146 2919
2919 1228 2146
2146 1228 2919
2887 1595 2371
2371 1595 2887
1595 2371 2887
1167 188 1243
1243 188 1167
188 1167 1243
1524 1326 1357
1357 1326 1524
1326 1357 1524
1851 684 776
776 684 1851
684 776 1851
353 174 1104
1104 174 353
174 353 1104
371 1458 2036
2036 371 1458
1458 371 2036
955 2186 2974
2974 955 2186
2186 955 2974
1267 1861 2813
1861 1267 2813
2813 1267 1861
1259 537 2221
2221 537 1259
537 1259 2221
2135 626 923
923 626 2135
626 923 2135
643 863 2909
863 643 2909
2909 643 863
137 321 2790
2790 137 321
321 137 2790
2840 890 1949
1949 890 2840
890 1949 2840
892 2170 2753
2170 892 2753
2753 892 2170
601 1828 2578
1828 601 2578
2578 601 1828
2333 515 520
520 515 2333
515 520 2333
1910 1749 2128
2128 1749 1910
1749 1910 2128
1263 356 2913
356 1263 2913
2913 356 1263
2262 111 2835
111 2262 2835
2835 111 2262
451 2080 2287
2080 451 2287
2287 451 2080
2961 697 1209
1209 697 2961
697 1209 2961
1480 128 2872
2872 128 1480
128 1480 2872
1800 829 2734
2734 829 1800
829 1800 2734
1274 1023 2263
2263 1023 1274
1023 1274 2263
2389 1579 2822
1579 2389 2822
2822 1579 2389
442 471 1393
471 442 1393
1393 442 471
38 1694 1707
1694 38 1707
1707 38 1694
951 512 827
827 512 951
512 827 951
1469 1345 2230
2230 1345 1469
1345 1469 2230
1376 142 2952
2952 142 1376
142 1376 2952
766 317 1129
317 766 1129
1129 317 766
1157 224 1388
224 1157 1388
1388 224 1157
898 2841 2942
2841 898 2942
2942 898 2841
2384 2460 2971
2971 2384 2460
2460 2384 2971
216 1221 2139
2139 216 1221
1221 216 2139
1882 2242 2303
2242 1882 2303
2303 1882 2242
1053 294 2904
294 1053 2904
2904 294 1053
777 865 2497
865 777 2497
2497 777 865
583 780 1815
780 583 1815
1815 583 780
186 507 2279
507 186 2279
2279 186 507
985 2555 2673
2555 985 2673
2673 985 2555
2066 2220 2962
2220 2066 2962
2962 2066 2220
1680 1352 2257
1352 1680 2257
2257 1352 1680
2528 338 2131
2131 338 2528
338 2131 2528
498 1679 2058
1679 498 2058
2058 498 1679
1365 2408 2811
2408 1365 2811
2811 1365 2408
2828 2225 2890
2225 2828 2890
2890 2225 2828
2889 1286 2307
2307 1286 2889
1286 2307 2889
1801 725 1867
725 1801 1867
1867 725 1801
2183 673 1527
673 1527 2183
1527 673 2183
2364 84 1547
84 1547 2364
1547 84 2364
1269 959 2606
959 1269 2606
2606 959 1269
1852 194 2707
2707 194 1852
194 1852 2707
1675 1105 1667
1105 1667 1675
1667 1105 1675
1330 755 2476
755 1330 2476
2476 755 1330
1154 1195 2972
1195 1154 2972
2972 1154 1195
2821 502 2008
502 2008 2821
2008 502 2821
2926 1507 1930
1507 1930 2926
1930 1507 2926
363 192 1494
1494 192 363
192 363 1494
554 1054 2533
1054 554 2533
2533 554 1054
2156 1920 2551
2551 1920 2156
1920 2156 2551
1862 57 2435
57 1862 2435
2435 57 1862
2587 1295 2412
2412 1295 2587
1295 2412 2587
1516 2212 2648
2648 1516 2212
2212 1516 2648
1767 1055 2850
2850 1055 1767
1055 1767 2850
749 778 1872
778 749 1872
1872 749 778
210 426 1340
426 210 1340
1340 210 426
990 2453 2858
2858 990 2453
2453 990 2858
2778 1042 1845
1845 1042 2778
1042 1845 2778
2714 826 897
897 826 2714
826 897 2714
1892 473 2798
2798 473 1892
473 1892 2798
1184 1203 1761
1203 1184 1761
1761 1184 1203
895 2165 2600
2165 895 2600
2600 895 2165
1634 1231 1704
1231 1634 1704
1704 1231 1634
2538 2012 2949
2012 2538 2949
2949 2012 2538
1096 758 2987
2987 758 1096
758 1096 2987
2040 901 2539
2539 901 2040
901 2040 2539
1459 209 1978
1978 209 1459
209 1459 1978
1988 1576 1868
1576 1868 1988
1868 1576 1988
1082 1614 1745
1745 1082 1614
1614 1082 1745
1076 82 2755
2755 82 1076
82 1076 2755
2519 2459 2781
2459 2519 2781
2781 2459 2519
63 433 957
957 63 433
433 63 957
1566 291 2659
291 1566 2659
2659 291 1566
2645 2290 2562
2290 2562 2645
2562 2290 2645
928 1809 2703
1809 928 2703
2703 928 1809
2508 49 919
919 49 2508
49 919 2508
2596 1753 1874
1874 1753 2596
1753 1874 2596
625 305 2870
2870 305 625
305 625 2870
1058 2181 2355
2181 1058 2355
2355 1058 2181
695 1853 2295
2295 695 1853
1853 695 2295
1072 570 753
753 570 1072
570 753 1072
1176 1161 2255
2255 1161 1176
1161 1176 2255
1934 1926 2515
2515 1926 1934
1926 1934 2515
324 161 790
161 324 790
790 161 324
606 240 1384
1384 240 606
240 606 1384
449 1454 2062
1454 449 2062
2062 449 1454
2878 1864 2929
2929 1864 2878
1864 2878 2929
429 1734 2409
1734 429 2409
2409 429 1734
2558 494 1248
494 1248 2558
1248 494 2558
2892 1322 1599
1322 1599 2892
1599 1322 2892
1113 850 2695
2695 850 1113
850 1113 2695
1453 1122 2032
2032 1122 1453
1122 1453 2032
1430 2546 2976
2976 1430 2546
2546 1430 2976
555 24 2025
2025 24 555
24 555 2025
546 1685 2269
1685 546 2269
2269 546 1685
855 1308 2085
2085 855 1308
1308 855 2085
2130 90 1514
1514 90 2130
90 1514 2130
2517 1698 2011
2011 1698 2517
1698 2011 2517
73 1202 2451
1202 73 2451
2451 73 1202
270 1912 1915
1915 270 1912
1912 270 1915
2386 1242 1460
1242 1460 2386
1460 1242 2386
2327 343 2975
2975 343 2327
343 2327 2975
357 1835 2346
2346 357 1835
1835 357 2346
2857 1456 2690
2690 1456 2857
1456 2690 2857
438 195 1994
195 438 1994
1994 195 438
727 1123 1843
1843 727 1123
1123 727 1843
1032 130 361
130 361 1032
361 130 1032
2736 1505 1528
1528 1505 2736
1505 1528 2736
1932 1065 2445
1065 1932 2445
2445 1065 1932
2134 1008 1976
1976 1008 2134
1008 1976 2134
767 198 540
198 540 767
540 198 767
2277 268 1043
268 1043 2277
1043 268 2277
665 1665 1946
1946 665 1665
1665 665 1946
528 2252 2383
2252 528 2383
2383 528 2252
2812 796 1370
796 1370 2812
1370 796 2812
441 585 2162
585 441 2162
2162 441 585
1792 382 2708
382 1792 2708
2708 382 1792
2479 390 1272
390 1272 2479
1272 390 2479
847 362 2238
2238 362 847
362 847 2238
1214 255 831
831 255 1214
255 831 1214
2503 1080 1561
1561 1080 2503
1080 1561 2503
1273 1841 2745
1841 1273 2745
2745 1273 1841
660 1064 1914
1064 660 1914
1914 660 1064
160 605 2422
605 160 2422
2422 160 605
637 1278 1574
1574 637 1278
1278 637 1574
2161 401 651
651 401 2161
401 651 2161
141 535 1099
1099 141 535
535 141 1099
2540 1765 2827
2827 1765 2540
1765 2540 2827
1866 45 166
166 45 1866
45 166 1866
2086 2145 2874
2874 2086 2145
2145 2086 2874
1808 2418 2614
2418 1808 2614
2614 1808 2418
2305 821 2047
821 2047 2305
2047 821 2305
2414 11 526
11 526 2414
526 11 2414
95 1005 1229
1005 95 1229
1229 95 1005
1539 681 879
879 681 1539
681 879 1539
781 912 1980
912 781 1980
1980 781 912
680 2039 2415
2039 680 2415
2415 680 2039
1725 934 2053
934 1725 2053
2053 934 1725
1517 120 630
630 120 1517
120 630 1517
1715 176 2518
2518 176 1715
176 1715 2518
1132 516 1139
516 1132 1139
1139 516 1132
2425 235 1632
235 1632 2425
1632 235 2425
2817 1503 2710
1503 2710 2817
2710 1503 2817
1223 1662 2653
1662 1223 2653
2653 1223 1662
1886 1346 2531
2531 1346 1886
1346 1886 2531
2682 307 2499
307 2499 2682
2499 307 2682
2885 313 2985
313 2885 2985
2985 313 2885
1750 34 1618
1618 34 1750
34 1618 1750
1189 104 1073
104 1073 1189
1073 104 1189
351 1315 1403
1403 351 1315
1315 351 1403
2895 728 2632
728 2632 2895
2632 728 2895
706 260 2198
260 706 2198
2198 260 706
2375 485 1260
1260 485 2375
485 1260 2375
2758 539 726
726 539 2758
539 726 2758
1824 910 1245
910 1245 1824
1245 910 1824
617 2387 2488
2488 617 2387
2387 617 2488
1128 662 2423
662 1128 2423
2423 662 1128
284 1060 2511
2511 284 1060
1060 284 2511
814 482 2934
2934 482 814
482 814 2934
1265 346 1109
346 1109 1265
1109 346 1265
1301 342 1513
1513 342 1301
342 1301 1513
2411 1001 2493
1001 2411 2493
2493 1001 2411
1044 456 2007
2007 456 1044
456 1044 2007
368 155 925
925 155 368
155 368 925
1512 475 1726
475 1512 1726
1726 475 1512
1806 2576 2721
2576 1806 2721
2721 1806 2576
2597 584 2676
2676 584 2597
584 2597 2676
2316 698 1925
698 1925 2316
1925 698 2316
1742 938 2674
2674 938 1742
938 1742 2674
1546 27 76
27 76 1546
76 27 1546
2308 1324 2879
1324 2308 2879
2879 1324 2308
1359 15 1130
1130 15 1359
15 1130 1359
17 1068 1300
1068 17 1300
1300 17 1068
1760 813 2359
813 1760 2359
2359 813 1760
715 459 1285
459 715 1285
1285 459 715
1727 1120 2836
2836 1120 1727
1120 1727 2836
930 261 1954
261 930 1954
1954 261 930
2103 334 1598
1598 334 2103
334 1598 2103
661 1483 1498
1498 661 1483
1483 661 1498
2980 102 2247
102 2247 2980
2247 102 2980
2123 735 2793
735 2123 2793
2793 735 2123
2602 982 1935
1935 982 2602
982 1935 2602
976 2506 2553
2506 976 2553
2553 976 2506
99 472 497
472 99 497
497 99 472
81 122 732
732 81 122
122 81 732
856 700 1959
1959 700 856
700 856 1959
2702 1452 2138
1452 2138 2702
2138 1452 2702
663 576 739
576 663 739
739 576 663
2856 311 2505
2505 311 2856
311 2505 2856
52 65 1941
65 52 1941
1941 52 65
2844 234 487
487 234 2844
234 487 2844
869 836 1735
1735 836 869
836 869 1735
2475 349 1155
1155 349 2475
349 1155 2475
1232 327 1087
1087 327 1232
327 1087 1232
2678 253 2995
2995 253 2678
253 2678 2995
2658 147 2382
147 2382 2658
2382 147 2658
1002 277 1394
277 1002 1394
1394 277 1002
2210 751 2565
751 2210 2565
2565 751 2210
1496 979 2902
2902 979 1496
979 1496 2902
2656 736 1900
1900 736 2656
736 1900 2656
2898 773 2366
773 2366 2898
2366 773 2898
1411 2803 2916
2803 1411 2916
2916 1411 2803
2613 1003 2014
1003 2014 2613
2014 1003 2613
1218 1084 1752
1084 1218 1752
1752 1084 1218
2520 597 1478
597 1478 2520
1478 597 2520
563 1079 1437
1437 563 1079
1079 563 1437
2481 997 2233
997 2233 2481
2233 997 2481
136 893 1564
1564 136 893
893 136 1564
320 269 2381
269 320 2381
2381 269 320
945 2205 2876
2205 945 2876
2876 945 2205
2026 1515 2448
1515 2026 2448
2448 1515 2026
1536 891 1013
1013 891 1536
891 1013 1536
72 1754 2595
1754 72 2595
2595 72 1754
600 5 201
5 201 600
201 5 600
2958 1142 2228
1142 2228 2958
2228 1142 2958
834 350 2281
2281 350 834
350 834 2281
2330 1015 1146
1146 1015 2330
1015 1146 2330
1717 156 1827
1827 156 1717
156 1717 1827
316 947 2169
2169 316 947
947 316 2169
1981 1347 1450
1450 1347 1981
1347 1450 1981
1776 1592 1645
1645 1592 1776
1592 1645 1776
2045 1037 1730
1037 1730 2045
1730 1037 2045
841 2022 2141
2141 841 2022
2022 841 2141
1329 1402 2687
2687 1329 1402
1402 1329 2687
1901 1067 2771
1067 1901 2771
2771 1067 1901
1426 2542 2649
2649 1426 2542
2542 1426 2649
704 1471 1654
1471 704 1654
1654 704 1471
1358 670 2883
2883 670 1358
670 1358 2883
2294 2581 2851
2581 2294 2851
2851 2294 2581
1320 1504 2049
1504 1320 2049
2049 1320 1504
2860 495 2379
495 2379 2860
2379 495 2860
1552 103 1511
103 1511 1552
1511 103 1552
2700 752 2340
2340 752 2700
752 2340 2700
393 868 1522
868 393 1522
1522 393 868
2801 1103 2622
2622 1103 2801
1103 2622 2801
1477 2038 2732
2732 1477 2038
2038 1477 2732
297 1406 2312
2312 297 1406
1406 297 2312
2668 1397 2507
2507 1397 2668
1397 2507 2668
1413 1219 2434
2434 1219 1413
1219 1413 2434
1422 477 2398
2398 477 1422
477 1422 2398
1039 106 1046
1046 106 1039
106 1039 1046
292 1153 1644
1644 292 1153
1153 292 1644
2626 259 1048
1048 259 2626
259 1048 2626
2094 1611 1924
1611 1924 2094
1924 1611 2094
2289 2463 2789
2463 2289 2789
2789 2289 2463
2871 1447 2854
1447 2854 2871
2854 1447 2871
1811 204 1440
204 1440 1811
1440 204 1811
1092 1945 2859
1945 1092 2859
2859 1092 1945
2677 1758 2090
2090 1758 2677
1758 2090 2677
1230 1567 2321
1567 1230 2321
2321 1230 1567
1534 303 2970
2970 303 1534
303 1534 2970
917 674 1785
1785 674 917
674 917 1785
1921 1151 2699
1151 1921 2699
2699 1151 1921
1246 2119 2589
2589 1246 2119
2119 1246 2589
2748 2206 2564
2564 2206 2748
2206 2564 2748
2834 1257 2727
2727 1257 2834
1257 2727 2834
1354 657 2251
657 1354 2251
2251 657 1354
2159 1731 2326
2326 1731 2159
1731 2159 2326
1331 1786 2557
1786 1331 2557
2557 1331 1786
1820 1342 2796
1342 1820 2796
2796 1342 1820
2374 110 1311
110 1311 2374
1311 110 2374
488 647 2731
647 488 2731
2731 488 647
621 655 1066
1066 621 655
655 621 1066
1938 355 2938
355 1938 2938
2938 355 1938
2560 907 2608
907 2560 2608
2608 907 2560
2270 798 1010
1010 798 2270
798 1010 2270
1791 1088 2361
2361 1088 1791
1088 1791 2361
644 1198 2417
2417 644 1198
1198 644 2417
2001 599 1193
599 1193 2001
1193 599 2001
1587 117 1355
1355 117 1587
117 1355 1587
1181 2592 2780
2780 1181 2592
2592 1181 2780
1960 705 1830
705 1830 1960
1830 705 1960
2000 360 989
989 360 2000
360 989 2000
1213 1544 1627
1627 1213 1544
1544 1213 1627
119 51 2201
2201 51 119
51 119 2201
2111 2084 2951
2951 2084 2111
2084 2111 2951
1575 1607 2088
1607 1575 2088
2088 1575 1607
417 1292 2430
1292 417 2430
2430 417 1292
2127 168 1832
168 1832 2127
1832 168 2127
1596 384 1165
384 1165 1596
1165 384 1596
2852 603 1226
603 1226 2852
1226 603 2852
306 1928 2490
2490 306 1928
1928 306 2490
2144 196 2922
2922 196 2144
196 2144 2922
1961 287 1424
287 1424 1961
1424 287 1961
1490 75 2018
2018 75 1490
75 1490 2018
437 1668 1878
1878 437 1668
1668 437 1878
2110 1399 2782
1399 2110 2782
2782 1399 2110
2345 281 367
281 367 2345
367 281 2345
1630 873 2101
873 1630 2101
2101 873 1630
1380 183 2747
2747 183 1380
183 1380 2747
711 2185 2583
2583 711 2185
2185 711 2583
238 140 1074
140 238 1074
1074 140 238
434 1964 2272
1964 434 2272
2272 434 1964
1391 1035 2762
2762 1035 1391
1035 1391 2762
154 1628 2905
1628 154 2905
2905 154 1628
1947 423 608
608 423 1947
423 608 1947
217 430 2644
2644 217 430
430 217 2644
2900 1705 2743
2743 1705 2900
1705 2743 2900
783 149 2063
2063 149 783
149 783 2063
2112 229 2061
2061 229 2112
229 2061 2112
2048 378 1837
378 1837 2048
1837 378 2048
2254 87 1075
1075 87 2254
87 1075 2254
408 145 522
145 408 522
522 145 408
1253 2117 2936
2936 1253 2117
2117 1253 2936
1247 884 2256
884 1247 2256
2256 884 1247
1996 212 1059
1059 212 1996
212 1059 1996
1591 820 1784
1784 820 1591
820 1591 1784
2071 1047 2029
1047 2029 2071
2029 1047 2071
223 1078 2953
1078 223 2953
2953 223 1078
2464 460 1036
460 1036 2464
1036 460 2464
1180 78 991
991 78 1180
78 991 1180
1601 173 2992
2992 173 1601
173 1601 2992
2436 746 2927
746 2436 2927
2927 746 2436
478 678 779
678 478 779
779 478 678
942 2410 2981
2410 942 2981
2981 942 2410
619 569 724
569 619 724
724 569 619
2421 431 1769
431 1769 2421
1769 431 2421
1019 2079 2217
2079 1019 2217
2217 1019 2079
1605 2115 2224
2224 1605 2115
2115 1605 2224
1333 1714 2057
1714 1333 2057
2057 1333 1714
1768 1425 2763
1425 1768 2763
2763 1425 1768
377 185 219
219 185 377
185 219 377
272 633 2017
2017 272 633
633 272 2017
2268 1343 1467
1343 1467 2268
1467 1343 2268
407 1116 2605
2605 407 1116
1116 407 2605
1648 227 2877
227 1648 2877
2877 227 1648
348 2043 2420
2420 348 2043
2043 348 2420
905 322 2956
322 905 2956
2956 322 905
2246 1164 2709
1164 2246 2709
2709 1164 2246
113 975 1240
975 113 1240
1240 113 975
411 687 2121
2121 411 687
687 411 2121
2603 2842 2918
2842 2603 2918
2918 2603 2842
2569 215 1170
215 1170 2569
1170 215 2569
2869 3 2486
2486 3 2869
3 2486 2869
274 1957 2848
2848 274 1957
1957 274 2848
446 1119 2147
2147 446 1119
1119 446 2147
2473 1706 1956
1956 1706 2473
1706 1956 2473
886 903 1965
1965 886 903
903 886 1965
344 658 2292
2292 344 658
658 344 2292
623 2030 2469
2030 623 2469
2469 623 2030
2726 333 2933
333 2726 2933
2933 333 2726
973 1407 2195
1407 973 2195
2195 973 1407
642 629 2331
2331 629 642
629 642 2331
1382 672 2437
672 1382 2437
2437 672 1382
2537 1147 2059
2059 1147 2537
1147 2059 2537
2336 13 722
13 722 2336
722 13 2336
1289 702 2559
702 1289 2559
2559 702 1289
1849 874 2950
2950 874 1849
874 1849 2950
312 1371 1647
1647 312 1371
1371 312 1647
436 1270 2526
2526 436 1270
1270 436 2526
254 48 885
885 48 254
48 254 885
2271 1409 2947
2947 1409 2271
1409 2271 2947
929 710 2997
710 929 2997
2997 710 929
347 1443 2243
2243 347 1443
1443 347 2243
445 1473 2466
2466 445 1473
1473 445 2466
508 345 2067
2067 345 508
345 508 2067
1620 1541 2093
2093 1541 1620
1541 1620 2093
2802 1940 2296
2296 1940 2802
1940 2296 2802
2570 220 2191
220 2191 2570
2191 220 2570
2405 148 455
148 455 2405
455 148 2405
265 906 1379
906 265 1379
1379 265 906
2406 278 581
278 581 2406
581 278 2406
1006 491 2516
2516 491 1006
491 1006 2516
416 770 2675
2675 416 770
770 416 2675
2998 953 2863
953 2863 2998
2863 953 2998
1995 797 1559
797 1559 1995
1559 797 1995
556 1159 2986
2986 556 1159
1159 556 2986
2849 1127 1395
1127 1395 2849
1395 1127 2849
2532 2175 2722
2722 2175 2532
2175 2532 2722
1880 807 1028
1028 807 1880
807 1028 1880
2829 432 2180
432 2180 2829
2180 432 2829
474 757 1963
1963 474 757
757 474 1963
2284 688 1283
1283 688 2284
688 1283 2284
300 2178 2662
2178 300 2662
2662 300 2178
2372 118 1366
1366 118 2372
118 1366 2372
1642 1739 2360
1739 1642 2360
2360 1642 1739
1481 132 1398
1398 132 1481
132 1398 1481
2891 325 1210
325 1210 2891
1210 325 2891
2244 293 1468
293 1468 2244
1468 293 2244
810 1012 1392
1392 810 1012
1012 810 1392
1427 552 1983
552 1427 1983
1983 552 1427
39 138 747
138 39 747
747 39 138
1138 1799 2089
2089 1138 1799
1799 1138 2089
1651 418 1056
1056 418 1651
418 1056 1651
2315 933 2990
933 2315 2990
2990 933 2315
1519 1917 2723
2723 1519 1917
1917 1519 2723
2164 1723 2209
2209 1723 2164
1723 2164 2209
233 339 2401
339 233 2401
2401 233 339
1623 1557 2226
1557 1623 2226
2226 1557 1623
2574 2310 2989
2989 2310 2574
2310 2574 2989
1571 1610 1777
1777 1571 1610
1610 1571 1777
1692 558 2461
558 1692 2461
2461 558 1692
1227 824 2353
824 1227 2353
2353 824 1227
1990 1699 2715
1699 1990 2715
2715 1699 1990
1434 2369 2642
2369 1434 2642
2642 1434 2369
1889 2188 2633
2633 1889 2188
2188 1889 2633
1903 1713 1772
1713 1772 1903
1772 1713 1903
2897 2954 2996
2996 2897 2954
2954 2897 2996
1737 298 2249
298 1737 2249
2249 298 1737
1865 654 2458
654 1865 2458
2458 654 1865
144 165 1856
1856 144 165
165 144 1856
2838 282 1905
1905 282 2838
282 1905 2838
1625 247 568
247 568 1625
568 247 1625
1280 1686 1975
1975 1280 1686
1686 1280 1975
461 833 2265
2265 461 833
833 461 2265
2429 709 1293
709 1293 2429
1293 709 2429
1367 1673 2396
2396 1367 1673
1673 1367 2396
71 1462 2667
2667 71 1462
1462 71 2667
686 876 2552
2552 686 876
876 686 2552
1334 1432 2157
1432 1334 2157
2157 1334 1432
2313 782 2194
2194 782 2313
782 2194 2313
2666 787 2899
2899 787 2666
787 2666 2899
1234 1804 2407
2407 1234 1804
1804 1234 2407
421 251 2719
251 421 2719
2719 251 421
1703 713 1923
1923 713 1703
713 1703 1923
1368 848 2820
848 1368 2820
2820 848 1368
202 531 1442
531 202 1442
1442 202 531
326 43 889
43 326 889
889 43 326
1112 44 723
44 723 1112
723 44 1112
2365 83 551
551 83 2365
83 551 2365
107 1372 2496
1372 107 2496
2496 107 1372
501 999 1429
999 501 1429
1429 501 999
2241 785 2467
2467 785 2241
785 2241 2467
200 1659 2509
1659 200 2509
2509 200 1659
1264 1922 2037
2037 1264 1922
1922 1264 2037
864 1812 2376
1812 864 2376
2376 864 1812
2825 650 2955
2955 650 2825
650 2825 2955
2446 1859 2594
1859 2446 2594
2594 1859 2446
2070 517 2245
517 2070 2245
2245 517 2070
1664 1764 2031
1764 1664 2031
2031 1664 1764
2604 68 332
68 332 2604
332 68 2604
1275 582 1646
1646 582 1275
582 1275 1646
1487 499 894
499 894 1487
894 499 1487
250 2545 2994
2994 250 2545
2545 250 2994
1697 1788 2765
2765 1697 1788
1788 1697 2765
635 786 2754
2754 635 786
786 635 2754
2483 1433 1789
1433 1789 2483
1789 1433 2483
1201 1743 2740
1743 1201 2740
2740 1201 1743
2646 2298 2454
2298 2454 2646
2454 2298 2646
1101 41 980
41 980 1101
980 41 1101
2837 263 703
263 703 2837
703 263 2837
376 839 2055
2055 376 839
839 376 2055
866 1050 1720
1720 866 1050
1050 866 1720
745 1014 2419
2419 745 1014
1014 745 2419
2680 288 676
676 288 2680
288 676 2680
2077 29 613
613 29 2077
29 613 2077
1415 748 1297
748 1297 1415
1297 748 1415
1538 1131 1373
1373 1131 1538
1131 1373 1538
2867 1446 2893
1446 2867 2893
2893 1446 2867
329 708 1540
708 329 1540
1540 329 708
2647 1144 1606
1606 1144 2647
1144 1606 2647
1187 2 2362
2 1187 2362
2362 2 1187
1549 248 967
248 967 1549
967 248 1549
2311 828 2199
828 2199 2311
2199 828 2311
1695 816 2932
816 1695 2932
2932 816 1695
2654 400 2404
2404 400 2654
400 2404 2654
2725 2323 2525
2323 2525 2725
2525 2323 2725
2799 2304 2320
2320 2304 2799
2304 2320 2799
2106 1276 1913
1276 1913 2106
1913 1276 2106
2925 1282 2042
2042 1282 2925
1282 2042 2925
85 671 1937
671 85 1937
1937 85 671
2621 505 1616
1616 505 2621
505 1616 2621
1919 2368 2965
2368 1919 2965
2965 1919 2368
571 944 2397
944 571 2397
2397 571 944
399 768 1049
768 399 1049
1049 399 768
591 801 2391
2391 591 801
801 591 2391
2016 586 2393
586 2016 2393
2393 586 2016
1182 1558 1770
1770 1182 1558
1558 1182 1770
784 763 1420
763 784 1420
1420 763 784
1369 479 2010
2010 479 1369
479 1369 2010
16 639 1034
639 16 1034
1034 16 639
1840 1499 2260
1499 1840 2260
2260 1499 1840
2443 2441 2447
2447 2441 2443
2441 2443 2447
385 443 2901
443 385 2901
2901 385 443
1569 1436 2347
1436 1569 2347
2347 1436 1569
2214 690 1656
690 1656 2214
1656 690 2214
369 1482 2264
1482 369 2264
2264 369 1482
1419 412 484
412 484 1419
484 412 1419
565 180 1141
180 565 1141
1141 180 565
2575 309 1816
309 1816 2575
1816 309 2575
476 1110 2619
1110 476 2619
2619 476 1110
1222 91 2580
2580 91 1222
91 1222 2580
1431 1508 2076
2076 1431 1508
1508 1431 2076
100 2385 2777
2777 100 2385
2385 100 2777
2684 1943 2973
1943 2684 2973
2973 1943 2684
920 1310 2133
1310 920 2133
2133 920 1310
427 1502 2717
1502 427 2717
2717 427 1502
328 490 2679
490 328 2679
2679 328 490
1751 1250 2783
1250 1751 2783
2783 1250 1751
1795 164 566
566 164 1795
164 566 1795
1969 1177 1523
1523 1177 1969
1177 1523 1969
1568 1418 2751
2751 1418 1568
1418 1568 2751
764 2636 2944
2944 764 2636
2636 764 2944
2450 453 1747
1747 453 2450
453 1747 2450
1771 2561 2705
2705 1771 2561
2561 1771 2705
2432 285 2957
2957 285 2432
285 2432 2957
55 1746 2373
1746 55 2373
2373 55 1746
1410 454 1500
454 1410 1500
1500 454 1410
1009 1584 2413
2413 1009 1584
1584 1009 2413
304 1057 1489
1489 304 1057
1057 304 1489
718 468 2064
468 718 2064
2064 468 718
2701 628 2843
2843 628 2701
628 2701 2843
2741 714 2142
2142 714 2741
714 2142 2741
135 759 2651
759 135 2651
2651 135 759
2172 1860 2334
1860 2172 2334
2334 1860 2172
543 489 2211
2211 489 543
489 543 2211
1631 458 1847
1847 458 1631
458 1631 1847
803 1918 2683
1918 803 2683
2683 803 1918
457 380 1143
1143 380 457
380 457 1143
1111 809 2491
2491 809 1111
809 1111 2491
1325 656 2098
2098 656 1325
656 1325 2098
206 2696 2819
2696 206 2819
2819 206 2696
965 1488 1793
1793 965 1488
1488 965 1793
1666 469 2610
2610 469 1666
469 1666 2610
2332 42 1893
1893 42 2332
42 1893 2332
2097 1902 2931
2931 1902 2097
1902 2097 2931
843 1107 2074
1107 843 2074
2074 843 1107
2100 1134 1160
1134 1160 2100
1160 1134 2100
2155 226 1451
226 1451 2155
1451 226 2155
564 1491 2749
2749 564 1491
1491 564 2749
2784 1472 2738
2738 1472 2784
1472 2738 2784
267 881 2988
2988 267 881
881 267 2988
2344 1172 1290
1290 1172 2344
1172 1290 2344
712 1461 2348
1461 712 2348
2348 712 1461
1125 1313 1826
1826 1125 1313
1313 1125 1826
28 366 1341
366 28 1341
1341 28 366
618 2148 2352
2148 618 2352
2352 618 2148
649 1362 2341
2341 649 1362
1362 649 2341
425 937 2237
2237 425 937
937 425 2237
1254 789 1658
1658 789 1254
789 1254 1658
677 588 2082
2082 588 677
588 677 2082
575 420 1336
420 575 1336
1336 420 575
1857 550 2788
2788 550 1857
550 1857 2788
370 1590 1876
1876 370 1590
1590 370 1876
189 1238 1899
1238 189 1899
1899 189 1238
634 668 1987
1987 634 668
668 634 1987
2513 447 1814
1814 447 2513
447 1814 2513
64 679 1445
679 64 1445
1445 64 679
2335 1533 2941
1533 2335 2941
2941 1533 2335
2350 927 1950
927 1950 2350
1950 927 2350
1421 337 1332
337 1332 1421
1332 337 1421
682 765 2190
765 682 2190
2190 682 765
1162 358 659
659 358 1162
358 659 1162
1572 53 2274
53 1572 2274
2274 53 1572
2248 1744 2692
1744 2248 2692
2692 1744 2248
1844 719 1955
719 1844 1955
1955 719 1844
1871 1660 1790
1790 1660 1871
1660 1790 1871
121 692 1700
692 121 1700
1700 121 692
2215 230 1603
1603 230 2215
230 1603 2215
93 2051 2099
2099 93 2051
2051 93 2099
1759 150 1738
1738 150 1759
150 1738 1759
791 683 744
744 683 791
683 744 791
2618 1018 1191
1191 1018 2618
1018 1191 2618
716 336 1638
1638 336 716
336 716 1638
18 129 854
854 18 129
129 18 854
1875 94 2960
2960 94 1875
94 1875 2960
239 2149 2855
2855 239 2149
2149 239 2855
379 97 2588
97 379 2588
2588 97 379
2712 2105 2664
2664 2105 2712
2105 2664 2712
1118 2073 2977
2977 1118 2073
2073 1118 2977
534 1936 2800
2800 534 1936
1936 534 2800
1585 1316 1858
1316 1585 1858
1858 1316 1585
872 542 1944
542 872 1944
1944 542 872
1396 909 1676
1676 909 1396
909 1396 1676
1026 1363 2554
2554 1026 1363
1363 1026 2554
435 1890 2204
1890 435 2204
2204 435 1890
1085 996 2319
996 1085 2319
2319 996 1085
2465 242 2685
242 2465 2685
2685 242 2465
2522 840 2652
840 2522 2652
2652 840 2522
172 1780 2258
1780 172 2258
2258 172 1780
231 598 730
598 231 730
730 231 598
648 1855 2832
2832 648 1855
1855 648 2832
2227 131 815
131 815 2227
815 131 2227
913 1021 1338
1021 913 1338
1338 913 1021
1344 405 1033
1033 405 1344
405 1033 1344
1532 1294 2688
2688 1294 1532
1294 1532 2688
2638 396 1484
396 1484 2638
1484 396 2638
645 707 1588
707 645 1588
1588 645 707
1825 946 1493
946 1493 1825
1493 946 1825
1909 561 2168
561 1909 2168
2168 561 1909
2643 2293 2910
2910 2293 2643
2293 2643 2910
1684 1163 1805
1163 1684 1805
1805 1163 1684
878 579 918
918 579 878
579 878 918
2983 1670 2283
2283 1670 2983
1670 2283 2983
1208 503 2757
2757 503 1208
503 1208 2757
593 2440 2737
2737 593 2440
2440 593 2737
151 1968 2158
1968 151 2158
2158 151 1968
762 1090 2126
2126 762 1090
1090 762 2126
2534 2896 2917
2896 2534 2917
2917 2534 2896
1374 249 1408
1408 249 1374
249 1374 1408
2908 794 2187
794 2187 2908
2187 794 2908
1150 544 2075
544 1150 2075
2075 544 1150
1624 1757 2616
1757 1624 2616
2616 1624 1757
125 252 1179
252 125 1179
1179 125 252
1663 481 2358
2358 481 1663
481 1663 2358
2536 496 1069
496 1069 2536
1069 496 2536
1115 14 2912
14 1115 2912
2912 14 1115
602 1216 2718
2718 602 1216
1216 602 2718
1677 335 1984
335 1677 1984
1984 335 1677
2239 330 2572
330 2239 2572
2572 330 2239
580 2394 2903
2394 580 2903
2903 580 2394
1217 2468 2861
2861 1217 2468
2468 1217 2861
2275 2052 2174
2174 2052 2275
2052 2174 2275
2457 1729 2939
1729 2457 2939
2939 1729 2457
323 720 2940
720 323 2940
2940 323 720
1117 116 2582
116 1117 2582
2582 116 1117
295 916 2444
2444 295 916
916 295 2444
2776 538 1967
538 1967 2776
1967 538 2776
187 1602 2151
1602 187 2151
2151 187 1602
2625 573 1007
1007 573 2625
573 1007 2625
2598 2301 2795
2795 2301 2598
2301 2598 2795
2845 1405 2521
1405 2521 2845
2521 1405 2845
1895 123 936
936 123 1895
123 936 1895
2009 1041 1444
1444 1041 2009
1041 1444 2009
101 1305 1563
1305 101 1563
1563 101 1305
466 1848 2586
2586 466 1848
1848 466 2586
2547 271 632
